! =====================================================================
! Malha FEM Q4 — Cantilever L=10, H=1, engaste em x=0
! Benchmark: vibração livre (plano de tensões/deformações)
! Formato: nnodes  nelem  k_order  ndof
! =====================================================================
27  16  1  2

! Coordenadas dos nos [X] [Y]
0.00000000  0.00000000
1.25000000  0.00000000
2.50000000  0.00000000
3.75000000  0.00000000
5.00000000  0.00000000
6.25000000  0.00000000
7.50000000  0.00000000
8.75000000  0.00000000
10.00000000  0.00000000
0.00000000  0.50000000
1.25000000  0.50000000
2.50000000  0.50000000
3.75000000  0.50000000
5.00000000  0.50000000
6.25000000  0.50000000
7.50000000  0.50000000
8.75000000  0.50000000
10.00000000  0.50000000
0.00000000  1.00000000
1.25000000  1.00000000
2.50000000  1.00000000
3.75000000  1.00000000
5.00000000  1.00000000
6.25000000  1.00000000
7.50000000  1.00000000
8.75000000  1.00000000
10.00000000  1.00000000

! Conectividade (anti-horario): n_en + lista
4
1  2  11  10
4
2  3  12  11
4
3  4  13  12
4
4  5  14  13
4
5  6  15  14
4
6  7  16  15
4
7  8  17  16
4
8  9  18  17
4
10  11  20  19
4
11  12  21  20
4
12  13  22  21
4
13  14  23  22
4
14  15  24  23
4
15  16  25  24
4
16  17  26  25
4
17  18  27  26

! Dirichlet: engaste em x=0 (ux=uy=0)
6
1  1  0.0
1  2  0.0
10  1  0.0
10  2  0.0
19  1  0.0
19  2  0.0

! Molas
0
