! =====================================================================
! Malha VEM k=1 — Cantilever L=10, H=1, engaste em x=0
! Mesma geometria do benchmark FEM (poligonos = quads)
! Formato: nnodes  nelem  k_order  ndof
! =====================================================================
27  16  1  2

! Nos: X  Y  type_id  (1=vertice)
0.00000000  0.00000000  1
1.25000000  0.00000000  1
2.50000000  0.00000000  1
3.75000000  0.00000000  1
5.00000000  0.00000000  1
6.25000000  0.00000000  1
7.50000000  0.00000000  1
8.75000000  0.00000000  1
10.00000000  0.00000000  1
0.00000000  0.50000000  1
1.25000000  0.50000000  1
2.50000000  0.50000000  1
3.75000000  0.50000000  1
5.00000000  0.50000000  1
6.25000000  0.50000000  1
7.50000000  0.50000000  1
8.75000000  0.50000000  1
10.00000000  0.50000000  1
0.00000000  1.00000000  1
1.25000000  1.00000000  1
2.50000000  1.00000000  1
3.75000000  1.00000000  1
5.00000000  1.00000000  1
6.25000000  1.00000000  1
7.50000000  1.00000000  1
8.75000000  1.00000000  1
10.00000000  1.00000000  1

! Conectividade: n_nodes + lista (anti-horario)
4
1  2  11  10
4
2  3  12  11
4
3  4  13  12
4
4  5  14  13
4
5  6  15  14
4
6  7  16  15
4
7  8  17  16
4
8  9  18  17
4
10  11  20  19
4
11  12  21  20
4
12  13  22  21
4
13  14  23  22
4
14  15  24  23
4
15  16  25  24
4
16  17  26  25
4
17  18  27  26

! Dirichlet: engaste em x=0
6
1  1  0.0
1  2  0.0
10  1  0.0
10  2  0.0
19  1  0.0
19  2  0.0

! Molas
0
