# Gnuplot Deformed Mesh Archive
# X_deformed              Y_deformed
    5.56021786362452E+03    1.28874476630653E+03
    5.56117253627365E+03    1.28808691307803E+03
    5.56120905948006E+03    1.28868824705798E+03
    5.56021786362452E+03    1.28874476630653E+03


    5.56021786362452E+03    1.28874476630653E+03
    5.56017590821821E+03    1.28814245841203E+03
    5.56117253627365E+03    1.28808691307803E+03
    5.56021786362452E+03    1.28874476630653E+03


    5.56120905948006E+03    1.28868824705798E+03
    5.56217256060244E+03    1.28803753498901E+03
    5.56221039085120E+03    1.28863726158853E+03
    5.56120905948006E+03    1.28868824705798E+03


    5.56120905948006E+03    1.28868824705798E+03
    5.56117253627365E+03    1.28808691307803E+03
    5.56217256060244E+03    1.28803753498901E+03
    5.56120905948006E+03    1.28868824705798E+03


    5.56221039085120E+03    1.28863726158853E+03
    5.56317663120434E+03    1.28797853998230E+03
    5.56322204559813E+03    1.28857663282553E+03
    5.56221039085120E+03    1.28863726158853E+03


    5.56221039085120E+03    1.28863726158853E+03
    5.56217256060244E+03    1.28803753498901E+03
    5.56317663120434E+03    1.28797853998230E+03
    5.56221039085120E+03    1.28863726158853E+03


    5.55723920527444E+03    1.28900349253852E+03
    5.55818448299960E+03    1.28831185156240E+03
    5.55823714772614E+03    1.28891206341907E+03
    5.55723920527444E+03    1.28900349253852E+03


    5.55723920527444E+03    1.28900349253852E+03
    5.55718534259401E+03    1.28840379754209E+03
    5.55818448299960E+03    1.28831185156240E+03
    5.55723920527444E+03    1.28900349253852E+03


    5.55823714772614E+03    1.28891206341907E+03
    5.55918139390704E+03    1.28822201485129E+03
    5.55923014778569E+03    1.28882310974585E+03
    5.55823714772614E+03    1.28891206341907E+03


    5.55823714772614E+03    1.28891206341907E+03
    5.55818448299960E+03    1.28831185156240E+03
    5.55918139390704E+03    1.28822201485129E+03
    5.55823714772614E+03    1.28891206341907E+03


    5.56799029420886E+03    1.28753145579943E+03
    5.56804849089218E+03    1.28813124440060E+03
    5.56644611606101E+03    1.28828788449839E+03
    5.56799029420886E+03    1.28753145579943E+03


    5.56638880199775E+03    1.28768853620864E+03
    5.56799029420886E+03    1.28753145579943E+03
    5.56644611606101E+03    1.28828788449839E+03
    5.56638880199775E+03    1.28768853620864E+03


    5.56638880199775E+03    1.28768853620864E+03
    5.56644611606101E+03    1.28828788449839E+03
    5.56483744352015E+03    1.28844017891323E+03
    5.56638880199775E+03    1.28768853620864E+03


    5.56478392182816E+03    1.28784148744034E+03
    5.56638880199775E+03    1.28768853620864E+03
    5.56483744352015E+03    1.28844017891323E+03
    5.56478392182816E+03    1.28784148744034E+03


    5.56478392182816E+03    1.28784148744034E+03
    5.56483744352015E+03    1.28844017891323E+03
    5.56322204559813E+03    1.28857663282553E+03
    5.56478392182816E+03    1.28784148744034E+03


    5.56317663120434E+03    1.28797853998230E+03
    5.56478392182816E+03    1.28784148744034E+03
    5.56322204559813E+03    1.28857663282553E+03
    5.56317663120434E+03    1.28797853998230E+03


    5.55923014778569E+03    1.28882310974585E+03
    5.56017590821821E+03    1.28814245841203E+03
    5.56021786362452E+03    1.28874476630653E+03
    5.55923014778569E+03    1.28882310974585E+03


    5.55923014778569E+03    1.28882310974585E+03
    5.55918139390704E+03    1.28822201485129E+03
    5.56017590821821E+03    1.28814245841203E+03
    5.55923014778569E+03    1.28882310974585E+03


    5.56017590821821E+03    1.28814245841203E+03
    5.56113330117639E+03    1.28748561215560E+03
    5.56117253627365E+03    1.28808691307803E+03
    5.56017590821821E+03    1.28814245841203E+03


    5.56017590821821E+03    1.28814245841203E+03
    5.56013158897971E+03    1.28753923526025E+03
    5.56113330117639E+03    1.28748561215560E+03
    5.56017590821821E+03    1.28814245841203E+03


    5.56117253627365E+03    1.28808691307803E+03
    5.56213231490463E+03    1.28743756240418E+03
    5.56217256060244E+03    1.28803753498901E+03
    5.56117253627365E+03    1.28808691307803E+03


    5.56117253627365E+03    1.28808691307803E+03
    5.56113330117639E+03    1.28748561215560E+03
    5.56213231490463E+03    1.28743756240418E+03
    5.56117253627365E+03    1.28808691307803E+03


    5.56217256060244E+03    1.28803753498901E+03
    5.56313007107775E+03    1.28738095604192E+03
    5.56317663120434E+03    1.28797853998230E+03
    5.56217256060244E+03    1.28803753498901E+03


    5.56217256060244E+03    1.28803753498901E+03
    5.56213231490463E+03    1.28743756240418E+03
    5.56313007107775E+03    1.28738095604192E+03
    5.56217256060244E+03    1.28803753498901E+03


    5.55718534259401E+03    1.28840379754209E+03
    5.55813226235971E+03    1.28771218551768E+03
    5.55818448299960E+03    1.28831185156240E+03
    5.55718534259401E+03    1.28840379754209E+03


    5.55718534259401E+03    1.28840379754209E+03
    5.55713197060711E+03    1.28780522084876E+03
    5.55813226235971E+03    1.28771218551768E+03
    5.55718534259401E+03    1.28840379754209E+03


    5.55818448299960E+03    1.28831185156240E+03
    5.55913234514894E+03    1.28762122673189E+03
    5.55918139390704E+03    1.28822201485129E+03
    5.55818448299960E+03    1.28831185156240E+03


    5.55818448299960E+03    1.28831185156240E+03
    5.55813226235971E+03    1.28771218551768E+03
    5.55913234514894E+03    1.28762122673189E+03
    5.55818448299960E+03    1.28831185156240E+03


    5.56793210415536E+03    1.28693130080455E+03
    5.56799029420886E+03    1.28753145579943E+03
    5.56638880199775E+03    1.28768853620864E+03
    5.56793210415536E+03    1.28693130080455E+03


    5.56633158282213E+03    1.28708884746872E+03
    5.56793210415536E+03    1.28693130080455E+03
    5.56638880199775E+03    1.28768853620864E+03
    5.56633158282213E+03    1.28708884746872E+03


    5.56633158282213E+03    1.28708884746872E+03
    5.56638880199775E+03    1.28768853620864E+03
    5.56478392182816E+03    1.28784148744034E+03
    5.56633158282213E+03    1.28708884746872E+03


    5.56473018446109E+03    1.28724218995046E+03
    5.56633158282213E+03    1.28708884746872E+03
    5.56478392182816E+03    1.28784148744034E+03
    5.56473018446109E+03    1.28724218995046E+03


    5.56473018446109E+03    1.28724218995046E+03
    5.56478392182816E+03    1.28784148744034E+03
    5.56317663120434E+03    1.28797853998230E+03
    5.56473018446109E+03    1.28724218995046E+03


    5.56313007107775E+03    1.28738095604192E+03
    5.56473018446109E+03    1.28724218995046E+03
    5.56317663120434E+03    1.28797853998230E+03
    5.56313007107775E+03    1.28738095604192E+03


    5.55918139390704E+03    1.28822201485129E+03
    5.56013158897971E+03    1.28753923526025E+03
    5.56017590821821E+03    1.28814245841203E+03
    5.55918139390704E+03    1.28822201485129E+03


    5.55918139390704E+03    1.28822201485129E+03
    5.55913234514894E+03    1.28762122673189E+03
    5.56013158897971E+03    1.28753923526025E+03
    5.55918139390704E+03    1.28822201485129E+03


    5.56013158897971E+03    1.28753923526025E+03
    5.56109646043192E+03    1.28688468425945E+03
    5.56113330117639E+03    1.28748561215560E+03
    5.56013158897971E+03    1.28753923526025E+03


    5.56013158897971E+03    1.28753923526025E+03
    5.56008462526025E+03    1.28693510393383E+03
    5.56109646043192E+03    1.28688468425945E+03
    5.56013158897971E+03    1.28753923526025E+03


    5.56113330117639E+03    1.28748561215560E+03
    5.56209606531639E+03    1.28683586099582E+03
    5.56213231490463E+03    1.28743756240418E+03
    5.56113330117639E+03    1.28748561215560E+03


    5.56113330117639E+03    1.28748561215560E+03
    5.56109646043192E+03    1.28688468425945E+03
    5.56209606531639E+03    1.28683586099582E+03
    5.56113330117639E+03    1.28748561215560E+03


    5.56213231490463E+03    1.28743756240418E+03
    5.56308070577133E+03    1.28678459842223E+03
    5.56313007107775E+03    1.28738095604192E+03
    5.56213231490463E+03    1.28743756240418E+03


    5.56213231490463E+03    1.28743756240418E+03
    5.56209606531639E+03    1.28683586099582E+03
    5.56308070577133E+03    1.28678459842223E+03
    5.56213231490463E+03    1.28743756240418E+03


    5.55713197060711E+03    1.28780522084876E+03
    5.55807826925894E+03    1.28711290903265E+03
    5.55813226235971E+03    1.28771218551768E+03
    5.55713197060711E+03    1.28780522084876E+03


    5.55713197060711E+03    1.28780522084876E+03
    5.55707727092014E+03    1.28720768808341E+03
    5.55807826925894E+03    1.28711290903265E+03
    5.55713197060711E+03    1.28780522084876E+03


    5.55813226235971E+03    1.28771218551768E+03
    5.55908078790495E+03    1.28702074767204E+03
    5.55913234514894E+03    1.28762122673189E+03
    5.55813226235971E+03    1.28771218551768E+03


    5.55813226235971E+03    1.28771218551768E+03
    5.55807826925894E+03    1.28711290903265E+03
    5.55908078790495E+03    1.28702074767204E+03
    5.55813226235971E+03    1.28771218551768E+03


    5.55776864120453E+03    1.28410334749588E+03
    5.55787388806334E+03    1.28510972978300E+03
    5.55687550971450E+03    1.28520962149429E+03
    5.55776864120453E+03    1.28410334749588E+03


    5.55776864120453E+03    1.28410334749588E+03
    5.55687550971450E+03    1.28520962149429E+03
    5.55677170324557E+03    1.28420467549116E+03
    5.55776864120453E+03    1.28410334749588E+03


    5.55787388806334E+03    1.28510972978300E+03
    5.55797909805740E+03    1.28611266875806E+03
    5.55697889437584E+03    1.28621053666530E+03
    5.55787388806334E+03    1.28510972978300E+03


    5.55787388806334E+03    1.28510972978300E+03
    5.55697889437584E+03    1.28621053666530E+03
    5.55687550971450E+03    1.28520962149429E+03
    5.55787388806334E+03    1.28510972978300E+03


    5.55797909805740E+03    1.28611266875806E+03
    5.55807826925894E+03    1.28711290903265E+03
    5.55707727092014E+03    1.28720768808341E+03
    5.55797909805740E+03    1.28611266875806E+03


    5.55797909805740E+03    1.28611266875806E+03
    5.55707727092014E+03    1.28720768808341E+03
    5.55697889437584E+03    1.28621053666530E+03
    5.55797909805740E+03    1.28611266875806E+03


    5.55876103563046E+03    1.28400514278635E+03
    5.55887038008359E+03    1.28501309202167E+03
    5.55787388806334E+03    1.28510972978300E+03
    5.55876103563046E+03    1.28400514278635E+03


    5.55876103563046E+03    1.28400514278635E+03
    5.55787388806334E+03    1.28510972978300E+03
    5.55776864120453E+03    1.28410334749588E+03
    5.55876103563046E+03    1.28400514278635E+03


    5.55887038008359E+03    1.28501309202167E+03
    5.55897942189311E+03    1.28601726909281E+03
    5.55797909805740E+03    1.28611266875806E+03
    5.55887038008359E+03    1.28501309202167E+03


    5.55887038008359E+03    1.28501309202167E+03
    5.55797909805740E+03    1.28611266875806E+03
    5.55787388806334E+03    1.28510972978300E+03
    5.55887038008359E+03    1.28501309202167E+03


    5.55897942189311E+03    1.28601726909281E+03
    5.55908078790495E+03    1.28702074767204E+03
    5.55807826925894E+03    1.28711290903265E+03
    5.55897942189311E+03    1.28601726909281E+03


    5.55897942189311E+03    1.28601726909281E+03
    5.55807826925894E+03    1.28711290903265E+03
    5.55797909805740E+03    1.28611266875806E+03
    5.55897942189311E+03    1.28601726909281E+03


    5.55974668421731E+03    1.28391189141352E+03
    5.55986888669519E+03    1.28491110128401E+03
    5.55887038008359E+03    1.28501309202167E+03
    5.55974668421731E+03    1.28391189141352E+03


    5.55974668421731E+03    1.28391189141352E+03
    5.55887038008359E+03    1.28501309202167E+03
    5.55876103563046E+03    1.28400514278635E+03
    5.55974668421731E+03    1.28391189141352E+03


    5.55986888669519E+03    1.28491110128401E+03
    5.55997913240688E+03    1.28592034903057E+03
    5.55897942189311E+03    1.28601726909281E+03
    5.55986888669519E+03    1.28491110128401E+03


    5.55986888669519E+03    1.28491110128401E+03
    5.55897942189311E+03    1.28601726909281E+03
    5.55887038008359E+03    1.28501309202167E+03
    5.55986888669519E+03    1.28491110128401E+03


    5.56627361814236E+03    1.28648889635866E+03
    5.56777402357937E+03    1.28532972025687E+03
    5.56787343513014E+03    1.28633077443771E+03
    5.56627361814236E+03    1.28648889635866E+03


    5.56627361814236E+03    1.28648889635866E+03
    5.56617391081004E+03    1.28548918955456E+03
    5.56777402357937E+03    1.28532972025687E+03
    5.56627361814236E+03    1.28648889635866E+03


    5.56467458278191E+03    1.28664247777816E+03
    5.56617391081004E+03    1.28548918955456E+03
    5.56627361814236E+03    1.28648889635866E+03
    5.56467458278191E+03    1.28664247777816E+03


    5.56467458278191E+03    1.28664247777816E+03
    5.56457401524178E+03    1.28564323473474E+03
    5.56617391081004E+03    1.28548918955456E+03
    5.56467458278191E+03    1.28664247777816E+03


    5.56308070577133E+03    1.28678459842223E+03
    5.56457401524178E+03    1.28564323473474E+03
    5.56467458278191E+03    1.28664247777816E+03
    5.56308070577133E+03    1.28678459842223E+03


    5.56308070577133E+03    1.28678459842223E+03
    5.56297149977384E+03    1.28579595312312E+03
    5.56457401524178E+03    1.28564323473474E+03
    5.56308070577133E+03    1.28678459842223E+03


    5.56617391081004E+03    1.28548918955456E+03
    5.56767209323378E+03    1.28432945706001E+03
    5.56777402357937E+03    1.28532972025687E+03
    5.56617391081004E+03    1.28548918955456E+03


    5.56617391081004E+03    1.28548918955456E+03
    5.56607077228778E+03    1.28449087226179E+03
    5.56767209323378E+03    1.28432945706001E+03
    5.56617391081004E+03    1.28548918955456E+03


    5.56457401524178E+03    1.28564323473474E+03
    5.56607077228778E+03    1.28449087226179E+03
    5.56617391081004E+03    1.28548918955456E+03
    5.56457401524178E+03    1.28564323473474E+03


    5.56457401524178E+03    1.28564323473474E+03
    5.56446725589288E+03    1.28464687232608E+03
    5.56607077228778E+03    1.28449087226179E+03
    5.56457401524178E+03    1.28564323473474E+03


    5.56297149977384E+03    1.28579595312312E+03
    5.56446725589288E+03    1.28464687232608E+03
    5.56457401524178E+03    1.28564323473474E+03
    5.56297149977384E+03    1.28579595312312E+03


    5.56297149977384E+03    1.28579595312312E+03
    5.56286116439898E+03    1.28480196199747E+03
    5.56446725589288E+03    1.28464687232608E+03
    5.56297149977384E+03    1.28579595312312E+03


    5.56787343513014E+03    1.28633077443771E+03
    5.56793210415536E+03    1.28693130080455E+03
    5.56633158282213E+03    1.28708884746872E+03
    5.56787343513014E+03    1.28633077443771E+03


    5.56627361814236E+03    1.28648889635866E+03
    5.56787343513014E+03    1.28633077443771E+03
    5.56633158282213E+03    1.28708884746872E+03
    5.56627361814236E+03    1.28648889635866E+03


    5.56627361814236E+03    1.28648889635866E+03
    5.56633158282213E+03    1.28708884746872E+03
    5.56473018446109E+03    1.28724218995046E+03
    5.56627361814236E+03    1.28648889635866E+03


    5.56467458278191E+03    1.28664247777816E+03
    5.56627361814236E+03    1.28648889635866E+03
    5.56473018446109E+03    1.28724218995046E+03
    5.56467458278191E+03    1.28664247777816E+03


    5.56607077228778E+03    1.28449087226179E+03
    5.56756837772971E+03    1.28333082503753E+03
    5.56767209323378E+03    1.28432945706001E+03
    5.56607077228778E+03    1.28449087226179E+03


    5.56607077228778E+03    1.28449087226179E+03
    5.56596574624383E+03    1.28349455486582E+03
    5.56756837772971E+03    1.28333082503753E+03
    5.56607077228778E+03    1.28449087226179E+03


    5.56446725589288E+03    1.28464687232608E+03
    5.56596574624383E+03    1.28349455486582E+03
    5.56607077228778E+03    1.28449087226179E+03
    5.56446725589288E+03    1.28464687232608E+03


    5.56446725589288E+03    1.28464687232608E+03
    5.56435918414342E+03    1.28365211987054E+03
    5.56596574624383E+03    1.28349455486582E+03
    5.56446725589288E+03    1.28464687232608E+03


    5.56286116439898E+03    1.28480196199747E+03
    5.56435918414342E+03    1.28365211987054E+03
    5.56446725589288E+03    1.28464687232608E+03
    5.56286116439898E+03    1.28480196199747E+03


    5.56286116439898E+03    1.28480196199747E+03
    5.56274442468992E+03    1.28380370268058E+03
    5.56435918414342E+03    1.28365211987054E+03
    5.56286116439898E+03    1.28480196199747E+03


    5.56467458278191E+03    1.28664247777816E+03
    5.56473018446109E+03    1.28724218995046E+03
    5.56313007107775E+03    1.28738095604192E+03
    5.56467458278191E+03    1.28664247777816E+03


    5.56308070577133E+03    1.28678459842223E+03
    5.56467458278191E+03    1.28664247777816E+03
    5.56313007107775E+03    1.28738095604192E+03
    5.56308070577133E+03    1.28678459842223E+03


    5.55913234514894E+03    1.28762122673189E+03
    5.56008462526025E+03    1.28693510393383E+03
    5.56013158897971E+03    1.28753923526025E+03
    5.55913234514894E+03    1.28762122673189E+03


    5.55913234514894E+03    1.28762122673189E+03
    5.55908078790495E+03    1.28702074767204E+03
    5.56008462526025E+03    1.28693510393383E+03
    5.55913234514894E+03    1.28762122673189E+03


    5.55997913240688E+03    1.28592034903057E+03
    5.56008462526025E+03    1.28693510393383E+03
    5.55908078790495E+03    1.28702074767204E+03
    5.55997913240688E+03    1.28592034903057E+03


    5.55997913240688E+03    1.28592034903057E+03
    5.55908078790495E+03    1.28702074767204E+03
    5.55897942189311E+03    1.28601726909281E+03
    5.55997913240688E+03    1.28592034903057E+03


    5.55974668421731E+03    1.28391189141352E+03
    5.56068885559660E+03    1.28327095710061E+03
    5.56071923414369E+03    1.28387463873567E+03
    5.55974668421731E+03    1.28391189141352E+03


    5.55974668421731E+03    1.28391189141352E+03
    5.55969641170785E+03    1.28331053675800E+03
    5.56068885559660E+03    1.28327095710061E+03
    5.55974668421731E+03    1.28391189141352E+03


    5.56071923414369E+03    1.28387463873567E+03
    5.56168650529359E+03    1.28324775927604E+03
    5.56171892860937E+03    1.28384828602511E+03
    5.56071923414369E+03    1.28387463873567E+03


    5.56071923414369E+03    1.28387463873567E+03
    5.56068885559660E+03    1.28327095710061E+03
    5.56168650529359E+03    1.28324775927604E+03
    5.56071923414369E+03    1.28387463873567E+03


    5.56171892860937E+03    1.28384828602511E+03
    5.56269228411572E+03    1.28320544317670E+03
    5.56274442468992E+03    1.28380370268058E+03
    5.56171892860937E+03    1.28384828602511E+03


    5.56171892860937E+03    1.28384828602511E+03
    5.56168650529359E+03    1.28324775927604E+03
    5.56269228411572E+03    1.28320544317670E+03
    5.56171892860937E+03    1.28384828602511E+03


    5.55677170324557E+03    1.28420467549116E+03
    5.55770904195741E+03    1.28349915823427E+03
    5.55776864120453E+03    1.28410334749588E+03
    5.55677170324557E+03    1.28420467549116E+03


    5.55677170324557E+03    1.28420467549116E+03
    5.55671150606923E+03    1.28360143442564E+03
    5.55770904195741E+03    1.28349915823427E+03
    5.55677170324557E+03    1.28420467549116E+03


    5.55776864120453E+03    1.28410334749588E+03
    5.55870431512675E+03    1.28339988517318E+03
    5.55876103563046E+03    1.28400514278635E+03
    5.55776864120453E+03    1.28410334749588E+03


    5.55776864120453E+03    1.28410334749588E+03
    5.55770904195741E+03    1.28349915823427E+03
    5.55870431512675E+03    1.28339988517318E+03
    5.55776864120453E+03    1.28410334749588E+03


    5.56750542227834E+03    1.28273250036310E+03
    5.56756837772971E+03    1.28333082503753E+03
    5.56596574624383E+03    1.28349455486582E+03
    5.56750542227834E+03    1.28273250036310E+03


    5.56590286838457E+03    1.28289765082354E+03
    5.56750542227834E+03    1.28273250036310E+03
    5.56596574624383E+03    1.28349455486582E+03
    5.56590286838457E+03    1.28289765082354E+03


    5.56590286838457E+03    1.28289765082354E+03
    5.56596574624383E+03    1.28349455486582E+03
    5.56435918414342E+03    1.28365211987054E+03
    5.56590286838457E+03    1.28289765082354E+03


    5.56429827254569E+03    1.28305658475582E+03
    5.56590286838457E+03    1.28289765082354E+03
    5.56435918414342E+03    1.28365211987054E+03
    5.56429827254569E+03    1.28305658475582E+03


    5.56429827254569E+03    1.28305658475582E+03
    5.56435918414342E+03    1.28365211987054E+03
    5.56274442468992E+03    1.28380370268058E+03
    5.56429827254569E+03    1.28305658475582E+03


    5.56269228411572E+03    1.28320544317670E+03
    5.56429827254569E+03    1.28305658475582E+03
    5.56274442468992E+03    1.28380370268058E+03
    5.56269228411572E+03    1.28320544317670E+03


    5.55876103563046E+03    1.28400514278635E+03
    5.55969641170785E+03    1.28331053675800E+03
    5.55974668421731E+03    1.28391189141352E+03
    5.55876103563046E+03    1.28400514278635E+03


    5.55876103563046E+03    1.28400514278635E+03
    5.55870431512675E+03    1.28339988517318E+03
    5.55969641170785E+03    1.28331053675800E+03
    5.55876103563046E+03    1.28400514278635E+03


    5.55969641170785E+03    1.28331053675800E+03
    5.56065239621058E+03    1.28266893987815E+03
    5.56068885559660E+03    1.28327095710061E+03
    5.55969641170785E+03    1.28331053675800E+03


    5.55969641170785E+03    1.28331053675800E+03
    5.55964875253045E+03    1.28270588921011E+03
    5.56065239621058E+03    1.28266893987815E+03
    5.55969641170785E+03    1.28331053675800E+03


    5.56068885559660E+03    1.28327095710061E+03
    5.56164939076829E+03    1.28264683037595E+03
    5.56168650529359E+03    1.28324775927604E+03
    5.56068885559660E+03    1.28327095710061E+03


    5.56068885559660E+03    1.28327095710061E+03
    5.56065239621058E+03    1.28266893987815E+03
    5.56164939076829E+03    1.28264683037595E+03
    5.56068885559660E+03    1.28327095710061E+03


    5.56168650529359E+03    1.28324775927604E+03
    5.56264243450100E+03    1.28260784331572E+03
    5.56269228411572E+03    1.28320544317670E+03
    5.56168650529359E+03    1.28324775927604E+03


    5.56168650529359E+03    1.28324775927604E+03
    5.56164939076829E+03    1.28264683037595E+03
    5.56264243450100E+03    1.28260784331572E+03
    5.56168650529359E+03    1.28324775927604E+03


    5.55671150606923E+03    1.28360143442564E+03
    5.55765001768759E+03    1.28289546564349E+03
    5.55770904195741E+03    1.28349915823427E+03
    5.55671150606923E+03    1.28360143442564E+03


    5.55671150606923E+03    1.28360143442564E+03
    5.55665128000085E+03    1.28299915065852E+03
    5.55765001768759E+03    1.28289546564349E+03
    5.55671150606923E+03    1.28360143442564E+03


    5.55770904195741E+03    1.28349915823427E+03
    5.55864941558790E+03    1.28279529105611E+03
    5.55870431512675E+03    1.28339988517318E+03
    5.55770904195741E+03    1.28349915823427E+03


    5.55770904195741E+03    1.28349915823427E+03
    5.55765001768759E+03    1.28289546564349E+03
    5.55864941558790E+03    1.28279529105611E+03
    5.55770904195741E+03    1.28349915823427E+03


    5.56744171703989E+03    1.28213462424495E+03
    5.56750542227834E+03    1.28273250036310E+03
    5.56590286838457E+03    1.28289765082354E+03
    5.56744171703989E+03    1.28213462424495E+03


    5.56583936915660E+03    1.28230085032047E+03
    5.56744171703989E+03    1.28213462424495E+03
    5.56590286838457E+03    1.28289765082354E+03
    5.56583936915660E+03    1.28230085032047E+03


    5.56583936915660E+03    1.28230085032047E+03
    5.56590286838457E+03    1.28289765082354E+03
    5.56429827254569E+03    1.28305658475582E+03
    5.56583936915660E+03    1.28230085032047E+03


    5.56423813900734E+03    1.28246005557611E+03
    5.56583936915660E+03    1.28230085032047E+03
    5.56429827254569E+03    1.28305658475582E+03
    5.56423813900734E+03    1.28246005557611E+03


    5.56423813900734E+03    1.28246005557611E+03
    5.56429827254569E+03    1.28305658475582E+03
    5.56269228411572E+03    1.28320544317670E+03
    5.56423813900734E+03    1.28246005557611E+03


    5.56264243450100E+03    1.28260784331572E+03
    5.56423813900734E+03    1.28246005557611E+03
    5.56269228411572E+03    1.28320544317670E+03
    5.56264243450100E+03    1.28260784331572E+03


    5.55870431512675E+03    1.28339988517318E+03
    5.55964875253045E+03    1.28270588921011E+03
    5.55969641170785E+03    1.28331053675800E+03
    5.55870431512675E+03    1.28339988517318E+03


    5.55870431512675E+03    1.28339988517318E+03
    5.55864941558790E+03    1.28279529105611E+03
    5.55964875253045E+03    1.28270588921011E+03
    5.55870431512675E+03    1.28339988517318E+03


    5.55964875253045E+03    1.28270588921011E+03
    5.56062184655552E+03    1.28206748400858E+03
    5.56065239621058E+03    1.28266893987815E+03
    5.55964875253045E+03    1.28270588921011E+03


    5.55964875253045E+03    1.28270588921011E+03
    5.55959922523921E+03    1.28209933806573E+03
    5.56062184655552E+03    1.28206748400858E+03
    5.55964875253045E+03    1.28270588921011E+03


    5.56065239621058E+03    1.28266893987815E+03
    5.56162046794816E+03    1.28204314941892E+03
    5.56164939076829E+03    1.28264683037595E+03
    5.56065239621058E+03    1.28266893987815E+03


    5.56065239621058E+03    1.28266893987815E+03
    5.56062184655552E+03    1.28206748400858E+03
    5.56162046794816E+03    1.28204314941892E+03
    5.56065239621058E+03    1.28266893987815E+03


    5.56164939076829E+03    1.28264683037595E+03
    5.56258945547920E+03    1.28201247779771E+03
    5.56264243450100E+03    1.28260784331572E+03
    5.56164939076829E+03    1.28264683037595E+03


    5.56164939076829E+03    1.28264683037595E+03
    5.56162046794816E+03    1.28204314941892E+03
    5.56258945547920E+03    1.28201247779771E+03
    5.56164939076829E+03    1.28264683037595E+03


    5.55665128000085E+03    1.28299915065852E+03
    5.55758885534687E+03    1.28229225068422E+03
    5.55765001768759E+03    1.28289546564349E+03
    5.55665128000085E+03    1.28299915065852E+03


    5.55665128000085E+03    1.28299915065852E+03
    5.55658929230642E+03    1.28239764695901E+03
    5.55758885534687E+03    1.28229225068422E+03
    5.55665128000085E+03    1.28299915065852E+03


    5.55765001768759E+03    1.28289546564349E+03
    5.55859202038512E+03    1.28219162859790E+03
    5.55864941558790E+03    1.28279529105611E+03
    5.55765001768759E+03    1.28289546564349E+03


    5.55765001768759E+03    1.28289546564349E+03
    5.55758885534687E+03    1.28229225068422E+03
    5.55859202038512E+03    1.28219162859790E+03
    5.55765001768759E+03    1.28289546564349E+03


    5.55724222182353E+03    1.27925368524037E+03
    5.55735602055334E+03    1.28027158971069E+03
    5.55636128603343E+03    1.28037830928845E+03
    5.55724222182353E+03    1.27925368524037E+03


    5.55724222182353E+03    1.27925368524037E+03
    5.55636128603343E+03    1.28037830928845E+03
    5.55624998505439E+03    1.27935783449262E+03
    5.55724222182353E+03    1.27925368524037E+03


    5.55735602055334E+03    1.28027158971069E+03
    5.55747489824136E+03    1.28128417984868E+03
    5.55647708932793E+03    1.28139163974020E+03
    5.55735602055334E+03    1.28027158971069E+03


    5.55735602055334E+03    1.28027158971069E+03
    5.55647708932793E+03    1.28139163974020E+03
    5.55636128603343E+03    1.28037830928845E+03
    5.55735602055334E+03    1.28027158971069E+03


    5.55747489824136E+03    1.28128417984868E+03
    5.55758885534687E+03    1.28229225068422E+03
    5.55658929230642E+03    1.28239764695901E+03
    5.55747489824136E+03    1.28128417984868E+03


    5.55747489824136E+03    1.28128417984868E+03
    5.55658929230642E+03    1.28239764695901E+03
    5.55647708932793E+03    1.28139163974020E+03
    5.55747489824136E+03    1.28128417984868E+03


    5.55822979353258E+03    1.27915466313477E+03
    5.55834935963285E+03    1.28017043753601E+03
    5.55735602055334E+03    1.28027158971069E+03
    5.55822979353258E+03    1.27915466313477E+03


    5.55822979353258E+03    1.27915466313477E+03
    5.55735602055334E+03    1.28027158971069E+03
    5.55724222182353E+03    1.27925368524037E+03
    5.55822979353258E+03    1.27915466313477E+03


    5.55834935963285E+03    1.28017043753601E+03
    5.55847396419864E+03    1.28118141609539E+03
    5.55747489824136E+03    1.28128417984868E+03
    5.55834935963285E+03    1.28017043753601E+03


    5.55834935963285E+03    1.28017043753601E+03
    5.55747489824136E+03    1.28128417984868E+03
    5.55735602055334E+03    1.28027158971069E+03
    5.55834935963285E+03    1.28017043753601E+03


    5.55847396419864E+03    1.28118141609539E+03
    5.55859202038512E+03    1.28219162859790E+03
    5.55758885534687E+03    1.28229225068422E+03
    5.55847396419864E+03    1.28118141609539E+03


    5.55847396419864E+03    1.28118141609539E+03
    5.55758885534687E+03    1.28229225068422E+03
    5.55747489824136E+03    1.28128417984868E+03
    5.55847396419864E+03    1.28118141609539E+03


    5.55920936029880E+03    1.27906174668080E+03
    5.55934668357463E+03    1.28006059978396E+03
    5.55834935963285E+03    1.28017043753601E+03
    5.55920936029880E+03    1.27906174668080E+03


    5.55920936029880E+03    1.27906174668080E+03
    5.55834935963285E+03    1.28017043753601E+03
    5.55822979353258E+03    1.27915466313477E+03
    5.55920936029880E+03    1.27906174668080E+03


    5.55934668357463E+03    1.28006059978396E+03
    5.55947313510640E+03    1.28107508513560E+03
    5.55847396419864E+03    1.28118141609539E+03
    5.55934668357463E+03    1.28006059978396E+03


    5.55934668357463E+03    1.28006059978396E+03
    5.55847396419864E+03    1.28118141609539E+03
    5.55834935963285E+03    1.28017043753601E+03
    5.55934668357463E+03    1.28006059978396E+03


    5.56577466795602E+03    1.28170405142141E+03
    5.56726721766616E+03    1.28054375003726E+03
    5.56737708053046E+03    1.28153728939702E+03
    5.56577466795602E+03    1.28170405142141E+03


    5.56577466795602E+03    1.28170405142141E+03
    5.56566320164015E+03    1.28071026751629E+03
    5.56726721766616E+03    1.28054375003726E+03
    5.56577466795602E+03    1.28170405142141E+03


    5.56417607037081E+03    1.28186250427169E+03
    5.56566320164015E+03    1.28071026751629E+03
    5.56577466795602E+03    1.28170405142141E+03
    5.56417607037081E+03    1.28186250427169E+03


    5.56417607037081E+03    1.28186250427169E+03
    5.56406194654832E+03    1.28086627040189E+03
    5.56566320164015E+03    1.28071026751629E+03
    5.56417607037081E+03    1.28186250427169E+03


    5.56258945547920E+03    1.28201247779771E+03
    5.56406194654832E+03    1.28086627040189E+03
    5.56417607037081E+03    1.28186250427169E+03
    5.56258945547920E+03    1.28201247779771E+03


    5.56258945547920E+03    1.28201247779771E+03
    5.56245899130801E+03    1.28102780281353E+03
    5.56406194654832E+03    1.28086627040189E+03
    5.56258945547920E+03    1.28201247779771E+03


    5.56566320164015E+03    1.28071026751629E+03
    5.56715632468905E+03    1.27955410269514E+03
    5.56726721766616E+03    1.28054375003726E+03
    5.56566320164015E+03    1.28071026751629E+03


    5.56566320164015E+03    1.28071026751629E+03
    5.56554979536147E+03    1.27971929164399E+03
    5.56715632468905E+03    1.27955410269514E+03
    5.56566320164015E+03    1.28071026751629E+03


    5.56406194654832E+03    1.28086627040189E+03
    5.56554979536147E+03    1.27971929164399E+03
    5.56566320164015E+03    1.28071026751629E+03
    5.56406194654832E+03    1.28086627040189E+03


    5.56406194654832E+03    1.28086627040189E+03
    5.56394259187960E+03    1.27987402107890E+03
    5.56554979536147E+03    1.27971929164399E+03
    5.56406194654832E+03    1.28086627040189E+03


    5.56245899130801E+03    1.28102780281353E+03
    5.56394259187960E+03    1.27987402107890E+03
    5.56406194654832E+03    1.28086627040189E+03
    5.56245899130801E+03    1.28102780281353E+03


    5.56245899130801E+03    1.28102780281353E+03
    5.56233441922059E+03    1.28003258643115E+03
    5.56394259187960E+03    1.27987402107890E+03
    5.56245899130801E+03    1.28102780281353E+03


    5.56737708053046E+03    1.28153728939702E+03
    5.56744171703989E+03    1.28213462424495E+03
    5.56583936915660E+03    1.28230085032047E+03
    5.56737708053046E+03    1.28153728939702E+03


    5.56577466795602E+03    1.28170405142141E+03
    5.56737708053046E+03    1.28153728939702E+03
    5.56583936915660E+03    1.28230085032047E+03
    5.56577466795602E+03    1.28170405142141E+03


    5.56577466795602E+03    1.28170405142141E+03
    5.56583936915660E+03    1.28230085032047E+03
    5.56423813900734E+03    1.28246005557611E+03
    5.56577466795602E+03    1.28170405142141E+03


    5.56417607037081E+03    1.28186250427169E+03
    5.56577466795602E+03    1.28170405142141E+03
    5.56423813900734E+03    1.28246005557611E+03
    5.56417607037081E+03    1.28186250427169E+03


    5.56554979536147E+03    1.27971929164399E+03
    5.56704670190459E+03    1.27856907363289E+03
    5.56715632468905E+03    1.27955410269514E+03
    5.56554979536147E+03    1.27971929164399E+03


    5.56554979536147E+03    1.27971929164399E+03
    5.56543809843035E+03    1.27873172127474E+03
    5.56704670190459E+03    1.27856907363289E+03
    5.56554979536147E+03    1.27971929164399E+03


    5.56394259187960E+03    1.27987402107890E+03
    5.56543809843035E+03    1.27873172127474E+03
    5.56554979536147E+03    1.27971929164399E+03
    5.56394259187960E+03    1.27987402107890E+03


    5.56394259187960E+03    1.27987402107890E+03
    5.56382654391408E+03    1.27888328532327E+03
    5.56543809843035E+03    1.27873172127474E+03
    5.56394259187960E+03    1.27987402107890E+03


    5.56233441922059E+03    1.28003258643115E+03
    5.56382654391408E+03    1.27888328532327E+03
    5.56394259187960E+03    1.27987402107890E+03
    5.56233441922059E+03    1.28003258643115E+03


    5.56233441922059E+03    1.28003258643115E+03
    5.56220686765068E+03    1.27902932403840E+03
    5.56382654391408E+03    1.27888328532327E+03
    5.56233441922059E+03    1.28003258643115E+03


    5.56417607037081E+03    1.28186250427169E+03
    5.56423813900734E+03    1.28246005557611E+03
    5.56264243450100E+03    1.28260784331572E+03
    5.56417607037081E+03    1.28186250427169E+03


    5.56258945547920E+03    1.28201247779771E+03
    5.56417607037081E+03    1.28186250427169E+03
    5.56264243450100E+03    1.28260784331572E+03
    5.56258945547920E+03    1.28201247779771E+03


    5.55864941558790E+03    1.28279529105611E+03
    5.55959922523921E+03    1.28209933806573E+03
    5.55964875253045E+03    1.28270588921011E+03
    5.55864941558790E+03    1.28279529105611E+03


    5.55864941558790E+03    1.28279529105611E+03
    5.55859202038512E+03    1.28219162859790E+03
    5.55959922523921E+03    1.28209933806573E+03
    5.55864941558790E+03    1.28279529105611E+03


    5.55947313510640E+03    1.28107508513560E+03
    5.55959922523921E+03    1.28209933806573E+03
    5.55859202038512E+03    1.28219162859790E+03
    5.55947313510640E+03    1.28107508513560E+03


    5.55947313510640E+03    1.28107508513560E+03
    5.55859202038512E+03    1.28219162859790E+03
    5.55847396419864E+03    1.28118141609539E+03
    5.55947313510640E+03    1.28107508513560E+03


    5.55920936029880E+03    1.27906174668080E+03
    5.56015313327415E+03    1.27844341634704E+03
    5.56017226269719E+03    1.27904829499428E+03
    5.55920936029880E+03    1.27906174668080E+03


    5.55920936029880E+03    1.27906174668080E+03
    5.55916251103307E+03    1.27846039909245E+03
    5.56015313327415E+03    1.27844341634704E+03
    5.55920936029880E+03    1.27906174668080E+03


    5.56017226269719E+03    1.27904829499428E+03
    5.56115056220161E+03    1.27844841330614E+03
    5.56117220957398E+03    1.27904944299926E+03
    5.56017226269719E+03    1.27904829499428E+03


    5.56017226269719E+03    1.27904829499428E+03
    5.56015313327415E+03    1.27844341634704E+03
    5.56115056220161E+03    1.27844841330614E+03
    5.56017226269719E+03    1.27904829499428E+03


    5.56117220957398E+03    1.27904944299926E+03
    5.56215790724502E+03    1.27842912903912E+03
    5.56220686765068E+03    1.27902932403840E+03
    5.56117220957398E+03    1.27904944299926E+03


    5.56117220957398E+03    1.27904944299926E+03
    5.56115056220161E+03    1.27844841330614E+03
    5.56215790724502E+03    1.27842912903912E+03
    5.56117220957398E+03    1.27904944299926E+03


    5.55624998505439E+03    1.27935783449262E+03
    5.55718151233119E+03    1.27864226991425E+03
    5.55724222182353E+03    1.27925368524037E+03
    5.55624998505439E+03    1.27935783449262E+03


    5.55624998505439E+03    1.27935783449262E+03
    5.55618845217371E+03    1.27874438272318E+03
    5.55718151233119E+03    1.27864226991425E+03
    5.55624998505439E+03    1.27935783449262E+03


    5.55724222182353E+03    1.27925368524037E+03
    5.55817324597960E+03    1.27854483342181E+03
    5.55822979353258E+03    1.27915466313477E+03
    5.55724222182353E+03    1.27925368524037E+03


    5.55724222182353E+03    1.27925368524037E+03
    5.55718151233119E+03    1.27864226991425E+03
    5.55817324597960E+03    1.27854483342181E+03
    5.55724222182353E+03    1.27925368524037E+03


    5.56698284920451E+03    1.27798023549026E+03
    5.56704670190459E+03    1.27856907363289E+03
    5.56543809843035E+03    1.27873172127474E+03
    5.56698284920451E+03    1.27798023549026E+03


    5.56537385565217E+03    1.27814063955229E+03
    5.56698284920451E+03    1.27798023549026E+03
    5.56543809843035E+03    1.27873172127474E+03
    5.56537385565217E+03    1.27814063955229E+03


    5.56537385565217E+03    1.27814063955229E+03
    5.56543809843035E+03    1.27873172127474E+03
    5.56382654391408E+03    1.27888328532327E+03
    5.56537385565217E+03    1.27814063955229E+03


    5.56376520738806E+03    1.27829036337230E+03
    5.56537385565217E+03    1.27814063955229E+03
    5.56382654391408E+03    1.27888328532327E+03
    5.56376520738806E+03    1.27829036337230E+03


    5.56376520738806E+03    1.27829036337230E+03
    5.56382654391408E+03    1.27888328532327E+03
    5.56220686765068E+03    1.27902932403840E+03
    5.56376520738806E+03    1.27829036337230E+03


    5.56215790724502E+03    1.27842912903912E+03
    5.56376520738806E+03    1.27829036337230E+03
    5.56220686765068E+03    1.27902932403840E+03
    5.56215790724502E+03    1.27842912903912E+03


    5.55822979353258E+03    1.27915466313477E+03
    5.55916251103307E+03    1.27846039909245E+03
    5.55920936029880E+03    1.27906174668080E+03
    5.55822979353258E+03    1.27915466313477E+03


    5.55822979353258E+03    1.27915466313477E+03
    5.55817324597960E+03    1.27854483342181E+03
    5.55916251103307E+03    1.27846039909245E+03
    5.55822979353258E+03    1.27915466313477E+03


    5.55916251103307E+03    1.27846039909245E+03
    5.56012582934032E+03    1.27784102683211E+03
    5.56015313327415E+03    1.27844341634704E+03
    5.55916251103307E+03    1.27846039909245E+03


    5.55916251103307E+03    1.27846039909245E+03
    5.55912035684524E+03    1.27785473559158E+03
    5.56012582934032E+03    1.27784102683211E+03
    5.55916251103307E+03    1.27846039909245E+03


    5.56015313327415E+03    1.27844341634704E+03
    5.56112254433196E+03    1.27784675382993E+03
    5.56115056220161E+03    1.27844841330614E+03
    5.56015313327415E+03    1.27844341634704E+03


    5.56015313327415E+03    1.27844341634704E+03
    5.56012582934032E+03    1.27784102683211E+03
    5.56112254433196E+03    1.27784675382993E+03
    5.56015313327415E+03    1.27844341634704E+03


    5.56115056220161E+03    1.27844841330614E+03
    5.56211303826772E+03    1.27782964342876E+03
    5.56215790724502E+03    1.27842912903912E+03
    5.56115056220161E+03    1.27844841330614E+03


    5.56115056220161E+03    1.27844841330614E+03
    5.56112254433196E+03    1.27784675382993E+03
    5.56211303826772E+03    1.27782964342876E+03
    5.56115056220161E+03    1.27844841330614E+03


    5.55618845217371E+03    1.27874438272318E+03
    5.55712389138939E+03    1.27803147356995E+03
    5.55718151233119E+03    1.27864226991425E+03
    5.55618845217371E+03    1.27874438272318E+03


    5.55618845217371E+03    1.27874438272318E+03
    5.55612923307250E+03    1.27813193995331E+03
    5.55712389138939E+03    1.27803147356995E+03
    5.55618845217371E+03    1.27874438272318E+03


    5.55718151233119E+03    1.27864226991425E+03
    5.55812120089674E+03    1.27793605829028E+03
    5.55817324597960E+03    1.27854483342181E+03
    5.55718151233119E+03    1.27864226991425E+03


    5.55718151233119E+03    1.27864226991425E+03
    5.55712389138939E+03    1.27803147356995E+03
    5.55812120089674E+03    1.27793605829028E+03
    5.55718151233119E+03    1.27864226991425E+03


    5.56691989707895E+03    1.27739249241871E+03
    5.56698284920451E+03    1.27798023549026E+03
    5.56537385565217E+03    1.27814063955229E+03
    5.56691989707895E+03    1.27739249241871E+03


    5.56531081394170E+03    1.27754981271012E+03
    5.56691989707895E+03    1.27739249241871E+03
    5.56537385565217E+03    1.27814063955229E+03
    5.56531081394170E+03    1.27754981271012E+03


    5.56531081394170E+03    1.27754981271012E+03
    5.56537385565217E+03    1.27814063955229E+03
    5.56376520738806E+03    1.27829036337230E+03
    5.56531081394170E+03    1.27754981271012E+03


    5.56370671568571E+03    1.27769587441711E+03
    5.56531081394170E+03    1.27754981271012E+03
    5.56376520738806E+03    1.27829036337230E+03
    5.56370671568571E+03    1.27769587441711E+03


    5.56370671568571E+03    1.27769587441711E+03
    5.56376520738806E+03    1.27829036337230E+03
    5.56215790724502E+03    1.27842912903912E+03
    5.56370671568571E+03    1.27769587441711E+03


    5.56211303826772E+03    1.27782964342876E+03
    5.56370671568571E+03    1.27769587441711E+03
    5.56215790724502E+03    1.27842912903912E+03
    5.56211303826772E+03    1.27782964342876E+03


    5.55817324597960E+03    1.27854483342181E+03
    5.55912035684524E+03    1.27785473559158E+03
    5.55916251103307E+03    1.27846039909245E+03
    5.55817324597960E+03    1.27854483342181E+03


    5.55817324597960E+03    1.27854483342181E+03
    5.55812120089674E+03    1.27793605829028E+03
    5.55912035684524E+03    1.27785473559158E+03
    5.55817324597960E+03    1.27854483342181E+03


    5.55912035684524E+03    1.27785473559158E+03
    5.56010652301538E+03    1.27723928550739E+03
    5.56012582934032E+03    1.27784102683211E+03
    5.55912035684524E+03    1.27785473559158E+03


    5.55912035684524E+03    1.27785473559158E+03
    5.55907704340281E+03    1.27724665488278E+03
    5.56010652301538E+03    1.27723928550739E+03
    5.55912035684524E+03    1.27785473559158E+03


    5.56012582934032E+03    1.27784102683211E+03
    5.56110471284842E+03    1.27724191781593E+03
    5.56112254433196E+03    1.27784675382993E+03
    5.56012582934032E+03    1.27784102683211E+03


    5.56012582934032E+03    1.27784102683211E+03
    5.56010652301538E+03    1.27723928550739E+03
    5.56110471284842E+03    1.27724191781593E+03
    5.56012582934032E+03    1.27784102683211E+03


    5.56112254433196E+03    1.27784675382993E+03
    5.56206512374619E+03    1.27723279604051E+03
    5.56211303826772E+03    1.27782964342876E+03
    5.56112254433196E+03    1.27784675382993E+03


    5.56112254433196E+03    1.27784675382993E+03
    5.56110471284842E+03    1.27724191781593E+03
    5.56206512374619E+03    1.27723279604051E+03
    5.56112254433196E+03    1.27784675382993E+03


    5.55612923307250E+03    1.27813193995331E+03
    5.55706578978269E+03    1.27742125427530E+03
    5.55712389138939E+03    1.27803147356995E+03
    5.55612923307250E+03    1.27813193995331E+03


    5.55612923307250E+03    1.27813193995331E+03
    5.55606990400032E+03    1.27752040857959E+03
    5.55706578978269E+03    1.27742125427530E+03
    5.55612923307250E+03    1.27813193995331E+03


    5.55712389138939E+03    1.27803147356995E+03
    5.55806793991125E+03    1.27732849030893E+03
    5.55812120089674E+03    1.27793605829028E+03
    5.55712389138939E+03    1.27803147356995E+03


    5.55712389138939E+03    1.27803147356995E+03
    5.55706578978269E+03    1.27742125427530E+03
    5.55806793991125E+03    1.27732849030893E+03
    5.55712389138939E+03    1.27803147356995E+03


    5.55675339577967E+03    1.27434312548041E+03
    5.55685076107248E+03    1.27537490091145E+03
    5.55586062876726E+03    1.27546566601281E+03
    5.55675339577967E+03    1.27434312548041E+03


    5.55675339577967E+03    1.27434312548041E+03
    5.55586062876726E+03    1.27546566601281E+03
    5.55576626853601E+03    1.27442511790696E+03
    5.55675339577967E+03    1.27434312548041E+03


    5.55685076107248E+03    1.27537490091145E+03
    5.55695869056288E+03    1.27640076729850E+03
    5.55596508383265E+03    1.27649738255340E+03
    5.55685076107248E+03    1.27537490091145E+03


    5.55685076107248E+03    1.27537490091145E+03
    5.55596508383265E+03    1.27649738255340E+03
    5.55586062876726E+03    1.27546566601281E+03
    5.55685076107248E+03    1.27537490091145E+03


    5.55695869056288E+03    1.27640076729850E+03
    5.55706578978269E+03    1.27742125427530E+03
    5.55606990400032E+03    1.27752040857959E+03
    5.55695869056288E+03    1.27640076729850E+03


    5.55695869056288E+03    1.27640076729850E+03
    5.55606990400032E+03    1.27752040857959E+03
    5.55596508383265E+03    1.27649738255340E+03
    5.55695869056288E+03    1.27640076729850E+03


    5.55773876159741E+03    1.27426809439564E+03
    5.55784158735892E+03    1.27529128515138E+03
    5.55685076107248E+03    1.27537490091145E+03
    5.55773876159741E+03    1.27426809439564E+03


    5.55773876159741E+03    1.27426809439564E+03
    5.55685076107248E+03    1.27537490091145E+03
    5.55675339577967E+03    1.27434312548041E+03
    5.55773876159741E+03    1.27426809439564E+03


    5.55784158735892E+03    1.27529128515138E+03
    5.55795554412795E+03    1.27631045226605E+03
    5.55695869056288E+03    1.27640076729850E+03
    5.55784158735892E+03    1.27529128515138E+03


    5.55784158735892E+03    1.27529128515138E+03
    5.55695869056288E+03    1.27640076729850E+03
    5.55685076107248E+03    1.27537490091145E+03
    5.55784158735892E+03    1.27529128515138E+03


    5.55795554412795E+03    1.27631045226605E+03
    5.55806793991125E+03    1.27732849030893E+03
    5.55706578978269E+03    1.27742125427530E+03
    5.55795554412795E+03    1.27631045226605E+03


    5.55795554412795E+03    1.27631045226605E+03
    5.55706578978269E+03    1.27742125427530E+03
    5.55695869056288E+03    1.27640076729850E+03
    5.55795554412795E+03    1.27631045226605E+03


    5.55871889009913E+03    1.27419740417912E+03
    5.55883791454421E+03    1.27519819291784E+03
    5.55784158735892E+03    1.27529128515138E+03
    5.55871889009913E+03    1.27419740417912E+03


    5.55871889009913E+03    1.27419740417912E+03
    5.55784158735892E+03    1.27529128515138E+03
    5.55773876159741E+03    1.27426809439564E+03
    5.55871889009913E+03    1.27419740417912E+03


    5.55883791454421E+03    1.27519819291784E+03
    5.55895395871837E+03    1.27621632135066E+03
    5.55795554412795E+03    1.27631045226605E+03
    5.55883791454421E+03    1.27519819291784E+03


    5.55883791454421E+03    1.27519819291784E+03
    5.55795554412795E+03    1.27631045226605E+03
    5.55784158735892E+03    1.27529128515138E+03
    5.55883791454421E+03    1.27519819291784E+03


    5.56524823171828E+03    1.27695911812714E+03
    5.56675522553840E+03    1.27583115791339E+03
    5.56685786169299E+03    1.27680583681895E+03
    5.56524823171828E+03    1.27695911812714E+03


    5.56524823171828E+03    1.27695911812714E+03
    5.56514380134300E+03    1.27597586252983E+03
    5.56675522553840E+03    1.27583115791339E+03
    5.56524823171828E+03    1.27695911812714E+03


    5.56364756645831E+03    1.27709987310216E+03
    5.56514380134300E+03    1.27597586252983E+03
    5.56524823171828E+03    1.27695911812714E+03
    5.56364756645831E+03    1.27709987310216E+03


    5.56364756645831E+03    1.27709987310216E+03
    5.56354013281632E+03    1.27610574471066E+03
    5.56514380134300E+03    1.27597586252983E+03
    5.56364756645831E+03    1.27709987310216E+03


    5.56206512374619E+03    1.27723279604051E+03
    5.56354013281632E+03    1.27610574471066E+03
    5.56364756645831E+03    1.27709987310216E+03
    5.56206512374619E+03    1.27723279604051E+03


    5.56206512374619E+03    1.27723279604051E+03
    5.56193842419196E+03    1.27624429078548E+03
    5.56354013281632E+03    1.27610574471066E+03
    5.56206512374619E+03    1.27723279604051E+03


    5.56514380134300E+03    1.27597586252983E+03
    5.56665727353639E+03    1.27486212152063E+03
    5.56675522553840E+03    1.27583115791339E+03
    5.56514380134300E+03    1.27597586252983E+03


    5.56514380134300E+03    1.27597586252983E+03
    5.56504285316324E+03    1.27499620772829E+03
    5.56665727353639E+03    1.27486212152063E+03
    5.56514380134300E+03    1.27597586252983E+03


    5.56354013281632E+03    1.27610574471066E+03
    5.56504285316324E+03    1.27499620772829E+03
    5.56514380134300E+03    1.27597586252983E+03
    5.56354013281632E+03    1.27610574471066E+03


    5.56354013281632E+03    1.27610574471066E+03
    5.56343268323629E+03    1.27511585447081E+03
    5.56504285316324E+03    1.27499620772829E+03
    5.56354013281632E+03    1.27610574471066E+03


    5.56193842419196E+03    1.27624429078548E+03
    5.56343268323629E+03    1.27511585447081E+03
    5.56354013281632E+03    1.27610574471066E+03
    5.56193842419196E+03    1.27624429078548E+03


    5.56193842419196E+03    1.27624429078548E+03
    5.56182593372693E+03    1.27524205924986E+03
    5.56343268323629E+03    1.27511585447081E+03
    5.56193842419196E+03    1.27624429078548E+03


    5.56685786169299E+03    1.27680583681895E+03
    5.56691989707895E+03    1.27739249241871E+03
    5.56531081394170E+03    1.27754981271012E+03
    5.56685786169299E+03    1.27680583681895E+03


    5.56524823171828E+03    1.27695911812714E+03
    5.56685786169299E+03    1.27680583681895E+03
    5.56531081394170E+03    1.27754981271012E+03
    5.56524823171828E+03    1.27695911812714E+03


    5.56524823171828E+03    1.27695911812714E+03
    5.56531081394170E+03    1.27754981271012E+03
    5.56370671568571E+03    1.27769587441711E+03
    5.56524823171828E+03    1.27695911812714E+03


    5.56364756645831E+03    1.27709987310216E+03
    5.56524823171828E+03    1.27695911812714E+03
    5.56370671568571E+03    1.27769587441711E+03
    5.56364756645831E+03    1.27709987310216E+03


    5.56504285316324E+03    1.27499620772829E+03
    5.56656658509398E+03    1.27389954768701E+03
    5.56665727353639E+03    1.27486212152063E+03
    5.56504285316324E+03    1.27499620772829E+03


    5.56504285316324E+03    1.27499620772829E+03
    5.56495003335075E+03    1.27402064971656E+03
    5.56656658509398E+03    1.27389954768701E+03
    5.56504285316324E+03    1.27499620772829E+03


    5.56343268323629E+03    1.27511585447081E+03
    5.56495003335075E+03    1.27402064971656E+03
    5.56504285316324E+03    1.27499620772829E+03
    5.56343268323629E+03    1.27511585447081E+03


    5.56343268323629E+03    1.27511585447081E+03
    5.56333556272311E+03    1.27412699937087E+03
    5.56495003335075E+03    1.27402064971656E+03
    5.56343268323629E+03    1.27511585447081E+03


    5.56182593372693E+03    1.27524205924986E+03
    5.56333556272311E+03    1.27412699937087E+03
    5.56343268323629E+03    1.27511585447081E+03
    5.56182593372693E+03    1.27524205924986E+03


    5.56182593372693E+03    1.27524205924986E+03
    5.56171861579291E+03    1.27422925745115E+03
    5.56333556272311E+03    1.27412699937087E+03
    5.56182593372693E+03    1.27524205924986E+03


    5.56364756645831E+03    1.27709987310216E+03
    5.56370671568571E+03    1.27769587441711E+03
    5.56211303826772E+03    1.27782964342876E+03
    5.56364756645831E+03    1.27709987310216E+03


    5.56206512374619E+03    1.27723279604051E+03
    5.56364756645831E+03    1.27709987310216E+03
    5.56211303826772E+03    1.27782964342876E+03
    5.56206512374619E+03    1.27723279604051E+03


    5.55812120089674E+03    1.27793605829028E+03
    5.55907704340281E+03    1.27724665488278E+03
    5.55912035684524E+03    1.27785473559158E+03
    5.55812120089674E+03    1.27793605829028E+03


    5.55812120089674E+03    1.27793605829028E+03
    5.55806793991125E+03    1.27732849030893E+03
    5.55907704340281E+03    1.27724665488278E+03
    5.55812120089674E+03    1.27793605829028E+03


    5.55895395871837E+03    1.27621632135066E+03
    5.55907704340281E+03    1.27724665488278E+03
    5.55806793991125E+03    1.27732849030893E+03
    5.55895395871837E+03    1.27621632135066E+03


    5.55895395871837E+03    1.27621632135066E+03
    5.55806793991125E+03    1.27732849030893E+03
    5.55795554412795E+03    1.27631045226605E+03
    5.55895395871837E+03    1.27621632135066E+03


    5.55871889009913E+03    1.27419740417912E+03
    5.55967931723974E+03    1.27359900659227E+03
    5.55968602449823E+03    1.27420319539211E+03
    5.55871889009913E+03    1.27419740417912E+03


    5.55871889009913E+03    1.27419740417912E+03
    5.55868571833207E+03    1.27359659073757E+03
    5.55967931723974E+03    1.27359900659227E+03
    5.55871889009913E+03    1.27419740417912E+03


    5.55968602449823E+03    1.27420319539211E+03
    5.56067852127905E+03    1.27362148429591E+03
    5.56068687728296E+03    1.27422293188146E+03
    5.55968602449823E+03    1.27420319539211E+03


    5.55968602449823E+03    1.27420319539211E+03
    5.55967931723974E+03    1.27359900659227E+03
    5.56067852127905E+03    1.27362148429591E+03
    5.55968602449823E+03    1.27420319539211E+03


    5.56068687728296E+03    1.27422293188146E+03
    5.56168443326308E+03    1.27362468128060E+03
    5.56171861579291E+03    1.27422925745115E+03
    5.56068687728296E+03    1.27422293188146E+03


    5.56068687728296E+03    1.27422293188146E+03
    5.56067852127905E+03    1.27362148429591E+03
    5.56168443326308E+03    1.27362468128060E+03
    5.56068687728296E+03    1.27422293188146E+03


    5.55576626853601E+03    1.27442511790696E+03
    5.55670512254147E+03    1.27372301600275E+03
    5.55675339577967E+03    1.27434312548041E+03
    5.55576626853601E+03    1.27442511790696E+03


    5.55576626853601E+03    1.27442511790696E+03
    5.55571730433949E+03    1.27379822299096E+03
    5.55670512254147E+03    1.27372301600275E+03
    5.55576626853601E+03    1.27442511790696E+03


    5.55675339577967E+03    1.27434312548041E+03
    5.55769487618398E+03    1.27365443190606E+03
    5.55773876159741E+03    1.27426809439564E+03
    5.55675339577967E+03    1.27434312548041E+03


    5.55675339577967E+03    1.27434312548041E+03
    5.55670512254147E+03    1.27372301600275E+03
    5.55769487618398E+03    1.27365443190606E+03
    5.55675339577967E+03    1.27434312548041E+03


    5.56651832645382E+03    1.27332518156208E+03
    5.56656658509398E+03    1.27389954768701E+03
    5.56495003335075E+03    1.27402064971656E+03
    5.56651832645382E+03    1.27332518156208E+03


    5.56490065021797E+03    1.27343710799581E+03
    5.56651832645382E+03    1.27332518156208E+03
    5.56495003335075E+03    1.27402064971656E+03
    5.56490065021797E+03    1.27343710799581E+03


    5.56490065021797E+03    1.27343710799581E+03
    5.56495003335075E+03    1.27402064971656E+03
    5.56333556272311E+03    1.27412699937087E+03
    5.56490065021797E+03    1.27343710799581E+03


    5.56328917252214E+03    1.27353491367533E+03
    5.56490065021797E+03    1.27343710799581E+03
    5.56333556272311E+03    1.27412699937087E+03
    5.56328917252214E+03    1.27353491367533E+03


    5.56328917252214E+03    1.27353491367533E+03
    5.56333556272311E+03    1.27412699937087E+03
    5.56171861579291E+03    1.27422925745115E+03
    5.56328917252214E+03    1.27353491367533E+03


    5.56168443326308E+03    1.27362468128060E+03
    5.56328917252214E+03    1.27353491367533E+03
    5.56171861579291E+03    1.27422925745115E+03
    5.56168443326308E+03    1.27362468128060E+03


    5.55773876159741E+03    1.27426809439564E+03
    5.55868571833207E+03    1.27359659073757E+03
    5.55871889009913E+03    1.27419740417912E+03
    5.55773876159741E+03    1.27426809439564E+03


    5.55773876159741E+03    1.27426809439564E+03
    5.55769487618398E+03    1.27365443190606E+03
    5.55868571833207E+03    1.27359659073757E+03
    5.55773876159741E+03    1.27426809439564E+03


    5.55868571833207E+03    1.27359659073757E+03
    5.55966516232590E+03    1.27299742095717E+03
    5.55967931723974E+03    1.27359900659227E+03
    5.55868571833207E+03    1.27359659073757E+03


    5.55868571833207E+03    1.27359659073757E+03
    5.55865812618058E+03    1.27299238696980E+03
    5.55966516232590E+03    1.27299742095717E+03
    5.55868571833207E+03    1.27359659073757E+03


    5.55967931723974E+03    1.27359900659227E+03
    5.56066413256116E+03    1.27301933158490E+03
    5.56067852127905E+03    1.27362148429591E+03
    5.55967931723974E+03    1.27359900659227E+03


    5.55967931723974E+03    1.27359900659227E+03
    5.55966516232590E+03    1.27299742095717E+03
    5.56066413256116E+03    1.27301933158490E+03
    5.55967931723974E+03    1.27359900659227E+03


    5.56067852127905E+03    1.27362148429591E+03
    5.56165530631137E+03    1.27302042435901E+03
    5.56168443326308E+03    1.27362468128060E+03
    5.56067852127905E+03    1.27362148429591E+03


    5.56067852127905E+03    1.27362148429591E+03
    5.56066413256116E+03    1.27301933158490E+03
    5.56165530631137E+03    1.27302042435901E+03
    5.56067852127905E+03    1.27362148429591E+03


    5.55571730433949E+03    1.27379822299096E+03
    5.55666258284901E+03    1.27310318996630E+03
    5.55670512254147E+03    1.27372301600275E+03
    5.55571730433949E+03    1.27379822299096E+03


    5.55571730433949E+03    1.27379822299096E+03
    5.55567346796568E+03    1.27317123656423E+03
    5.55666258284901E+03    1.27310318996630E+03
    5.55571730433949E+03    1.27379822299096E+03


    5.55670512254147E+03    1.27372301600275E+03
    5.55765762454390E+03    1.27304215112726E+03
    5.55769487618398E+03    1.27365443190606E+03
    5.55670512254147E+03    1.27372301600275E+03


    5.55670512254147E+03    1.27372301600275E+03
    5.55666258284901E+03    1.27310318996630E+03
    5.55765762454390E+03    1.27304215112726E+03
    5.55670512254147E+03    1.27372301600275E+03


    5.56647352959278E+03    1.27275245342003E+03
    5.56651832645382E+03    1.27332518156208E+03
    5.56490065021797E+03    1.27343710799581E+03
    5.56647352959278E+03    1.27275245342003E+03


    5.56485519366232E+03    1.27285405261481E+03
    5.56647352959278E+03    1.27275245342003E+03
    5.56490065021797E+03    1.27343710799581E+03
    5.56485519366232E+03    1.27285405261481E+03


    5.56485519366232E+03    1.27285405261481E+03
    5.56490065021797E+03    1.27343710799581E+03
    5.56328917252214E+03    1.27353491367533E+03
    5.56485519366232E+03    1.27285405261481E+03


    5.56324795929751E+03    1.27294115611828E+03
    5.56485519366232E+03    1.27285405261481E+03
    5.56328917252214E+03    1.27353491367533E+03
    5.56324795929751E+03    1.27294115611828E+03


    5.56324795929751E+03    1.27294115611828E+03
    5.56328917252214E+03    1.27353491367533E+03
    5.56168443326308E+03    1.27362468128060E+03
    5.56324795929751E+03    1.27294115611828E+03


    5.56165530631137E+03    1.27302042435901E+03
    5.56324795929751E+03    1.27294115611828E+03
    5.56168443326308E+03    1.27362468128060E+03
    5.56165530631137E+03    1.27302042435901E+03


    5.55769487618398E+03    1.27365443190606E+03
    5.55865812618058E+03    1.27299238696980E+03
    5.55868571833207E+03    1.27359659073757E+03
    5.55769487618398E+03    1.27365443190606E+03


    5.55769487618398E+03    1.27365443190606E+03
    5.55765762454390E+03    1.27304215112726E+03
    5.55865812618058E+03    1.27299238696980E+03
    5.55769487618398E+03    1.27365443190606E+03


    5.55865812618058E+03    1.27299238696980E+03
    5.55965824323799E+03    1.27239630867545E+03
    5.55966516232590E+03    1.27299742095717E+03
    5.55865812618058E+03    1.27299238696980E+03


    5.55865812618058E+03    1.27299238696980E+03
    5.55863108296270E+03    1.27238670646165E+03
    5.55965824323799E+03    1.27239630867545E+03
    5.55865812618058E+03    1.27299238696980E+03


    5.55966516232590E+03    1.27299742095717E+03
    5.56065748791850E+03    1.27241518059515E+03
    5.56066413256116E+03    1.27301933158490E+03
    5.55966516232590E+03    1.27299742095717E+03


    5.55966516232590E+03    1.27299742095717E+03
    5.55965824323799E+03    1.27239630867545E+03
    5.56065748791850E+03    1.27241518059515E+03
    5.55966516232590E+03    1.27299742095717E+03


    5.56066413256116E+03    1.27301933158490E+03
    5.56162517380104E+03    1.27241784053577E+03
    5.56165530631137E+03    1.27302042435901E+03
    5.56066413256116E+03    1.27301933158490E+03


    5.56066413256116E+03    1.27301933158490E+03
    5.56065748791850E+03    1.27241518059515E+03
    5.56162517380104E+03    1.27241784053577E+03
    5.56066413256116E+03    1.27301933158490E+03


    5.55567346796568E+03    1.27317123656423E+03
    5.55662286813198E+03    1.27248348725139E+03
    5.55666258284901E+03    1.27310318996630E+03
    5.55567346796568E+03    1.27317123656423E+03


    5.55567346796568E+03    1.27317123656423E+03
    5.55563259618591E+03    1.27254399010443E+03
    5.55662286813198E+03    1.27248348725139E+03
    5.55567346796568E+03    1.27317123656423E+03


    5.55666258284901E+03    1.27310318996630E+03
    5.55762205556074E+03    1.27243113259700E+03
    5.55765762454390E+03    1.27304215112726E+03
    5.55666258284901E+03    1.27310318996630E+03


    5.55666258284901E+03    1.27310318996630E+03
    5.55662286813198E+03    1.27248348725139E+03
    5.55762205556074E+03    1.27243113259700E+03
    5.55666258284901E+03    1.27310318996630E+03


    5.55646630155454E+03    1.26936506476346E+03
    5.55650164968584E+03    1.27040650945466E+03
    5.55551308485392E+03    1.27043457049614E+03
    5.55646630155454E+03    1.26936506476346E+03


    5.55646630155454E+03    1.26936506476346E+03
    5.55551308485392E+03    1.27043457049614E+03
    5.55546630155454E+03    1.26936506476346E+03
    5.55646630155454E+03    1.26936506476346E+03


    5.55650164968584E+03    1.27040650945466E+03
    5.55655698255100E+03    1.27144706458431E+03
    5.55556855695808E+03    1.27149413632093E+03
    5.55650164968584E+03    1.27040650945466E+03


    5.55650164968584E+03    1.27040650945466E+03
    5.55556855695808E+03    1.27149413632093E+03
    5.55551308485392E+03    1.27043457049614E+03
    5.55650164968584E+03    1.27040650945466E+03


    5.55655698255100E+03    1.27144706458431E+03
    5.55662286813198E+03    1.27248348725139E+03
    5.55563259618591E+03    1.27254399010443E+03
    5.55655698255100E+03    1.27144706458431E+03


    5.55655698255100E+03    1.27144706458431E+03
    5.55563259618591E+03    1.27254399010443E+03
    5.55556855695808E+03    1.27149413632093E+03
    5.55655698255100E+03    1.27144706458431E+03


    5.55746630155454E+03    1.26936506476346E+03
    5.55749612379669E+03    1.27038574637398E+03
    5.55650164968584E+03    1.27040650945466E+03
    5.55746630155454E+03    1.26936506476346E+03


    5.55746630155454E+03    1.26936506476346E+03
    5.55650164968584E+03    1.27040650945466E+03
    5.55646630155454E+03    1.26936506476346E+03
    5.55746630155454E+03    1.26936506476346E+03


    5.55749612379669E+03    1.27038574637398E+03
    5.55755199205201E+03    1.27140851161649E+03
    5.55655698255100E+03    1.27144706458431E+03
    5.55749612379669E+03    1.27038574637398E+03


    5.55749612379669E+03    1.27038574637398E+03
    5.55655698255100E+03    1.27144706458431E+03
    5.55650164968584E+03    1.27040650945466E+03
    5.55749612379669E+03    1.27038574637398E+03


    5.55755199205201E+03    1.27140851161649E+03
    5.55762205556074E+03    1.27243113259700E+03
    5.55662286813198E+03    1.27248348725139E+03
    5.55755199205201E+03    1.27140851161649E+03


    5.55755199205201E+03    1.27140851161649E+03
    5.55662286813198E+03    1.27248348725139E+03
    5.55655698255100E+03    1.27144706458431E+03
    5.55755199205201E+03    1.27140851161649E+03


    5.55846630155454E+03    1.26936506476346E+03
    5.55849564106017E+03    1.27035948947699E+03
    5.55749612379669E+03    1.27038574637398E+03
    5.55846630155454E+03    1.26936506476346E+03


    5.55846630155454E+03    1.26936506476346E+03
    5.55749612379669E+03    1.27038574637398E+03
    5.55746630155454E+03    1.26936506476346E+03
    5.55846630155454E+03    1.26936506476346E+03


    5.55849564106017E+03    1.27035948947699E+03
    5.55855163506302E+03    1.27136644724358E+03
    5.55755199205201E+03    1.27140851161649E+03
    5.55849564106017E+03    1.27035948947699E+03


    5.55849564106017E+03    1.27035948947699E+03
    5.55755199205201E+03    1.27140851161649E+03
    5.55749612379669E+03    1.27038574637398E+03
    5.55849564106017E+03    1.27035948947699E+03


    5.56481300359134E+03    1.27227140764575E+03
    5.56636907768201E+03    1.27123341790721E+03
    5.56643252308905E+03    1.27218131100157E+03
    5.56481300359134E+03    1.27227140764575E+03


    5.56481300359134E+03    1.27227140764575E+03
    5.56474909644729E+03    1.27130164358801E+03
    5.56636907768201E+03    1.27123341790721E+03
    5.56481300359134E+03    1.27227140764575E+03


    5.56320906199522E+03    1.27234585225159E+03
    5.56474909644729E+03    1.27130164358801E+03
    5.56481300359134E+03    1.27227140764575E+03
    5.56320906199522E+03    1.27234585225159E+03


    5.56320906199522E+03    1.27234585225159E+03
    5.56314519841577E+03    1.27135209714704E+03
    5.56474909644729E+03    1.27130164358801E+03
    5.56320906199522E+03    1.27234585225159E+03


    5.56162517380104E+03    1.27241784053577E+03
    5.56314519841577E+03    1.27135209714704E+03
    5.56320906199522E+03    1.27234585225159E+03
    5.56162517380104E+03    1.27241784053577E+03


    5.56162517380104E+03    1.27241784053577E+03
    5.56154905086083E+03    1.27141146864377E+03
    5.56314519841577E+03    1.27135209714704E+03
    5.56162517380104E+03    1.27241784053577E+03


    5.56474909644729E+03    1.27130164358801E+03
    5.56631580643050E+03    1.27029333283505E+03
    5.56636907768201E+03    1.27123341790721E+03
    5.56474909644729E+03    1.27130164358801E+03


    5.56474909644729E+03    1.27130164358801E+03
    5.56469727664549E+03    1.27033425922537E+03
    5.56631580643050E+03    1.27029333283505E+03
    5.56474909644729E+03    1.27130164358801E+03


    5.56314519841577E+03    1.27135209714704E+03
    5.56469727664549E+03    1.27033425922537E+03
    5.56474909644729E+03    1.27130164358801E+03
    5.56314519841577E+03    1.27135209714704E+03


    5.56314519841577E+03    1.27135209714704E+03
    5.56309445952727E+03    1.27035939763775E+03
    5.56469727664549E+03    1.27033425922537E+03
    5.56314519841577E+03    1.27135209714704E+03


    5.56154905086083E+03    1.27141146864377E+03
    5.56309445952727E+03    1.27035939763775E+03
    5.56314519841577E+03    1.27135209714704E+03
    5.56154905086083E+03    1.27141146864377E+03


    5.56154905086083E+03    1.27141146864377E+03
    5.56149747803944E+03    1.27039258469129E+03
    5.56309445952727E+03    1.27035939763775E+03
    5.56154905086083E+03    1.27141146864377E+03


    5.56643252308905E+03    1.27218131100157E+03
    5.56647352959278E+03    1.27275245342003E+03
    5.56485519366232E+03    1.27285405261481E+03
    5.56643252308905E+03    1.27218131100157E+03


    5.56481300359134E+03    1.27227140764575E+03
    5.56643252308905E+03    1.27218131100157E+03
    5.56485519366232E+03    1.27285405261481E+03
    5.56481300359134E+03    1.27227140764575E+03


    5.56481300359134E+03    1.27227140764575E+03
    5.56485519366232E+03    1.27285405261481E+03
    5.56324795929751E+03    1.27294115611828E+03
    5.56481300359134E+03    1.27227140764575E+03


    5.56320906199522E+03    1.27234585225159E+03
    5.56481300359134E+03    1.27227140764575E+03
    5.56324795929751E+03    1.27294115611828E+03
    5.56320906199522E+03    1.27234585225159E+03


    5.56469727664549E+03    1.27033425922537E+03
    5.56626630155455E+03    1.26936506476346E+03
    5.56631580643050E+03    1.27029333283505E+03
    5.56469727664549E+03    1.27033425922537E+03


    5.56469727664549E+03    1.27033425922537E+03
    5.56466630155455E+03    1.26936506476346E+03
    5.56626630155455E+03    1.26936506476346E+03
    5.56469727664549E+03    1.27033425922537E+03


    5.56309445952727E+03    1.27035939763775E+03
    5.56466630155455E+03    1.26936506476346E+03
    5.56469727664549E+03    1.27033425922537E+03
    5.56309445952727E+03    1.27035939763775E+03


    5.56309445952727E+03    1.27035939763775E+03
    5.56306630155455E+03    1.26936506476346E+03
    5.56466630155455E+03    1.26936506476346E+03
    5.56309445952727E+03    1.27035939763775E+03


    5.56149747803944E+03    1.27039258469129E+03
    5.56306630155455E+03    1.26936506476346E+03
    5.56309445952727E+03    1.27035939763775E+03
    5.56149747803944E+03    1.27039258469129E+03


    5.56149747803944E+03    1.27039258469129E+03
    5.56146630155455E+03    1.26936506476346E+03
    5.56306630155455E+03    1.26936506476346E+03
    5.56149747803944E+03    1.27039258469129E+03


    5.56320906199522E+03    1.27234585225159E+03
    5.56324795929751E+03    1.27294115611828E+03
    5.56165530631137E+03    1.27302042435901E+03
    5.56320906199522E+03    1.27234585225159E+03


    5.56162517380104E+03    1.27241784053577E+03
    5.56320906199522E+03    1.27234585225159E+03
    5.56165530631137E+03    1.27302042435901E+03
    5.56162517380104E+03    1.27241784053577E+03


    5.55765762454390E+03    1.27304215112726E+03
    5.55863108296270E+03    1.27238670646165E+03
    5.55865812618058E+03    1.27299238696980E+03
    5.55765762454390E+03    1.27304215112726E+03


    5.55765762454390E+03    1.27304215112726E+03
    5.55762205556074E+03    1.27243113259700E+03
    5.55863108296270E+03    1.27238670646165E+03
    5.55765762454390E+03    1.27304215112726E+03


    5.55855163506302E+03    1.27136644724358E+03
    5.55863108296270E+03    1.27238670646165E+03
    5.55762205556074E+03    1.27243113259700E+03
    5.55855163506302E+03    1.27136644724358E+03


    5.55855163506302E+03    1.27136644724358E+03
    5.55762205556074E+03    1.27243113259700E+03
    5.55755199205201E+03    1.27140851161649E+03
    5.55855163506302E+03    1.27136644724358E+03


