# Gnuplot Deformed Mesh Archive
# X_deformed              Y_deformed
    5.55812761314960E+03    1.28853031702032E+03
    5.55913637781083E+03    1.28794150373075E+03
    5.55912931555096E+03    1.28854124578754E+03
    5.55812761314960E+03    1.28853031702032E+03


    5.55812761314960E+03    1.28853031702032E+03
    5.55813572579938E+03    1.28793076328318E+03
    5.55913637781083E+03    1.28794150373075E+03
    5.55812761314960E+03    1.28853031702032E+03


    5.55912931555096E+03    1.28854124578754E+03
    5.56013637310653E+03    1.28795105165743E+03
    5.56012905811220E+03    1.28855110452313E+03
    5.55912931555096E+03    1.28854124578754E+03


    5.55912931555096E+03    1.28854124578754E+03
    5.55913637781083E+03    1.28794150373075E+03
    5.56013637310653E+03    1.28795105165743E+03
    5.55912931555096E+03    1.28854124578754E+03


    5.56012905811220E+03    1.28855110452313E+03
    5.56113558600016E+03    1.28796245914624E+03
    5.56112680450799E+03    1.28856282792100E+03
    5.56012905811220E+03    1.28855110452313E+03


    5.56012905811220E+03    1.28855110452313E+03
    5.56013637310653E+03    1.28795105165743E+03
    5.56113558600016E+03    1.28796245914624E+03
    5.56012905811220E+03    1.28855110452313E+03


    5.55512348645063E+03    1.28848028877620E+03
    5.55613406774849E+03    1.28789800880825E+03
    5.55612388430565E+03    1.28849796784288E+03
    5.55512348645063E+03    1.28848028877620E+03


    5.55512348645063E+03    1.28848028877620E+03
    5.55513390153419E+03    1.28788022979960E+03
    5.55613406774849E+03    1.28789800880825E+03
    5.55512348645063E+03    1.28848028877620E+03


    5.55612388430565E+03    1.28849796784288E+03
    5.55713466506666E+03    1.28791537996107E+03
    5.55712523783957E+03    1.28851516824828E+03
    5.55612388430565E+03    1.28849796784288E+03


    5.55612388430565E+03    1.28849796784288E+03
    5.55613406774849E+03    1.28789800880825E+03
    5.55713466506666E+03    1.28791537996107E+03
    5.55612388430565E+03    1.28849796784288E+03


    5.56593294407197E+03    1.28804890896801E+03
    5.56592169094986E+03    1.28864894984486E+03
    5.56432215015585E+03    1.28861866134651E+03
    5.56593294407197E+03    1.28804890896801E+03


    5.56433323261133E+03    1.28801853532945E+03
    5.56593294407197E+03    1.28804890896801E+03
    5.56432215015585E+03    1.28861866134651E+03
    5.56433323261133E+03    1.28801853532945E+03


    5.56433323261133E+03    1.28801853532945E+03
    5.56432215015585E+03    1.28861866134651E+03
    5.56272382710985E+03    1.28858921314520E+03
    5.56433323261133E+03    1.28801853532945E+03


    5.56273417625865E+03    1.28798896012364E+03
    5.56433323261133E+03    1.28801853532945E+03
    5.56272382710985E+03    1.28858921314520E+03
    5.56273417625865E+03    1.28798896012364E+03


    5.56273417625865E+03    1.28798896012364E+03
    5.56272382710985E+03    1.28858921314520E+03
    5.56112680450799E+03    1.28856282792100E+03
    5.56273417625865E+03    1.28798896012364E+03


    5.56113558600016E+03    1.28796245914624E+03
    5.56273417625865E+03    1.28798896012364E+03
    5.56112680450799E+03    1.28856282792100E+03
    5.56113558600016E+03    1.28796245914624E+03


    5.55712523783957E+03    1.28851516824828E+03
    5.55813572579938E+03    1.28793076328318E+03
    5.55812761314960E+03    1.28853031702032E+03
    5.55712523783957E+03    1.28851516824828E+03


    5.55712523783957E+03    1.28851516824828E+03
    5.55713466506666E+03    1.28791537996107E+03
    5.55813572579938E+03    1.28793076328318E+03
    5.55712523783957E+03    1.28851516824828E+03


    5.55813572579938E+03    1.28793076328318E+03
    5.55914396445177E+03    1.28734175528184E+03
    5.55913637781083E+03    1.28794150373075E+03
    5.55813572579938E+03    1.28793076328318E+03


    5.55813572579938E+03    1.28793076328318E+03
    5.55814429552834E+03    1.28733138652352E+03
    5.55914396445177E+03    1.28734175528184E+03
    5.55813572579938E+03    1.28793076328318E+03


    5.55913637781083E+03    1.28794150373075E+03
    5.56014415516086E+03    1.28735104635632E+03
    5.56013637310653E+03    1.28795105165743E+03
    5.55913637781083E+03    1.28794150373075E+03


    5.55913637781083E+03    1.28794150373075E+03
    5.55914396445177E+03    1.28734175528184E+03
    5.56014415516086E+03    1.28735104635632E+03
    5.55913637781083E+03    1.28794150373075E+03


    5.56013637310653E+03    1.28795105165743E+03
    5.56114458903538E+03    1.28736199196816E+03
    5.56113558600016E+03    1.28796245914624E+03
    5.56013637310653E+03    1.28795105165743E+03


    5.56013637310653E+03    1.28795105165743E+03
    5.56014415516086E+03    1.28735104635632E+03
    5.56114458903538E+03    1.28736199196816E+03
    5.56013637310653E+03    1.28795105165743E+03


    5.55513390153419E+03    1.28788022979960E+03
    5.55614416532113E+03    1.28729794423345E+03
    5.55613406774849E+03    1.28789800880825E+03
    5.55513390153419E+03    1.28788022979960E+03


    5.55513390153419E+03    1.28788022979960E+03
    5.55514422173547E+03    1.28727995458385E+03
    5.55614416532113E+03    1.28729794423345E+03
    5.55513390153419E+03    1.28788022979960E+03


    5.55613406774849E+03    1.28789800880825E+03
    5.55714414931271E+03    1.28731553235469E+03
    5.55713466506666E+03    1.28791537996107E+03
    5.55613406774849E+03    1.28789800880825E+03


    5.55613406774849E+03    1.28789800880825E+03
    5.55614416532113E+03    1.28729794423345E+03
    5.55714414931271E+03    1.28731553235469E+03
    5.55613406774849E+03    1.28789800880825E+03


    5.56594419591211E+03    1.28744893893838E+03
    5.56593294407197E+03    1.28804890896801E+03
    5.56433323261133E+03    1.28801853532945E+03
    5.56594419591211E+03    1.28744893893838E+03


    5.56434429671899E+03    1.28741847514305E+03
    5.56594419591211E+03    1.28744893893838E+03
    5.56433323261133E+03    1.28801853532945E+03
    5.56434429671899E+03    1.28741847514305E+03


    5.56434429671899E+03    1.28741847514305E+03
    5.56433323261133E+03    1.28801853532945E+03
    5.56273417625865E+03    1.28798896012364E+03
    5.56434429671899E+03    1.28741847514305E+03


    5.56274456711116E+03    1.28738882428372E+03
    5.56434429671899E+03    1.28741847514305E+03
    5.56273417625865E+03    1.28798896012364E+03
    5.56274456711116E+03    1.28738882428372E+03


    5.56274456711116E+03    1.28738882428372E+03
    5.56273417625865E+03    1.28798896012364E+03
    5.56113558600016E+03    1.28796245914624E+03
    5.56274456711116E+03    1.28738882428372E+03


    5.56114458903538E+03    1.28736199196816E+03
    5.56274456711116E+03    1.28738882428372E+03
    5.56113558600016E+03    1.28796245914624E+03
    5.56114458903538E+03    1.28736199196816E+03


    5.55713466506666E+03    1.28791537996107E+03
    5.55814429552834E+03    1.28733138652352E+03
    5.55813572579938E+03    1.28793076328318E+03
    5.55713466506666E+03    1.28791537996107E+03


    5.55713466506666E+03    1.28791537996107E+03
    5.55714414931271E+03    1.28731553235469E+03
    5.55814429552834E+03    1.28733138652352E+03
    5.55713466506666E+03    1.28791537996107E+03


    5.55814429552834E+03    1.28733138652352E+03
    5.55915108811196E+03    1.28674193470320E+03
    5.55914396445177E+03    1.28734175528184E+03
    5.55814429552834E+03    1.28733138652352E+03


    5.55814429552834E+03    1.28733138652352E+03
    5.55815337660375E+03    1.28673218537179E+03
    5.55915108811196E+03    1.28674193470320E+03
    5.55814429552834E+03    1.28733138652352E+03


    5.55914396445177E+03    1.28734175528184E+03
    5.56015116451293E+03    1.28675137534682E+03
    5.56014415516086E+03    1.28735104635632E+03
    5.55914396445177E+03    1.28734175528184E+03


    5.55914396445177E+03    1.28734175528184E+03
    5.55915108811196E+03    1.28674193470320E+03
    5.56015116451293E+03    1.28675137534682E+03
    5.55914396445177E+03    1.28734175528184E+03


    5.56014415516086E+03    1.28735104635632E+03
    5.56115413449036E+03    1.28676128766427E+03
    5.56114458903538E+03    1.28736199196816E+03
    5.56014415516086E+03    1.28735104635632E+03


    5.56014415516086E+03    1.28735104635632E+03
    5.56015116451293E+03    1.28675137534682E+03
    5.56115413449036E+03    1.28676128766427E+03
    5.56014415516086E+03    1.28735104635632E+03


    5.55514422173547E+03    1.28727995458385E+03
    5.55615460562324E+03    1.28669780433195E+03
    5.55614416532113E+03    1.28729794423345E+03
    5.55514422173547E+03    1.28727995458385E+03


    5.55514422173547E+03    1.28727995458385E+03
    5.55515479866566E+03    1.28667947751038E+03
    5.55615460562324E+03    1.28669780433195E+03
    5.55514422173547E+03    1.28727995458385E+03


    5.55614416532113E+03    1.28729794423345E+03
    5.55715411860871E+03    1.28671562498744E+03
    5.55714414931271E+03    1.28731553235469E+03
    5.55614416532113E+03    1.28729794423345E+03


    5.55614416532113E+03    1.28729794423345E+03
    5.55615460562324E+03    1.28669780433195E+03
    5.55715411860871E+03    1.28671562498744E+03
    5.55614416532113E+03    1.28729794423345E+03


    5.55621447642866E+03    1.28369965318544E+03
    5.55619412551370E+03    1.28469841908321E+03
    5.55519381194534E+03    1.28467910365903E+03
    5.55621447642866E+03    1.28369965318544E+03


    5.55621447642866E+03    1.28369965318544E+03
    5.55519381194534E+03    1.28467910365903E+03
    5.55521388434128E+03    1.28368006003616E+03
    5.55621447642866E+03    1.28369965318544E+03


    5.55619412551370E+03    1.28469841908321E+03
    5.55617378172704E+03    1.28569785079232E+03
    5.55517382111165E+03    1.28567892669824E+03
    5.55619412551370E+03    1.28469841908321E+03


    5.55619412551370E+03    1.28469841908321E+03
    5.55517382111165E+03    1.28567892669824E+03
    5.55519381194534E+03    1.28467910365903E+03
    5.55619412551370E+03    1.28469841908321E+03


    5.55617378172704E+03    1.28569785079232E+03
    5.55615460562324E+03    1.28669780433195E+03
    5.55515479866566E+03    1.28667947751038E+03
    5.55617378172704E+03    1.28569785079232E+03


    5.55617378172704E+03    1.28569785079232E+03
    5.55515479866566E+03    1.28667947751038E+03
    5.55517382111165E+03    1.28567892669824E+03
    5.55617378172704E+03    1.28569785079232E+03


    5.55721594707009E+03    1.28371864240483E+03
    5.55719480382941E+03    1.28471710531181E+03
    5.55619412551370E+03    1.28469841908321E+03
    5.55721594707009E+03    1.28371864240483E+03


    5.55721594707009E+03    1.28371864240483E+03
    5.55619412551370E+03    1.28469841908321E+03
    5.55621447642866E+03    1.28369965318544E+03
    5.55721594707009E+03    1.28371864240483E+03


    5.55719480382941E+03    1.28471710531181E+03
    5.55717371910899E+03    1.28571629761816E+03
    5.55617378172704E+03    1.28569785079232E+03
    5.55719480382941E+03    1.28471710531181E+03


    5.55719480382941E+03    1.28471710531181E+03
    5.55617378172704E+03    1.28569785079232E+03
    5.55619412551370E+03    1.28469841908321E+03
    5.55719480382941E+03    1.28471710531181E+03


    5.55717371910899E+03    1.28571629761816E+03
    5.55715411860871E+03    1.28671562498744E+03
    5.55615460562324E+03    1.28669780433195E+03
    5.55717371910899E+03    1.28571629761816E+03


    5.55717371910899E+03    1.28571629761816E+03
    5.55615460562324E+03    1.28669780433195E+03
    5.55617378172704E+03    1.28569785079232E+03
    5.55717371910899E+03    1.28571629761816E+03


    5.55821872211147E+03    1.28373667382905E+03
    5.55819509259641E+03    1.28473682661136E+03
    5.55719480382941E+03    1.28471710531181E+03
    5.55821872211147E+03    1.28373667382905E+03


    5.55821872211147E+03    1.28373667382905E+03
    5.55719480382941E+03    1.28471710531181E+03
    5.55721594707009E+03    1.28371864240483E+03
    5.55821872211147E+03    1.28373667382905E+03


    5.55819509259641E+03    1.28473682661136E+03
    5.55817377508510E+03    1.28573503843349E+03
    5.55717371910899E+03    1.28571629761816E+03
    5.55819509259641E+03    1.28473682661136E+03


    5.55819509259641E+03    1.28473682661136E+03
    5.55717371910899E+03    1.28571629761816E+03
    5.55719480382941E+03    1.28471710531181E+03
    5.55819509259641E+03    1.28473682661136E+03


    5.56435550498005E+03    1.28681846568952E+03
    5.56597476294656E+03    1.28584924455882E+03
    5.56595554036796E+03    1.28684904071858E+03
    5.56435550498005E+03    1.28681846568952E+03


    5.56435550498005E+03    1.28681846568952E+03
    5.56437478475204E+03    1.28581840899609E+03
    5.56597476294656E+03    1.28584924455882E+03
    5.56435550498005E+03    1.28681846568952E+03


    5.56275531845384E+03    1.28678876862831E+03
    5.56437478475204E+03    1.28581840899609E+03
    5.56435550498005E+03    1.28681846568952E+03
    5.56275531845384E+03    1.28678876862831E+03


    5.56275531845384E+03    1.28678876862831E+03
    5.56277476455875E+03    1.28578862226043E+03
    5.56437478475204E+03    1.28581840899609E+03
    5.56275531845384E+03    1.28678876862831E+03


    5.56115413449036E+03    1.28676128766427E+03
    5.56277476455875E+03    1.28578862226043E+03
    5.56275531845384E+03    1.28678876862831E+03
    5.56115413449036E+03    1.28676128766427E+03


    5.56115413449036E+03    1.28676128766427E+03
    5.56117525095876E+03    1.28575909207806E+03
    5.56277476455875E+03    1.28578862226043E+03
    5.56115413449036E+03    1.28676128766427E+03


    5.56437478475204E+03    1.28581840899609E+03
    5.56599447256848E+03    1.28484929545152E+03
    5.56597476294656E+03    1.28584924455882E+03
    5.56437478475204E+03    1.28581840899609E+03


    5.56437478475204E+03    1.28581840899609E+03
    5.56439472799139E+03    1.28481808362171E+03
    5.56599447256848E+03    1.28484929545152E+03
    5.56437478475204E+03    1.28581840899609E+03


    5.56277476455875E+03    1.28578862226043E+03
    5.56439472799139E+03    1.28481808362171E+03
    5.56437478475204E+03    1.28581840899609E+03
    5.56277476455875E+03    1.28578862226043E+03


    5.56277476455875E+03    1.28578862226043E+03
    5.56279540793428E+03    1.28478791888256E+03
    5.56439472799139E+03    1.28481808362171E+03
    5.56277476455875E+03    1.28578862226043E+03


    5.56117525095876E+03    1.28575909207806E+03
    5.56279540793428E+03    1.28478791888256E+03
    5.56277476455875E+03    1.28578862226043E+03
    5.56117525095876E+03    1.28575909207806E+03


    5.56117525095876E+03    1.28575909207806E+03
    5.56119658580767E+03    1.28475793018029E+03
    5.56279540793428E+03    1.28478791888256E+03
    5.56117525095876E+03    1.28575909207806E+03


    5.56595554036796E+03    1.28684904071858E+03
    5.56594419591211E+03    1.28744893893838E+03
    5.56434429671899E+03    1.28741847514305E+03
    5.56595554036796E+03    1.28684904071858E+03


    5.56435550498005E+03    1.28681846568952E+03
    5.56595554036796E+03    1.28684904071858E+03
    5.56434429671899E+03    1.28741847514305E+03
    5.56435550498005E+03    1.28681846568952E+03


    5.56435550498005E+03    1.28681846568952E+03
    5.56434429671899E+03    1.28741847514305E+03
    5.56274456711116E+03    1.28738882428372E+03
    5.56435550498005E+03    1.28681846568952E+03


    5.56275531845384E+03    1.28678876862831E+03
    5.56435550498005E+03    1.28681846568952E+03
    5.56274456711116E+03    1.28738882428372E+03
    5.56275531845384E+03    1.28678876862831E+03


    5.56439472799139E+03    1.28481808362171E+03
    5.56601452737512E+03    1.28384903093441E+03
    5.56599447256848E+03    1.28484929545152E+03
    5.56439472799139E+03    1.28481808362171E+03


    5.56439472799139E+03    1.28481808362171E+03
    5.56441503620879E+03    1.28381737154001E+03
    5.56601452737512E+03    1.28384903093441E+03
    5.56439472799139E+03    1.28481808362171E+03


    5.56279540793428E+03    1.28478791888256E+03
    5.56441503620879E+03    1.28381737154001E+03
    5.56439472799139E+03    1.28481808362171E+03
    5.56279540793428E+03    1.28478791888256E+03


    5.56279540793428E+03    1.28478791888256E+03
    5.56281630508037E+03    1.28378690419830E+03
    5.56441503620879E+03    1.28381737154001E+03
    5.56279540793428E+03    1.28478791888256E+03


    5.56119658580767E+03    1.28475793018029E+03
    5.56281630508037E+03    1.28378690419830E+03
    5.56279540793428E+03    1.28478791888256E+03
    5.56119658580767E+03    1.28475793018029E+03


    5.56119658580767E+03    1.28475793018029E+03
    5.56121915902191E+03    1.28375759359548E+03
    5.56281630508037E+03    1.28378690419830E+03
    5.56119658580767E+03    1.28475793018029E+03


    5.56275531845384E+03    1.28678876862831E+03
    5.56274456711116E+03    1.28738882428372E+03
    5.56114458903538E+03    1.28736199196816E+03
    5.56275531845384E+03    1.28678876862831E+03


    5.56115413449036E+03    1.28676128766427E+03
    5.56275531845384E+03    1.28678876862831E+03
    5.56114458903538E+03    1.28736199196816E+03
    5.56115413449036E+03    1.28676128766427E+03


    5.55714414931271E+03    1.28731553235469E+03
    5.55815337660375E+03    1.28673218537179E+03
    5.55814429552834E+03    1.28733138652352E+03
    5.55714414931271E+03    1.28731553235469E+03


    5.55714414931271E+03    1.28731553235469E+03
    5.55715411860871E+03    1.28671562498744E+03
    5.55815337660375E+03    1.28673218537179E+03
    5.55714414931271E+03    1.28731553235469E+03


    5.55817377508510E+03    1.28573503843349E+03
    5.55815337660375E+03    1.28673218537179E+03
    5.55715411860871E+03    1.28671562498744E+03
    5.55817377508510E+03    1.28573503843349E+03


    5.55817377508510E+03    1.28573503843349E+03
    5.55715411860871E+03    1.28671562498744E+03
    5.55717371910899E+03    1.28571629761816E+03
    5.55817377508510E+03    1.28573503843349E+03


    5.55821872211147E+03    1.28373667382905E+03
    5.55922990406367E+03    1.28314458903650E+03
    5.55922402995744E+03    1.28374387714217E+03
    5.55821872211147E+03    1.28373667382905E+03


    5.55821872211147E+03    1.28373667382905E+03
    5.55822844298655E+03    1.28313693577016E+03
    5.55922990406367E+03    1.28314458903650E+03
    5.55821872211147E+03    1.28373667382905E+03


    5.55922402995744E+03    1.28374387714217E+03
    5.56023035852680E+03    1.28314907465213E+03
    5.56022408903667E+03    1.28374897279802E+03
    5.55922402995744E+03    1.28374387714217E+03


    5.55922402995744E+03    1.28374387714217E+03
    5.55922990406367E+03    1.28314458903650E+03
    5.56023035852680E+03    1.28314907465213E+03
    5.55922402995744E+03    1.28374387714217E+03


    5.56022408903667E+03    1.28374897279802E+03
    5.56122924111276E+03    1.28315725704682E+03
    5.56121915902191E+03    1.28375759359548E+03
    5.56022408903667E+03    1.28374897279802E+03


    5.56022408903667E+03    1.28374897279802E+03
    5.56023035852680E+03    1.28314907465213E+03
    5.56122924111276E+03    1.28315725704682E+03
    5.56022408903667E+03    1.28374897279802E+03


    5.55521388434128E+03    1.28368006003616E+03
    5.55622600075560E+03    1.28310046323628E+03
    5.55621447642866E+03    1.28369965318544E+03
    5.55521388434128E+03    1.28368006003616E+03


    5.55521388434128E+03    1.28368006003616E+03
    5.55522552428598E+03    1.28308068674037E+03
    5.55622600075560E+03    1.28310046323628E+03
    5.55521388434128E+03    1.28368006003616E+03


    5.55621447642866E+03    1.28369965318544E+03
    5.55722691475276E+03    1.28311965903601E+03
    5.55721594707009E+03    1.28371864240483E+03
    5.55621447642866E+03    1.28369965318544E+03


    5.55621447642866E+03    1.28369965318544E+03
    5.55622600075560E+03    1.28310046323628E+03
    5.55722691475276E+03    1.28311965903601E+03
    5.55621447642866E+03    1.28369965318544E+03


    5.56602670066991E+03    1.28324870698738E+03
    5.56601452737512E+03    1.28384903093441E+03
    5.56441503620879E+03    1.28381737154001E+03
    5.56602670066991E+03    1.28324870698738E+03


    5.56442719450008E+03    1.28321677289438E+03
    5.56602670066991E+03    1.28324870698738E+03
    5.56441503620879E+03    1.28381737154001E+03
    5.56442719450008E+03    1.28321677289438E+03


    5.56442719450008E+03    1.28321677289438E+03
    5.56441503620879E+03    1.28381737154001E+03
    5.56281630508037E+03    1.28378690419830E+03
    5.56442719450008E+03    1.28321677289438E+03


    5.56282808316818E+03    1.28318604085186E+03
    5.56442719450008E+03    1.28321677289438E+03
    5.56281630508037E+03    1.28378690419830E+03
    5.56282808316818E+03    1.28318604085186E+03


    5.56282808316818E+03    1.28318604085186E+03
    5.56281630508037E+03    1.28378690419830E+03
    5.56121915902191E+03    1.28375759359548E+03
    5.56282808316818E+03    1.28318604085186E+03


    5.56122924111276E+03    1.28315725704682E+03
    5.56282808316818E+03    1.28318604085186E+03
    5.56121915902191E+03    1.28375759359548E+03
    5.56122924111276E+03    1.28315725704682E+03


    5.55721594707009E+03    1.28371864240483E+03
    5.55822844298655E+03    1.28313693577016E+03
    5.55821872211147E+03    1.28373667382905E+03
    5.55721594707009E+03    1.28371864240483E+03


    5.55721594707009E+03    1.28371864240483E+03
    5.55722691475276E+03    1.28311965903601E+03
    5.55822844298655E+03    1.28313693577016E+03
    5.55721594707009E+03    1.28371864240483E+03


    5.55822844298655E+03    1.28313693577016E+03
    5.55923695398300E+03    1.28254497909396E+03
    5.55922990406367E+03    1.28314458903650E+03
    5.55822844298655E+03    1.28313693577016E+03


    5.55822844298655E+03    1.28313693577016E+03
    5.55823765853823E+03    1.28253783443690E+03
    5.55923695398300E+03    1.28254497909396E+03
    5.55822844298655E+03    1.28313693577016E+03


    5.55922990406367E+03    1.28314458903650E+03
    5.56023753512624E+03    1.28254925426761E+03
    5.56023035852680E+03    1.28314907465213E+03
    5.55922990406367E+03    1.28314458903650E+03


    5.55922990406367E+03    1.28314458903650E+03
    5.55923695398300E+03    1.28254497909396E+03
    5.56023753512624E+03    1.28254925426761E+03
    5.55922990406367E+03    1.28314458903650E+03


    5.56023035852680E+03    1.28314907465213E+03
    5.56123888021535E+03    1.28255679294721E+03
    5.56122924111276E+03    1.28315725704682E+03
    5.56023035852680E+03    1.28314907465213E+03


    5.56023035852680E+03    1.28314907465213E+03
    5.56023753512624E+03    1.28254925426761E+03
    5.56123888021535E+03    1.28255679294721E+03
    5.56023035852680E+03    1.28314907465213E+03


    5.55522552428598E+03    1.28308068674037E+03
    5.55623741390283E+03    1.28250117724905E+03
    5.55622600075560E+03    1.28310046323628E+03
    5.55522552428598E+03    1.28308068674037E+03


    5.55522552428598E+03    1.28308068674037E+03
    5.55523716981736E+03    1.28248112833787E+03
    5.55623741390283E+03    1.28250117724905E+03
    5.55522552428598E+03    1.28308068674037E+03


    5.55622600075560E+03    1.28310046323628E+03
    5.55723753032703E+03    1.28252054737117E+03
    5.55722691475276E+03    1.28311965903601E+03
    5.55622600075560E+03    1.28310046323628E+03


    5.55622600075560E+03    1.28310046323628E+03
    5.55623741390283E+03    1.28250117724905E+03
    5.55723753032703E+03    1.28252054737117E+03
    5.55622600075560E+03    1.28310046323628E+03


    5.56603901894624E+03    1.28264829630585E+03
    5.56602670066991E+03    1.28324870698738E+03
    5.56442719450008E+03    1.28321677289438E+03
    5.56603901894624E+03    1.28264829630585E+03


    5.56443947294148E+03    1.28261615422802E+03
    5.56603901894624E+03    1.28264829630585E+03
    5.56442719450008E+03    1.28321677289438E+03
    5.56443947294148E+03    1.28261615422802E+03


    5.56443947294148E+03    1.28261615422802E+03
    5.56442719450008E+03    1.28321677289438E+03
    5.56282808316818E+03    1.28318604085186E+03
    5.56443947294148E+03    1.28261615422802E+03


    5.56283971080761E+03    1.28258536972143E+03
    5.56443947294148E+03    1.28261615422802E+03
    5.56282808316818E+03    1.28318604085186E+03
    5.56283971080761E+03    1.28258536972143E+03


    5.56283971080761E+03    1.28258536972143E+03
    5.56282808316818E+03    1.28318604085186E+03
    5.56122924111276E+03    1.28315725704682E+03
    5.56283971080761E+03    1.28258536972143E+03


    5.56123888021535E+03    1.28255679294721E+03
    5.56283971080761E+03    1.28258536972143E+03
    5.56122924111276E+03    1.28315725704682E+03
    5.56123888021535E+03    1.28255679294721E+03


    5.55722691475276E+03    1.28311965903601E+03
    5.55823765853823E+03    1.28253783443690E+03
    5.55822844298655E+03    1.28313693577016E+03
    5.55722691475276E+03    1.28311965903601E+03


    5.55722691475276E+03    1.28311965903601E+03
    5.55723753032703E+03    1.28252054737117E+03
    5.55823765853823E+03    1.28253783443690E+03
    5.55722691475276E+03    1.28311965903601E+03


    5.55823765853823E+03    1.28253783443690E+03
    5.55924286117528E+03    1.28194526060618E+03
    5.55923695398300E+03    1.28254497909396E+03
    5.55823765853823E+03    1.28253783443690E+03


    5.55823765853823E+03    1.28253783443690E+03
    5.55824723531518E+03    1.28193910118997E+03
    5.55924286117528E+03    1.28194526060618E+03
    5.55823765853823E+03    1.28253783443690E+03


    5.55923695398300E+03    1.28254497909396E+03
    5.56024312774781E+03    1.28194996603084E+03
    5.56023753512624E+03    1.28254925426761E+03
    5.55923695398300E+03    1.28254497909396E+03


    5.55923695398300E+03    1.28254497909396E+03
    5.55924286117528E+03    1.28194526060618E+03
    5.56024312774781E+03    1.28194996603084E+03
    5.55923695398300E+03    1.28254497909396E+03


    5.56023753512624E+03    1.28254925426761E+03
    5.56124912443147E+03    1.28195589680694E+03
    5.56123888021535E+03    1.28255679294721E+03
    5.56023753512624E+03    1.28254925426761E+03


    5.56023753512624E+03    1.28254925426761E+03
    5.56024312774781E+03    1.28194996603084E+03
    5.56124912443147E+03    1.28195589680694E+03
    5.56023753512624E+03    1.28254925426761E+03


    5.55523716981736E+03    1.28248112833787E+03
    5.55624924047523E+03    1.28190179890524E+03
    5.55623741390283E+03    1.28250117724905E+03
    5.55523716981736E+03    1.28248112833787E+03


    5.55523716981736E+03    1.28248112833787E+03
    5.55524915598314E+03    1.28188141909866E+03
    5.55624924047523E+03    1.28190179890524E+03
    5.55523716981736E+03    1.28248112833787E+03


    5.55623741390283E+03    1.28250117724905E+03
    5.55724862847194E+03    1.28192125555739E+03
    5.55723753032703E+03    1.28252054737117E+03
    5.55623741390283E+03    1.28250117724905E+03


    5.55623741390283E+03    1.28250117724905E+03
    5.55624924047523E+03    1.28190179890524E+03
    5.55724862847194E+03    1.28192125555739E+03
    5.55623741390283E+03    1.28250117724905E+03


    5.55631626679255E+03    1.27890925605956E+03
    5.55629426225675E+03    1.27990579398614E+03
    5.55529324410439E+03    1.27988515830089E+03
    5.55631626679255E+03    1.27890925605956E+03


    5.55631626679255E+03    1.27890925605956E+03
    5.55529324410439E+03    1.27988515830089E+03
    5.55531476566603E+03    1.27888911738179E+03
    5.55631626679255E+03    1.27890925605956E+03


    5.55629426225675E+03    1.27990579398614E+03
    5.55627127563513E+03    1.28090335951132E+03
    5.55527085195867E+03    1.28088258067631E+03
    5.55629426225675E+03    1.27990579398614E+03


    5.55629426225675E+03    1.27990579398614E+03
    5.55527085195867E+03    1.28088258067631E+03
    5.55529324410439E+03    1.27988515830089E+03
    5.55629426225675E+03    1.27990579398614E+03


    5.55627127563513E+03    1.28090335951132E+03
    5.55624924047523E+03    1.28190179890524E+03
    5.55524915598314E+03    1.28188141909866E+03
    5.55627127563513E+03    1.28090335951132E+03


    5.55627127563513E+03    1.28090335951132E+03
    5.55524915598314E+03    1.28188141909866E+03
    5.55527085195867E+03    1.28088258067631E+03
    5.55627127563513E+03    1.28090335951132E+03


    5.55731866997204E+03    1.27892840333363E+03
    5.55729555023653E+03    1.27992535313810E+03
    5.55629426225675E+03    1.27990579398614E+03
    5.55731866997204E+03    1.27892840333363E+03


    5.55731866997204E+03    1.27892840333363E+03
    5.55629426225675E+03    1.27990579398614E+03
    5.55631626679255E+03    1.27890925605956E+03
    5.55731866997204E+03    1.27892840333363E+03


    5.55729555023653E+03    1.27992535313810E+03
    5.55727145624503E+03    1.28092323028398E+03
    5.55627127563513E+03    1.28090335951132E+03
    5.55729555023653E+03    1.27992535313810E+03


    5.55729555023653E+03    1.27992535313810E+03
    5.55627127563513E+03    1.28090335951132E+03
    5.55629426225675E+03    1.27990579398614E+03
    5.55729555023653E+03    1.27992535313810E+03


    5.55727145624503E+03    1.28092323028398E+03
    5.55724862847194E+03    1.28192125555739E+03
    5.55624924047523E+03    1.28190179890524E+03
    5.55727145624503E+03    1.28092323028398E+03


    5.55727145624503E+03    1.28092323028398E+03
    5.55624924047523E+03    1.28190179890524E+03
    5.55627127563513E+03    1.28090335951132E+03
    5.55727145624503E+03    1.28092323028398E+03


    5.55832262101636E+03    1.27894636999672E+03
    5.55829606768887E+03    1.27994659176486E+03
    5.55729555023653E+03    1.27992535313810E+03
    5.55832262101636E+03    1.27894636999672E+03


    5.55832262101636E+03    1.27894636999672E+03
    5.55729555023653E+03    1.27992535313810E+03
    5.55731866997204E+03    1.27892840333363E+03
    5.55832262101636E+03    1.27894636999672E+03


    5.55829606768887E+03    1.27994659176486E+03
    5.55827161656131E+03    1.28094379082464E+03
    5.55727145624503E+03    1.28092323028398E+03
    5.55829606768887E+03    1.27994659176486E+03


    5.55829606768887E+03    1.27994659176486E+03
    5.55727145624503E+03    1.28092323028398E+03
    5.55729555023653E+03    1.27992535313810E+03
    5.55829606768887E+03    1.27994659176486E+03


    5.56445198380067E+03    1.28201553525152E+03
    5.56607276077907E+03    1.28104653170950E+03
    5.56605151729652E+03    1.28204778096237E+03
    5.56445198380067E+03    1.28201553525152E+03


    5.56445198380067E+03    1.28201553525152E+03
    5.56447353733245E+03    1.28101433328483E+03
    5.56607276077907E+03    1.28104653170950E+03
    5.56445198380067E+03    1.28201553525152E+03


    5.56285171262466E+03    1.28198489623276E+03
    5.56447353733245E+03    1.28101433328483E+03
    5.56445198380067E+03    1.28201553525152E+03
    5.56285171262466E+03    1.28198489623276E+03


    5.56285171262466E+03    1.28198489623276E+03
    5.56287378002156E+03    1.28098416800014E+03
    5.56447353733245E+03    1.28101433328483E+03
    5.56285171262466E+03    1.28198489623276E+03


    5.56124912443147E+03    1.28195589680694E+03
    5.56287378002156E+03    1.28098416800014E+03
    5.56285171262466E+03    1.28198489623276E+03
    5.56124912443147E+03    1.28195589680694E+03


    5.56124912443147E+03    1.28195589680694E+03
    5.56127435145756E+03    1.28095293350621E+03
    5.56287378002156E+03    1.28098416800014E+03
    5.56124912443147E+03    1.28195589680694E+03


    5.56447353733245E+03    1.28101433328483E+03
    5.56609420344797E+03    1.28004452988196E+03
    5.56607276077907E+03    1.28104653170950E+03
    5.56447353733245E+03    1.28101433328483E+03


    5.56447353733245E+03    1.28101433328483E+03
    5.56449546598248E+03    1.28001258834671E+03
    5.56609420344797E+03    1.28004452988196E+03
    5.56447353733245E+03    1.28101433328483E+03


    5.56287378002156E+03    1.28098416800014E+03
    5.56449546598248E+03    1.28001258834671E+03
    5.56447353733245E+03    1.28101433328483E+03
    5.56287378002156E+03    1.28098416800014E+03


    5.56287378002156E+03    1.28098416800014E+03
    5.56289685887390E+03    1.27998266930108E+03
    5.56449546598248E+03    1.28001258834671E+03
    5.56287378002156E+03    1.28098416800014E+03


    5.56127435145756E+03    1.28095293350621E+03
    5.56289685887390E+03    1.27998266930108E+03
    5.56287378002156E+03    1.28098416800014E+03
    5.56127435145756E+03    1.28095293350621E+03


    5.56127435145756E+03    1.28095293350621E+03
    5.56129843916893E+03    1.27995200852853E+03
    5.56289685887390E+03    1.27998266930108E+03
    5.56127435145756E+03    1.28095293350621E+03


    5.56605151729652E+03    1.28204778096237E+03
    5.56603901894624E+03    1.28264829630585E+03
    5.56443947294148E+03    1.28261615422802E+03
    5.56605151729652E+03    1.28204778096237E+03


    5.56445198380067E+03    1.28201553525152E+03
    5.56605151729652E+03    1.28204778096237E+03
    5.56443947294148E+03    1.28261615422802E+03
    5.56445198380067E+03    1.28201553525152E+03


    5.56445198380067E+03    1.28201553525152E+03
    5.56443947294148E+03    1.28261615422802E+03
    5.56283971080761E+03    1.28258536972143E+03
    5.56445198380067E+03    1.28201553525152E+03


    5.56285171262466E+03    1.28198489623276E+03
    5.56445198380067E+03    1.28201553525152E+03
    5.56283971080761E+03    1.28258536972143E+03
    5.56285171262466E+03    1.28198489623276E+03


    5.56449546598248E+03    1.28001258834671E+03
    5.56611540050782E+03    1.27904163504705E+03
    5.56609420344797E+03    1.28004452988196E+03
    5.56449546598248E+03    1.28001258834671E+03


    5.56449546598248E+03    1.28001258834671E+03
    5.56451706410685E+03    1.27901018490816E+03
    5.56611540050782E+03    1.27904163504705E+03
    5.56449546598248E+03    1.28001258834671E+03


    5.56289685887390E+03    1.27998266930108E+03
    5.56451706410685E+03    1.27901018490816E+03
    5.56449546598248E+03    1.28001258834671E+03
    5.56289685887390E+03    1.27998266930108E+03


    5.56289685887390E+03    1.27998266930108E+03
    5.56291929833009E+03    1.27898087793313E+03
    5.56451706410685E+03    1.27901018490816E+03
    5.56289685887390E+03    1.27998266930108E+03


    5.56129843916893E+03    1.27995200852853E+03
    5.56291929833009E+03    1.27898087793313E+03
    5.56289685887390E+03    1.27998266930108E+03
    5.56129843916893E+03    1.27995200852853E+03


    5.56129843916893E+03    1.27995200852853E+03
    5.56132310300386E+03    1.27895263935664E+03
    5.56291929833009E+03    1.27898087793313E+03
    5.56129843916893E+03    1.27995200852853E+03


    5.56285171262466E+03    1.28198489623276E+03
    5.56283971080761E+03    1.28258536972143E+03
    5.56123888021535E+03    1.28255679294721E+03
    5.56285171262466E+03    1.28198489623276E+03


    5.56124912443147E+03    1.28195589680694E+03
    5.56285171262466E+03    1.28198489623276E+03
    5.56123888021535E+03    1.28255679294721E+03
    5.56124912443147E+03    1.28195589680694E+03


    5.55723753032703E+03    1.28252054737117E+03
    5.55824723531518E+03    1.28193910118997E+03
    5.55823765853823E+03    1.28253783443690E+03
    5.55723753032703E+03    1.28252054737117E+03


    5.55723753032703E+03    1.28252054737117E+03
    5.55724862847194E+03    1.28192125555739E+03
    5.55824723531518E+03    1.28193910118997E+03
    5.55723753032703E+03    1.28252054737117E+03


    5.55827161656131E+03    1.28094379082464E+03
    5.55824723531518E+03    1.28193910118997E+03
    5.55724862847194E+03    1.28192125555739E+03
    5.55827161656131E+03    1.28094379082464E+03


    5.55827161656131E+03    1.28094379082464E+03
    5.55724862847194E+03    1.28192125555739E+03
    5.55727145624503E+03    1.28092323028398E+03
    5.55827161656131E+03    1.28094379082464E+03


    5.55832262101636E+03    1.27894636999672E+03
    5.55933349327812E+03    1.27834991441665E+03
    5.55932979434338E+03    1.27894897106369E+03
    5.55832262101636E+03    1.27894636999672E+03


    5.55832262101636E+03    1.27894636999672E+03
    5.55833167996058E+03    1.27834663057130E+03
    5.55933349327812E+03    1.27834991441665E+03
    5.55832262101636E+03    1.27894636999672E+03


    5.55932979434338E+03    1.27894897106369E+03
    5.56033399043004E+03    1.27834894818648E+03
    5.56032980461548E+03    1.27894874908128E+03
    5.55932979434338E+03    1.27894897106369E+03


    5.55932979434338E+03    1.27894897106369E+03
    5.55933349327812E+03    1.27834991441665E+03
    5.56033399043004E+03    1.27834894818648E+03
    5.55932979434338E+03    1.27894897106369E+03


    5.56032980461548E+03    1.27894874908128E+03
    5.56133257016577E+03    1.27835267706241E+03
    5.56132310300386E+03    1.27895263935664E+03
    5.56032980461548E+03    1.27894874908128E+03


    5.56032980461548E+03    1.27894874908128E+03
    5.56033399043004E+03    1.27834894818648E+03
    5.56133257016577E+03    1.27835267706241E+03
    5.56032980461548E+03    1.27894874908128E+03


    5.55531476566603E+03    1.27888911738179E+03
    5.55632800580054E+03    1.27831146336849E+03
    5.55631626679255E+03    1.27890925605956E+03
    5.55531476566603E+03    1.27888911738179E+03


    5.55531476566603E+03    1.27888911738179E+03
    5.55532666388738E+03    1.27829171846480E+03
    5.55632800580054E+03    1.27831146336849E+03
    5.55531476566603E+03    1.27888911738179E+03


    5.55631626679255E+03    1.27890925605956E+03
    5.55732960421233E+03    1.27833030404264E+03
    5.55731866997204E+03    1.27892840333363E+03
    5.55631626679255E+03    1.27890925605956E+03


    5.55631626679255E+03    1.27890925605956E+03
    5.55632800580054E+03    1.27831146336849E+03
    5.55732960421233E+03    1.27833030404264E+03
    5.55631626679255E+03    1.27890925605956E+03


    5.56612774729787E+03    1.27843947674976E+03
    5.56611540050782E+03    1.27904163504705E+03
    5.56451706410685E+03    1.27901018490816E+03
    5.56612774729787E+03    1.27843947674976E+03


    5.56452948632382E+03    1.27840846043761E+03
    5.56612774729787E+03    1.27843947674976E+03
    5.56451706410685E+03    1.27901018490816E+03
    5.56452948632382E+03    1.27840846043761E+03


    5.56452948632382E+03    1.27840846043761E+03
    5.56451706410685E+03    1.27901018490816E+03
    5.56291929833009E+03    1.27898087793313E+03
    5.56452948632382E+03    1.27840846043761E+03


    5.56293115858359E+03    1.27837950929585E+03
    5.56452948632382E+03    1.27840846043761E+03
    5.56291929833009E+03    1.27898087793313E+03
    5.56293115858359E+03    1.27837950929585E+03


    5.56293115858359E+03    1.27837950929585E+03
    5.56291929833009E+03    1.27898087793313E+03
    5.56132310300386E+03    1.27895263935664E+03
    5.56293115858359E+03    1.27837950929585E+03


    5.56133257016577E+03    1.27835267706241E+03
    5.56293115858359E+03    1.27837950929585E+03
    5.56132310300386E+03    1.27895263935664E+03
    5.56133257016577E+03    1.27835267706241E+03


    5.55731866997204E+03    1.27892840333363E+03
    5.55833167996058E+03    1.27834663057130E+03
    5.55832262101636E+03    1.27894636999672E+03
    5.55731866997204E+03    1.27892840333363E+03


    5.55731866997204E+03    1.27892840333363E+03
    5.55732960421233E+03    1.27833030404264E+03
    5.55833167996058E+03    1.27834663057130E+03
    5.55731866997204E+03    1.27892840333363E+03


    5.55833167996058E+03    1.27834663057130E+03
    5.55933877286595E+03    1.27775037646193E+03
    5.55933349327812E+03    1.27834991441665E+03
    5.55833167996058E+03    1.27834663057130E+03


    5.55833167996058E+03    1.27834663057130E+03
    5.55833983104748E+03    1.27774772568640E+03
    5.55933877286595E+03    1.27775037646193E+03
    5.55833167996058E+03    1.27834663057130E+03


    5.55933349327812E+03    1.27834991441665E+03
    5.56033940806710E+03    1.27774926906882E+03
    5.56033399043004E+03    1.27834894818648E+03
    5.55933349327812E+03    1.27834991441665E+03


    5.55933349327812E+03    1.27834991441665E+03
    5.55933877286595E+03    1.27775037646193E+03
    5.56033940806710E+03    1.27774926906882E+03
    5.55933349327812E+03    1.27834991441665E+03


    5.56033399043004E+03    1.27834894818648E+03
    5.56134124619422E+03    1.27775257759815E+03
    5.56133257016577E+03    1.27835267706241E+03
    5.56033399043004E+03    1.27834894818648E+03


    5.56033399043004E+03    1.27834894818648E+03
    5.56033940806710E+03    1.27774926906882E+03
    5.56134124619422E+03    1.27775257759815E+03
    5.56033399043004E+03    1.27834894818648E+03


    5.55532666388738E+03    1.27829171846480E+03
    5.55633914759517E+03    1.27771355098885E+03
    5.55632800580054E+03    1.27831146336849E+03
    5.55532666388738E+03    1.27829171846480E+03


    5.55532666388738E+03    1.27829171846480E+03
    5.55533811470792E+03    1.27769412444399E+03
    5.55633914759517E+03    1.27771355098885E+03
    5.55532666388738E+03    1.27829171846480E+03


    5.55632800580054E+03    1.27831146336849E+03
    5.55733966783862E+03    1.27773200083394E+03
    5.55732960421233E+03    1.27833030404264E+03
    5.55632800580054E+03    1.27831146336849E+03


    5.55632800580054E+03    1.27831146336849E+03
    5.55633914759517E+03    1.27771355098885E+03
    5.55733966783862E+03    1.27773200083394E+03
    5.55632800580054E+03    1.27831146336849E+03


    5.56613991994956E+03    1.27783710670554E+03
    5.56612774729787E+03    1.27843947674976E+03
    5.56452948632382E+03    1.27840846043761E+03
    5.56613991994956E+03    1.27783710670554E+03


    5.56454167629798E+03    1.27780668668248E+03
    5.56613991994956E+03    1.27783710670554E+03
    5.56452948632382E+03    1.27840846043761E+03
    5.56454167629798E+03    1.27780668668248E+03


    5.56454167629798E+03    1.27780668668248E+03
    5.56452948632382E+03    1.27840846043761E+03
    5.56293115858359E+03    1.27837950929585E+03
    5.56454167629798E+03    1.27780668668248E+03


    5.56294246875164E+03    1.27777844366020E+03
    5.56454167629798E+03    1.27780668668248E+03
    5.56293115858359E+03    1.27837950929585E+03
    5.56294246875164E+03    1.27777844366020E+03


    5.56294246875164E+03    1.27777844366020E+03
    5.56293115858359E+03    1.27837950929585E+03
    5.56133257016577E+03    1.27835267706241E+03
    5.56294246875164E+03    1.27777844366020E+03


    5.56134124619422E+03    1.27775257759815E+03
    5.56294246875164E+03    1.27777844366020E+03
    5.56133257016577E+03    1.27835267706241E+03
    5.56134124619422E+03    1.27775257759815E+03


    5.55732960421233E+03    1.27833030404264E+03
    5.55833983104748E+03    1.27774772568640E+03
    5.55833167996058E+03    1.27834663057130E+03
    5.55732960421233E+03    1.27833030404264E+03


    5.55732960421233E+03    1.27833030404264E+03
    5.55733966783862E+03    1.27773200083394E+03
    5.55833983104748E+03    1.27774772568640E+03
    5.55732960421233E+03    1.27833030404264E+03


    5.55833983104748E+03    1.27774772568640E+03
    5.55934250600708E+03    1.27715071317080E+03
    5.55933877286595E+03    1.27775037646193E+03
    5.55833983104748E+03    1.27774772568640E+03


    5.55833983104748E+03    1.27774772568640E+03
    5.55834820629206E+03    1.27714928820160E+03
    5.55934250600708E+03    1.27715071317080E+03
    5.55833983104748E+03    1.27774772568640E+03


    5.55933877286595E+03    1.27775037646193E+03
    5.56034285602754E+03    1.27715020417805E+03
    5.56033940806710E+03    1.27774926906882E+03
    5.55933877286595E+03    1.27775037646193E+03


    5.55933877286595E+03    1.27775037646193E+03
    5.55934250600708E+03    1.27715071317080E+03
    5.56034285602754E+03    1.27715020417805E+03
    5.55933877286595E+03    1.27775037646193E+03


    5.56033940806710E+03    1.27774926906882E+03
    5.56135051112017E+03    1.27715196799769E+03
    5.56134124619422E+03    1.27775257759815E+03
    5.56033940806710E+03    1.27774926906882E+03


    5.56033940806710E+03    1.27774926906882E+03
    5.56034285602754E+03    1.27715020417805E+03
    5.56135051112017E+03    1.27715196799769E+03
    5.56033940806710E+03    1.27774926906882E+03


    5.55533811470792E+03    1.27769412444399E+03
    5.55635038233292E+03    1.27711552702877E+03
    5.55633914759517E+03    1.27771355098885E+03
    5.55533811470792E+03    1.27769412444399E+03


    5.55533811470792E+03    1.27769412444399E+03
    5.55534958679285E+03    1.27709635419229E+03
    5.55635038233292E+03    1.27711552702877E+03
    5.55533811470792E+03    1.27769412444399E+03


    5.55633914759517E+03    1.27771355098885E+03
    5.55734996657626E+03    1.27713346420631E+03
    5.55733966783862E+03    1.27773200083394E+03
    5.55633914759517E+03    1.27771355098885E+03


    5.55633914759517E+03    1.27771355098885E+03
    5.55635038233292E+03    1.27711552702877E+03
    5.55734996657626E+03    1.27713346420631E+03
    5.55633914759517E+03    1.27771355098885E+03


    5.55641078797221E+03    1.27413063429638E+03
    5.55639196106548E+03    1.27512449008360E+03
    5.55539005301217E+03    1.27510693941387E+03
    5.55641078797221E+03    1.27413063429638E+03


    5.55641078797221E+03    1.27413063429638E+03
    5.55539005301217E+03    1.27510693941387E+03
    5.55540829884928E+03    1.27411477994292E+03
    5.55641078797221E+03    1.27413063429638E+03


    5.55639196106548E+03    1.27512449008360E+03
    5.55637109142713E+03    1.27611948846503E+03
    5.55536985520126E+03    1.27610080658836E+03
    5.55639196106548E+03    1.27512449008360E+03


    5.55639196106548E+03    1.27512449008360E+03
    5.55536985520126E+03    1.27610080658836E+03
    5.55539005301217E+03    1.27510693941387E+03
    5.55639196106548E+03    1.27512449008360E+03


    5.55637109142713E+03    1.27611948846503E+03
    5.55635038233292E+03    1.27711552702877E+03
    5.55534958679285E+03    1.27709635419229E+03
    5.55637109142713E+03    1.27611948846503E+03


    5.55637109142713E+03    1.27611948846503E+03
    5.55534958679285E+03    1.27709635419229E+03
    5.55536985520126E+03    1.27610080658836E+03
    5.55637109142713E+03    1.27611948846503E+03


    5.55741361769085E+03    1.27414514257951E+03
    5.55739373492806E+03    1.27514065833073E+03
    5.55639196106548E+03    1.27512449008360E+03
    5.55741361769085E+03    1.27414514257951E+03


    5.55741361769085E+03    1.27414514257951E+03
    5.55639196106548E+03    1.27512449008360E+03
    5.55641078797221E+03    1.27413063429638E+03
    5.55741361769085E+03    1.27414514257951E+03


    5.55739373492806E+03    1.27514065833073E+03
    5.55737169983322E+03    1.27613695210781E+03
    5.55637109142713E+03    1.27611948846503E+03
    5.55739373492806E+03    1.27514065833073E+03


    5.55739373492806E+03    1.27514065833073E+03
    5.55637109142713E+03    1.27611948846503E+03
    5.55639196106548E+03    1.27512449008360E+03
    5.55739373492806E+03    1.27514065833073E+03


    5.55737169983322E+03    1.27613695210781E+03
    5.55734996657626E+03    1.27713346420631E+03
    5.55635038233292E+03    1.27711552702877E+03
    5.55737169983322E+03    1.27613695210781E+03


    5.55737169983322E+03    1.27613695210781E+03
    5.55635038233292E+03    1.27711552702877E+03
    5.55637109142713E+03    1.27611948846503E+03
    5.55737169983322E+03    1.27613695210781E+03


    5.55841746011595E+03    1.27415881149658E+03
    5.55839444511686E+03    1.27515865898319E+03
    5.55739373492806E+03    1.27514065833073E+03
    5.55841746011595E+03    1.27415881149658E+03


    5.55841746011595E+03    1.27415881149658E+03
    5.55739373492806E+03    1.27514065833073E+03
    5.55741361769085E+03    1.27414514257951E+03
    5.55841746011595E+03    1.27415881149658E+03


    5.55839444511686E+03    1.27515865898319E+03
    5.55837200639378E+03    1.27615515360356E+03
    5.55737169983322E+03    1.27613695210781E+03
    5.55839444511686E+03    1.27515865898319E+03


    5.55839444511686E+03    1.27515865898319E+03
    5.55737169983322E+03    1.27613695210781E+03
    5.55739373492806E+03    1.27514065833073E+03
    5.55839444511686E+03    1.27515865898319E+03


    5.56455377742405E+03    1.27720488735324E+03
    5.56617176143686E+03    1.27622963020502E+03
    5.56615191533715E+03    1.27723452638383E+03
    5.56455377742405E+03    1.27720488735324E+03


    5.56455377742405E+03    1.27720488735324E+03
    5.56457397046079E+03    1.27620164959470E+03
    5.56617176143686E+03    1.27622963020502E+03
    5.56455377742405E+03    1.27720488735324E+03


    5.56295390606113E+03    1.27717767045993E+03
    5.56457397046079E+03    1.27620164959470E+03
    5.56455377742405E+03    1.27720488735324E+03
    5.56295390606113E+03    1.27717767045993E+03


    5.56295390606113E+03    1.27717767045993E+03
    5.56297467982043E+03    1.27617653510438E+03
    5.56457397046079E+03    1.27620164959470E+03
    5.56295390606113E+03    1.27717767045993E+03


    5.56135051112017E+03    1.27715196799769E+03
    5.56297467982043E+03    1.27617653510438E+03
    5.56295390606113E+03    1.27717767045993E+03
    5.56135051112017E+03    1.27715196799769E+03


    5.56135051112017E+03    1.27715196799769E+03
    5.56137501020625E+03    1.27614974533204E+03
    5.56297467982043E+03    1.27617653510438E+03
    5.56135051112017E+03    1.27715196799769E+03


    5.56457397046079E+03    1.27620164959470E+03
    5.56619070179181E+03    1.27522364296944E+03
    5.56617176143686E+03    1.27622963020502E+03
    5.56457397046079E+03    1.27620164959470E+03


    5.56457397046079E+03    1.27620164959470E+03
    5.56459349016755E+03    1.27519771557322E+03
    5.56619070179181E+03    1.27522364296944E+03
    5.56457397046079E+03    1.27620164959470E+03


    5.56297467982043E+03    1.27617653510438E+03
    5.56459349016755E+03    1.27519771557322E+03
    5.56457397046079E+03    1.27620164959470E+03
    5.56297467982043E+03    1.27617653510438E+03


    5.56297467982043E+03    1.27617653510438E+03
    5.56299545666157E+03    1.27517458024443E+03
    5.56459349016755E+03    1.27519771557322E+03
    5.56297467982043E+03    1.27617653510438E+03


    5.56137501020625E+03    1.27614974533204E+03
    5.56299545666157E+03    1.27517458024443E+03
    5.56297467982043E+03    1.27617653510438E+03
    5.56137501020625E+03    1.27614974533204E+03


    5.56137501020625E+03    1.27614974533204E+03
    5.56139676177122E+03    1.27515017682988E+03
    5.56299545666157E+03    1.27517458024443E+03
    5.56137501020625E+03    1.27614974533204E+03


    5.56615191533715E+03    1.27723452638383E+03
    5.56613991994956E+03    1.27783710670554E+03
    5.56454167629798E+03    1.27780668668248E+03
    5.56615191533715E+03    1.27723452638383E+03


    5.56455377742405E+03    1.27720488735324E+03
    5.56615191533715E+03    1.27723452638383E+03
    5.56454167629798E+03    1.27780668668248E+03
    5.56455377742405E+03    1.27720488735324E+03


    5.56455377742405E+03    1.27720488735324E+03
    5.56454167629798E+03    1.27780668668248E+03
    5.56294246875164E+03    1.27777844366020E+03
    5.56455377742405E+03    1.27720488735324E+03


    5.56295390606113E+03    1.27717767045993E+03
    5.56455377742405E+03    1.27720488735324E+03
    5.56294246875164E+03    1.27777844366020E+03
    5.56295390606113E+03    1.27717767045993E+03


    5.56459349016755E+03    1.27519771557322E+03
    5.56620823763849E+03    1.27421640610995E+03
    5.56619070179181E+03    1.27522364296944E+03
    5.56459349016755E+03    1.27519771557322E+03


    5.56459349016755E+03    1.27519771557322E+03
    5.56461143814369E+03    1.27419298938157E+03
    5.56620823763849E+03    1.27421640610995E+03
    5.56459349016755E+03    1.27519771557322E+03


    5.56299545666157E+03    1.27517458024443E+03
    5.56461143814369E+03    1.27419298938157E+03
    5.56459349016755E+03    1.27519771557322E+03
    5.56299545666157E+03    1.27517458024443E+03


    5.56299545666157E+03    1.27517458024443E+03
    5.56301423623682E+03    1.27417242522607E+03
    5.56461143814369E+03    1.27419298938157E+03
    5.56299545666157E+03    1.27517458024443E+03


    5.56139676177122E+03    1.27515017682988E+03
    5.56301423623682E+03    1.27417242522607E+03
    5.56299545666157E+03    1.27517458024443E+03
    5.56139676177122E+03    1.27515017682988E+03


    5.56139676177122E+03    1.27515017682988E+03
    5.56141751315681E+03    1.27415265223218E+03
    5.56301423623682E+03    1.27417242522607E+03
    5.56139676177122E+03    1.27515017682988E+03


    5.56295390606113E+03    1.27717767045993E+03
    5.56294246875164E+03    1.27777844366020E+03
    5.56134124619422E+03    1.27775257759815E+03
    5.56295390606113E+03    1.27717767045993E+03


    5.56135051112017E+03    1.27715196799769E+03
    5.56295390606113E+03    1.27717767045993E+03
    5.56134124619422E+03    1.27775257759815E+03
    5.56135051112017E+03    1.27715196799769E+03


    5.55733966783862E+03    1.27773200083394E+03
    5.55834820629206E+03    1.27714928820160E+03
    5.55833983104748E+03    1.27774772568640E+03
    5.55733966783862E+03    1.27773200083394E+03


    5.55733966783862E+03    1.27773200083394E+03
    5.55734996657626E+03    1.27713346420631E+03
    5.55834820629206E+03    1.27714928820160E+03
    5.55733966783862E+03    1.27773200083394E+03


    5.55837200639378E+03    1.27615515360356E+03
    5.55834820629206E+03    1.27714928820160E+03
    5.55734996657626E+03    1.27713346420631E+03
    5.55837200639378E+03    1.27615515360356E+03


    5.55837200639378E+03    1.27615515360356E+03
    5.55734996657626E+03    1.27713346420631E+03
    5.55737169983322E+03    1.27613695210781E+03
    5.55837200639378E+03    1.27615515360356E+03


    5.55841746011595E+03    1.27415881149658E+03
    5.55942511206782E+03    1.27355850164815E+03
    5.55942381512795E+03    1.27415769168659E+03
    5.55841746011595E+03    1.27415881149658E+03


    5.55841746011595E+03    1.27415881149658E+03
    5.55842387432935E+03    1.27355896878659E+03
    5.55942511206782E+03    1.27355850164815E+03
    5.55841746011595E+03    1.27415881149658E+03


    5.55942381512795E+03    1.27415769168659E+03
    5.56042526597767E+03    1.27355415527772E+03
    5.56042365023039E+03    1.27415387536731E+03
    5.55942381512795E+03    1.27415769168659E+03


    5.55942381512795E+03    1.27415769168659E+03
    5.55942511206782E+03    1.27355850164815E+03
    5.56042526597767E+03    1.27355415527772E+03
    5.55942381512795E+03    1.27415769168659E+03


    5.56042365023039E+03    1.27415387536731E+03
    5.56142412281496E+03    1.27355353709714E+03
    5.56141751315681E+03    1.27415265223218E+03
    5.56042365023039E+03    1.27415387536731E+03


    5.56042365023039E+03    1.27415387536731E+03
    5.56042526597767E+03    1.27355415527772E+03
    5.56142412281496E+03    1.27355353709714E+03
    5.56042365023039E+03    1.27415387536731E+03


    5.55540829884928E+03    1.27411477994292E+03
    5.55642012226091E+03    1.27353452273804E+03
    5.55641078797221E+03    1.27413063429638E+03
    5.55540829884928E+03    1.27411477994292E+03


    5.55540829884928E+03    1.27411477994292E+03
    5.55541776674420E+03    1.27351998044158E+03
    5.55642012226091E+03    1.27353452273804E+03
    5.55540829884928E+03    1.27411477994292E+03


    5.55641078797221E+03    1.27413063429638E+03
    5.55742210353384E+03    1.27354778440812E+03
    5.55741361769085E+03    1.27414514257951E+03
    5.55641078797221E+03    1.27413063429638E+03


    5.55641078797221E+03    1.27413063429638E+03
    5.55642012226091E+03    1.27353452273804E+03
    5.55742210353384E+03    1.27354778440812E+03
    5.55641078797221E+03    1.27413063429638E+03


    5.56621756910447E+03    1.27361144945074E+03
    5.56620823763849E+03    1.27421640610995E+03
    5.56461143814369E+03    1.27419298938157E+03
    5.56621756910447E+03    1.27361144945074E+03


    5.56462098704565E+03    1.27358980694891E+03
    5.56621756910447E+03    1.27361144945074E+03
    5.56461143814369E+03    1.27419298938157E+03
    5.56462098704565E+03    1.27358980694891E+03


    5.56462098704565E+03    1.27358980694891E+03
    5.56461143814369E+03    1.27419298938157E+03
    5.56301423623682E+03    1.27417242522607E+03
    5.56462098704565E+03    1.27358980694891E+03


    5.56302320641461E+03    1.27357089488741E+03
    5.56462098704565E+03    1.27358980694891E+03
    5.56301423623682E+03    1.27417242522607E+03
    5.56302320641461E+03    1.27357089488741E+03


    5.56302320641461E+03    1.27357089488741E+03
    5.56301423623682E+03    1.27417242522607E+03
    5.56141751315681E+03    1.27415265223218E+03
    5.56302320641461E+03    1.27357089488741E+03


    5.56142412281496E+03    1.27355353709714E+03
    5.56302320641461E+03    1.27357089488741E+03
    5.56141751315681E+03    1.27415265223218E+03
    5.56142412281496E+03    1.27355353709714E+03


    5.55741361769085E+03    1.27414514257951E+03
    5.55842387432935E+03    1.27355896878659E+03
    5.55841746011595E+03    1.27415881149658E+03
    5.55741361769085E+03    1.27414514257951E+03


    5.55741361769085E+03    1.27414514257951E+03
    5.55742210353384E+03    1.27354778440812E+03
    5.55842387432935E+03    1.27355896878659E+03
    5.55741361769085E+03    1.27414514257951E+03


    5.55842387432935E+03    1.27355896878659E+03
    5.55942784911338E+03    1.27295880825231E+03
    5.55942511206782E+03    1.27355850164815E+03
    5.55842387432935E+03    1.27355896878659E+03


    5.55842387432935E+03    1.27355896878659E+03
    5.55842920964800E+03    1.27295978164240E+03
    5.55942784911338E+03    1.27295880825231E+03
    5.55842387432935E+03    1.27355896878659E+03


    5.55942511206782E+03    1.27355850164815E+03
    5.56042804823243E+03    1.27295457153374E+03
    5.56042526597767E+03    1.27355415527772E+03
    5.55942511206782E+03    1.27355850164815E+03


    5.55942511206782E+03    1.27355850164815E+03
    5.55942784911338E+03    1.27295880825231E+03
    5.56042804823243E+03    1.27295457153374E+03
    5.55942511206782E+03    1.27355850164815E+03


    5.56042526597767E+03    1.27355415527772E+03
    5.56142975490815E+03    1.27295436023097E+03
    5.56142412281496E+03    1.27355353709714E+03
    5.56042526597767E+03    1.27355415527772E+03


    5.56042526597767E+03    1.27355415527772E+03
    5.56042804823243E+03    1.27295457153374E+03
    5.56142975490815E+03    1.27295436023097E+03
    5.56042526597767E+03    1.27355415527772E+03


    5.55541776674420E+03    1.27351998044158E+03
    5.55642834789039E+03    1.27293835637247E+03
    5.55642012226091E+03    1.27353452273804E+03
    5.55541776674420E+03    1.27351998044158E+03


    5.55541776674420E+03    1.27351998044158E+03
    5.55542624310469E+03    1.27292519863509E+03
    5.55642834789039E+03    1.27293835637247E+03
    5.55541776674420E+03    1.27351998044158E+03


    5.55642012226091E+03    1.27353452273804E+03
    5.55742930664629E+03    1.27295015906413E+03
    5.55742210353384E+03    1.27354778440812E+03
    5.55642012226091E+03    1.27353452273804E+03


    5.55642012226091E+03    1.27353452273804E+03
    5.55642834789039E+03    1.27293835637247E+03
    5.55742930664629E+03    1.27295015906413E+03
    5.55642012226091E+03    1.27353452273804E+03


    5.56622623118826E+03    1.27300617606521E+03
    5.56621756910447E+03    1.27361144945074E+03
    5.56462098704565E+03    1.27358980694891E+03
    5.56622623118826E+03    1.27300617606521E+03


    5.56462977669038E+03    1.27298653047582E+03
    5.56622623118826E+03    1.27300617606521E+03
    5.56462098704565E+03    1.27358980694891E+03
    5.56462977669038E+03    1.27298653047582E+03


    5.56462977669038E+03    1.27298653047582E+03
    5.56462098704565E+03    1.27358980694891E+03
    5.56302320641461E+03    1.27357089488741E+03
    5.56462977669038E+03    1.27298653047582E+03


    5.56303117555344E+03    1.27296968782596E+03
    5.56462977669038E+03    1.27298653047582E+03
    5.56302320641461E+03    1.27357089488741E+03
    5.56303117555344E+03    1.27296968782596E+03


    5.56303117555344E+03    1.27296968782596E+03
    5.56302320641461E+03    1.27357089488741E+03
    5.56142412281496E+03    1.27355353709714E+03
    5.56303117555344E+03    1.27296968782596E+03


    5.56142975490815E+03    1.27295436023097E+03
    5.56303117555344E+03    1.27296968782596E+03
    5.56142412281496E+03    1.27355353709714E+03
    5.56142975490815E+03    1.27295436023097E+03


    5.55742210353384E+03    1.27354778440812E+03
    5.55842920964800E+03    1.27295978164240E+03
    5.55842387432935E+03    1.27355896878659E+03
    5.55742210353384E+03    1.27354778440812E+03


    5.55742210353384E+03    1.27354778440812E+03
    5.55742930664629E+03    1.27295015906413E+03
    5.55842920964800E+03    1.27295978164240E+03
    5.55742210353384E+03    1.27354778440812E+03


    5.55842920964800E+03    1.27295978164240E+03
    5.55942918701335E+03    1.27235902332715E+03
    5.55942784911338E+03    1.27295880825231E+03
    5.55842920964800E+03    1.27295978164240E+03


    5.55842920964800E+03    1.27295978164240E+03
    5.55843443882285E+03    1.27236088004609E+03
    5.55942918701335E+03    1.27235902332715E+03
    5.55842920964800E+03    1.27295978164240E+03


    5.55942784911338E+03    1.27295880825231E+03
    5.56042933306467E+03    1.27235537418418E+03
    5.56042804823243E+03    1.27295457153374E+03
    5.55942784911338E+03    1.27295880825231E+03


    5.55942784911338E+03    1.27295880825231E+03
    5.55942918701335E+03    1.27235902332715E+03
    5.56042933306467E+03    1.27235537418418E+03
    5.55942784911338E+03    1.27295880825231E+03


    5.56042804823243E+03    1.27295457153374E+03
    5.56143558143981E+03    1.27235485984840E+03
    5.56142975490815E+03    1.27295436023097E+03
    5.56042804823243E+03    1.27295457153374E+03


    5.56042804823243E+03    1.27295457153374E+03
    5.56042933306467E+03    1.27235537418418E+03
    5.56143558143981E+03    1.27235485984840E+03
    5.56042804823243E+03    1.27295457153374E+03


    5.55542624310469E+03    1.27292519863509E+03
    5.55643602727235E+03    1.27234216616100E+03
    5.55642834789039E+03    1.27293835637247E+03
    5.55542624310469E+03    1.27292519863509E+03


    5.55542624310469E+03    1.27292519863509E+03
    5.55543414622050E+03    1.27233046710954E+03
    5.55643602727235E+03    1.27234216616100E+03
    5.55542624310469E+03    1.27292519863509E+03


    5.55642834789039E+03    1.27293835637247E+03
    5.55743618439409E+03    1.27235228964715E+03
    5.55742930664629E+03    1.27295015906413E+03
    5.55642834789039E+03    1.27293835637247E+03


    5.55642834789039E+03    1.27293835637247E+03
    5.55643602727235E+03    1.27234216616100E+03
    5.55743618439409E+03    1.27235228964715E+03
    5.55642834789039E+03    1.27293835637247E+03


    5.55646630155454E+03    1.26936506476346E+03
    5.55645946651146E+03    1.27035705086741E+03
    5.55545725536582E+03    1.27035162488249E+03
    5.55646630155454E+03    1.26936506476346E+03


    5.55646630155454E+03    1.26936506476346E+03
    5.55545725536582E+03    1.27035162488249E+03
    5.55546630155454E+03    1.26936506476346E+03
    5.55646630155454E+03    1.26936506476346E+03


    5.55645946651146E+03    1.27035705086741E+03
    5.55644876714764E+03    1.27134920898021E+03
    5.55544652907824E+03    1.27134010701821E+03
    5.55645946651146E+03    1.27035705086741E+03


    5.55645946651146E+03    1.27035705086741E+03
    5.55544652907824E+03    1.27134010701821E+03
    5.55545725536582E+03    1.27035162488249E+03
    5.55645946651146E+03    1.27035705086741E+03


    5.55644876714764E+03    1.27134920898021E+03
    5.55643602727235E+03    1.27234216616100E+03
    5.55543414622050E+03    1.27233046710954E+03
    5.55644876714764E+03    1.27134920898021E+03


    5.55644876714764E+03    1.27134920898021E+03
    5.55543414622050E+03    1.27233046710954E+03
    5.55544652907824E+03    1.27134010701821E+03
    5.55644876714764E+03    1.27134920898021E+03


    5.55746630155454E+03    1.26936506476346E+03
    5.55746053501746E+03    1.27036106569212E+03
    5.55645946651146E+03    1.27035705086741E+03
    5.55746630155454E+03    1.26936506476346E+03


    5.55746630155454E+03    1.26936506476346E+03
    5.55645946651146E+03    1.27035705086741E+03
    5.55646630155454E+03    1.26936506476346E+03
    5.55746630155454E+03    1.26936506476346E+03


    5.55746053501746E+03    1.27036106569212E+03
    5.55744973212865E+03    1.27135666372212E+03
    5.55644876714764E+03    1.27134920898021E+03
    5.55746053501746E+03    1.27036106569212E+03


    5.55746053501746E+03    1.27036106569212E+03
    5.55644876714764E+03    1.27134920898021E+03
    5.55645946651146E+03    1.27035705086741E+03
    5.55746053501746E+03    1.27036106569212E+03


    5.55744973212865E+03    1.27135666372212E+03
    5.55743618439409E+03    1.27235228964715E+03
    5.55643602727235E+03    1.27234216616100E+03
    5.55744973212865E+03    1.27135666372212E+03


    5.55744973212865E+03    1.27135666372212E+03
    5.55643602727235E+03    1.27234216616100E+03
    5.55644876714764E+03    1.27134920898021E+03
    5.55744973212865E+03    1.27135666372212E+03


    5.55846630155454E+03    1.26936506476346E+03
    5.55846062836115E+03    1.27036614282111E+03
    5.55746053501746E+03    1.27036106569212E+03
    5.55846630155454E+03    1.26936506476346E+03


    5.55846630155454E+03    1.26936506476346E+03
    5.55746053501746E+03    1.27036106569212E+03
    5.55746630155454E+03    1.26936506476346E+03
    5.55846630155454E+03    1.26936506476346E+03


    5.55846062836115E+03    1.27036614282111E+03
    5.55844980115734E+03    1.27136479744208E+03
    5.55744973212865E+03    1.27135666372212E+03
    5.55846062836115E+03    1.27036614282111E+03


    5.55846062836115E+03    1.27036614282111E+03
    5.55744973212865E+03    1.27135666372212E+03
    5.55746053501746E+03    1.27036106569212E+03
    5.55846062836115E+03    1.27036614282111E+03


    5.56463793471577E+03    1.27238317464398E+03
    5.56624642838918E+03    1.27139052047783E+03
    5.56623416035479E+03    1.27240059605840E+03
    5.56463793471577E+03    1.27238317464398E+03


    5.56463793471577E+03    1.27238317464398E+03
    5.56465029203331E+03    1.27137732811234E+03
    5.56624642838918E+03    1.27139052047783E+03
    5.56463793471577E+03    1.27238317464398E+03


    5.56303869687712E+03    1.27236877976455E+03
    5.56465029203331E+03    1.27137732811234E+03
    5.56463793471577E+03    1.27238317464398E+03
    5.56303869687712E+03    1.27236877976455E+03


    5.56303869687712E+03    1.27236877976455E+03
    5.56305104577085E+03    1.27136757222888E+03
    5.56465029203331E+03    1.27137732811234E+03
    5.56303869687712E+03    1.27236877976455E+03


    5.56143558143981E+03    1.27235485984840E+03
    5.56305104577085E+03    1.27136757222888E+03
    5.56303869687712E+03    1.27236877976455E+03
    5.56143558143981E+03    1.27235485984840E+03


    5.56143558143981E+03    1.27235485984840E+03
    5.56145030084808E+03    1.27135609194059E+03
    5.56305104577085E+03    1.27136757222888E+03
    5.56143558143981E+03    1.27235485984840E+03


    5.56465029203331E+03    1.27137732811234E+03
    5.56625672911189E+03    1.27037893510973E+03
    5.56624642838918E+03    1.27139052047783E+03
    5.56465029203331E+03    1.27137732811234E+03


    5.56465029203331E+03    1.27137732811234E+03
    5.56466031209844E+03    1.27037102143422E+03
    5.56625672911189E+03    1.27037893510973E+03
    5.56465029203331E+03    1.27137732811234E+03


    5.56305104577085E+03    1.27136757222888E+03
    5.56466031209844E+03    1.27037102143422E+03
    5.56465029203331E+03    1.27137732811234E+03
    5.56305104577085E+03    1.27136757222888E+03


    5.56305104577085E+03    1.27136757222888E+03
    5.56306085682665E+03    1.27036616057948E+03
    5.56466031209844E+03    1.27037102143422E+03
    5.56305104577085E+03    1.27136757222888E+03


    5.56145030084808E+03    1.27135609194059E+03
    5.56306085682665E+03    1.27036616057948E+03
    5.56305104577085E+03    1.27136757222888E+03
    5.56145030084808E+03    1.27135609194059E+03


    5.56145030084808E+03    1.27135609194059E+03
    5.56146027315617E+03    1.27035974341024E+03
    5.56306085682665E+03    1.27036616057948E+03
    5.56145030084808E+03    1.27135609194059E+03


    5.56623416035479E+03    1.27240059605840E+03
    5.56622623118826E+03    1.27300617606521E+03
    5.56462977669038E+03    1.27298653047582E+03
    5.56623416035479E+03    1.27240059605840E+03


    5.56463793471577E+03    1.27238317464398E+03
    5.56623416035479E+03    1.27240059605840E+03
    5.56462977669038E+03    1.27298653047582E+03
    5.56463793471577E+03    1.27238317464398E+03


    5.56463793471577E+03    1.27238317464398E+03
    5.56462977669038E+03    1.27298653047582E+03
    5.56303117555344E+03    1.27296968782596E+03
    5.56463793471577E+03    1.27238317464398E+03


    5.56303869687712E+03    1.27236877976455E+03
    5.56463793471577E+03    1.27238317464398E+03
    5.56303117555344E+03    1.27296968782596E+03
    5.56303869687712E+03    1.27236877976455E+03


    5.56466031209844E+03    1.27037102143422E+03
    5.56626630155455E+03    1.26936506476346E+03
    5.56625672911189E+03    1.27037893510973E+03
    5.56466031209844E+03    1.27037102143422E+03


    5.56466031209844E+03    1.27037102143422E+03
    5.56466630155455E+03    1.26936506476346E+03
    5.56626630155455E+03    1.26936506476346E+03
    5.56466031209844E+03    1.27037102143422E+03


    5.56306085682665E+03    1.27036616057948E+03
    5.56466630155455E+03    1.26936506476346E+03
    5.56466031209844E+03    1.27037102143422E+03
    5.56306085682665E+03    1.27036616057948E+03


    5.56306085682665E+03    1.27036616057948E+03
    5.56306630155455E+03    1.26936506476346E+03
    5.56466630155455E+03    1.26936506476346E+03
    5.56306085682665E+03    1.27036616057948E+03


    5.56146027315617E+03    1.27035974341024E+03
    5.56306630155455E+03    1.26936506476346E+03
    5.56306085682665E+03    1.27036616057948E+03
    5.56146027315617E+03    1.27035974341024E+03


    5.56146027315617E+03    1.27035974341024E+03
    5.56146630155455E+03    1.26936506476346E+03
    5.56306630155455E+03    1.26936506476346E+03
    5.56146027315617E+03    1.27035974341024E+03


    5.56303869687712E+03    1.27236877976455E+03
    5.56303117555344E+03    1.27296968782596E+03
    5.56142975490815E+03    1.27295436023097E+03
    5.56303869687712E+03    1.27236877976455E+03


    5.56143558143981E+03    1.27235485984840E+03
    5.56303869687712E+03    1.27236877976455E+03
    5.56142975490815E+03    1.27295436023097E+03
    5.56143558143981E+03    1.27235485984840E+03


    5.55742930664629E+03    1.27295015906413E+03
    5.55843443882285E+03    1.27236088004609E+03
    5.55842920964800E+03    1.27295978164240E+03
    5.55742930664629E+03    1.27295015906413E+03


    5.55742930664629E+03    1.27295015906413E+03
    5.55743618439409E+03    1.27235228964715E+03
    5.55843443882285E+03    1.27236088004609E+03
    5.55742930664629E+03    1.27295015906413E+03


    5.55844980115734E+03    1.27136479744208E+03
    5.55843443882285E+03    1.27236088004609E+03
    5.55743618439409E+03    1.27235228964715E+03
    5.55844980115734E+03    1.27136479744208E+03


    5.55844980115734E+03    1.27136479744208E+03
    5.55743618439409E+03    1.27235228964715E+03
    5.55744973212865E+03    1.27135666372212E+03
    5.55844980115734E+03    1.27136479744208E+03


