# Gnuplot Deformed Mesh Archive
# X_deformed              Y_deformed
    5.64115343984088E+03    1.24627761117453E+03
    5.64127763825377E+03    1.24625237257639E+03
    5.64140183670065E+03    1.24622703378304E+03
    5.64142722313936E+03    1.24635209730653E+03
    5.64145260467357E+03    1.24647716066643E+03
    5.64132820583540E+03    1.24650248965025E+03
    5.64120380702766E+03    1.24652771843851E+03
    5.64117862588363E+03    1.24640266488885E+03
    5.64115343984088E+03    1.24627761117453E+03


    5.64090956100816E+03    1.24632722294313E+03
    5.64103150039801E+03    1.24630260835991E+03
    5.64115343984088E+03    1.24627761117453E+03
    5.64117862588363E+03    1.24640266488885E+03
    5.64120380702766E+03    1.24652771843851E+03
    5.64108110237291E+03    1.24655270582788E+03
    5.64095839776360E+03    1.24657731062395E+03
    5.64093398181919E+03    1.24645226686657E+03
    5.64090956100816E+03    1.24632722294313E+03


    5.64120380702766E+03    1.24652771843851E+03
    5.64132820583540E+03    1.24650248965025E+03
    5.64145260467357E+03    1.24647716066643E+03
    5.64147798204157E+03    1.24660220301270E+03
    5.64150335598812E+03    1.24672724535210E+03
    5.64137875676070E+03    1.24675256748958E+03
    5.64125415755590E+03    1.24677778943165E+03
    5.64122898399796E+03    1.24665275393853E+03
    5.64120380702766E+03    1.24652771843851E+03


    5.64095839776360E+03    1.24657731062395E+03
    5.64108110237291E+03    1.24655270582788E+03
    5.64120380702766E+03    1.24652771843851E+03
    5.64122898399796E+03    1.24665275393853E+03
    5.64125415755590E+03    1.24677778943165E+03
    5.64113068773929E+03    1.24680276999360E+03
    5.64100721795589E+03    1.24682736798481E+03
    5.64098280954482E+03    1.24670233930775E+03
    5.64095839776360E+03    1.24657731062395E+03


    5.64067192790345E+03    1.24637452331364E+03
    5.64079074442203E+03    1.24635125964468E+03
    5.64090956100816E+03    1.24632722294313E+03
    5.64093398181919E+03    1.24645226686657E+03
    5.64095839776360E+03    1.24657731062395E+03
    5.64083803508782E+03    1.24660133760906E+03
    5.64071767246775E+03    1.24662459159493E+03
    5.64069480257001E+03    1.24649955753714E+03
    5.64067192790345E+03    1.24637452331364E+03


    5.64044177612240E+03    1.24641779578412E+03
    5.64055685197440E+03    1.24639677991966E+03
    5.64067192790345E+03    1.24637452331364E+03
    5.64069480257001E+03    1.24649955753714E+03
    5.64071767246775E+03    1.24662459159493E+03
    5.64060011500119E+03    1.24664683872686E+03
    5.64048255759468E+03    1.24666784519656E+03
    5.64046216912906E+03    1.24654282057069E+03
    5.64044177612240E+03    1.24641779578412E+03


    5.64071767246775E+03    1.24662459159493E+03
    5.64083803508782E+03    1.24660133760906E+03
    5.64095839776360E+03    1.24657731062395E+03
    5.64098280954482E+03    1.24670233930775E+03
    5.64100721795589E+03    1.24682736798481E+03
    5.64088530936060E+03    1.24685138823865E+03
    5.64076340080602E+03    1.24687463556866E+03
    5.64074053826763E+03    1.24674961358489E+03
    5.64071767246775E+03    1.24662459159493E+03


    5.64048255759468E+03    1.24666784519656E+03
    5.64060011500119E+03    1.24664683872686E+03
    5.64071767246775E+03    1.24662459159493E+03
    5.64074053826763E+03    1.24674961358489E+03
    5.64076340080602E+03    1.24687463556866E+03
    5.64064336219388E+03    1.24689687621388E+03
    5.64052332362582E+03    1.24691787636368E+03
    5.64050294213259E+03    1.24679286078259E+03
    5.64048255759468E+03    1.24666784519656E+03


    5.64125415755590E+03    1.24677778943165E+03
    5.64137875676070E+03    1.24675256748958E+03
    5.64150335598812E+03    1.24672724535210E+03
    5.64152872698403E+03    1.24685227581679E+03
    5.64155409550906E+03    1.24697730623522E+03
    5.64142929589472E+03    1.24700262342767E+03
    5.64130449629245E+03    1.24702784042507E+03
    5.64127932815598E+03    1.24690281495120E+03
    5.64125415755590E+03    1.24677778943165E+03


    5.64100721795589E+03    1.24682736798481E+03
    5.64113068773929E+03    1.24680276999360E+03
    5.64125415755590E+03    1.24677778943165E+03
    5.64127932815598E+03    1.24690281495120E+03
    5.64130449629245E+03    1.24702784042507E+03
    5.64118026136792E+03    1.24705281605639E+03
    5.64105602646088E+03    1.24707740913665E+03
    5.64103162342365E+03    1.24695238858280E+03
    5.64100721795589E+03    1.24682736798481E+03


    5.64130449629245E+03    1.24702784042507E+03
    5.64142929589472E+03    1.24700262342767E+03
    5.64155409550906E+03    1.24697730623522E+03
    5.64157946235376E+03    1.24710231710455E+03
    5.64160482831440E+03    1.24722732792145E+03
    5.64147982831448E+03    1.24725264334451E+03
    5.64135482831470E+03    1.24727785857267E+03
    5.64132966274423E+03    1.24715284952463E+03
    5.64130449629245E+03    1.24702784042507E+03


    5.64105602646088E+03    1.24707740913665E+03
    5.64118026136792E+03    1.24705281605639E+03
    5.64130449629245E+03    1.24702784042507E+03
    5.64132966274423E+03    1.24715284952463E+03
    5.64135482831470E+03    1.24727785857267E+03
    5.64122982831505E+03    1.24730283243994E+03
    5.64110482831542E+03    1.24732742376371E+03
    5.64108042782263E+03    1.24720241647481E+03
    5.64105602646088E+03    1.24707740913665E+03


    5.64076340080602E+03    1.24687463556866E+03
    5.64088530936060E+03    1.24685138823865E+03
    5.64100721795589E+03    1.24682736798481E+03
    5.64103162342365E+03    1.24695238858280E+03
    5.64105602646088E+03    1.24707740913665E+03
    5.64093257211334E+03    1.24710142453437E+03
    5.64080911778729E+03    1.24712466707064E+03
    5.64078626047018E+03    1.24699965134033E+03
    5.64076340080602E+03    1.24687463556866E+03


    5.64052332362582E+03    1.24691787636368E+03
    5.64064336219388E+03    1.24689687621388E+03
    5.64076340080602E+03    1.24687463556866E+03
    5.64078626047018E+03    1.24699965134033E+03
    5.64080911778729E+03    1.24712466707064E+03
    5.64068659837839E+03    1.24714690304776E+03
    5.64056407899266E+03    1.24716789866064E+03
    5.64054370240112E+03    1.24704288753064E+03
    5.64052332362582E+03    1.24691787636368E+03


    5.64080911778729E+03    1.24712466707064E+03
    5.64093257211334E+03    1.24710142453437E+03
    5.64105602646088E+03    1.24707740913665E+03
    5.64108042782263E+03    1.24720241647481E+03
    5.64110482831542E+03    1.24732742376371E+03
    5.64097982831591E+03    1.24735143742517E+03
    5.64085482831658E+03    1.24737467824878E+03
    5.64083197347095E+03    1.24724967268240E+03
    5.64080911778729E+03    1.24712466707064E+03


    5.64056407899266E+03    1.24716789866064E+03
    5.64068659837839E+03    1.24714690304776E+03
    5.64080911778729E+03    1.24712466707064E+03
    5.64083197347095E+03    1.24724967268240E+03
    5.64085482831658E+03    1.24737467824878E+03
    5.64072982831741E+03    1.24739691255933E+03
    5.64060482831827E+03    1.24741790655469E+03
    5.64058445404454E+03    1.24729290262750E+03
    5.64056407899266E+03    1.24716789866064E+03


    5.64021986247220E+03    1.24645507436679E+03
    5.64033081925620E+03    1.24643731298657E+03
    5.64044177612240E+03    1.24641779578412E+03
    5.64046216912906E+03    1.24654282057069E+03
    5.64048255759468E+03    1.24666784519656E+03
    5.64036808898235E+03    1.24668735348017E+03
    5.64025362042914E+03    1.24670510609639E+03
    5.64023674349499E+03    1.24658009030562E+03
    5.64021986247220E+03    1.24645507436679E+03


    5.64000649981014E+03    1.24648425877036E+03
    5.64011318109954E+03    1.24647081184395E+03
    5.64021986247220E+03    1.24645507436679E+03
    5.64023674349499E+03    1.24658009030562E+03
    5.64025362042914E+03    1.24670510609639E+03
    5.64014235778272E+03    1.24672083574079E+03
    5.64003109518813E+03    1.24673427510636E+03
    5.64001879914199E+03    1.24660926700010E+03
    5.64000649981014E+03    1.24648425877036E+03


    5.64025362042914E+03    1.24670510609639E+03
    5.64036808898235E+03    1.24668735348017E+03
    5.64048255759468E+03    1.24666784519656E+03
    5.64050294213259E+03    1.24679286078259E+03
    5.64052332362582E+03    1.24691787636368E+03
    5.64040534402126E+03    1.24693737863804E+03
    5.64028736446032E+03    1.24695512555431E+03
    5.64027049377901E+03    1.24683011582645E+03
    5.64025362042914E+03    1.24670510609639E+03


    5.64003109518813E+03    1.24673427510636E+03
    5.64014235778272E+03    1.24672083574079E+03
    5.64025362042914E+03    1.24670510609639E+03
    5.64027049377901E+03    1.24683011582645E+03
    5.64028736446032E+03    1.24695512555431E+03
    5.64017152185374E+03    1.24697085000566E+03
    5.64005567928720E+03    1.24698428469649E+03
    5.64004338827330E+03    1.24685927990098E+03
    5.64003109518813E+03    1.24673427510636E+03


    5.63980161457129E+03    1.24650321809105E+03
    5.63990405715033E+03    1.24649514881858E+03
    5.64000649981014E+03    1.24648425877036E+03
    5.64001879914199E+03    1.24660926700010E+03
    5.64003109518813E+03    1.24673427510636E+03
    5.63992301071027E+03    1.24674515920978E+03
    5.63981492627789E+03    1.24675322296342E+03
    5.63980827140260E+03    1.24662822057206E+03
    5.63980161457129E+03    1.24650321809105E+03


    5.63960482832744E+03    1.24650987649551E+03
    5.63970322141148E+03    1.24650821113835E+03
    5.63980161457129E+03    1.24650321809105E+03
    5.63980827140260E+03    1.24662822057206E+03
    5.63981492627789E+03    1.24675322296342E+03
    5.63970987730683E+03    1.24675821320456E+03
    5.63960482832744E+03    1.24675987649551E+03
    5.63960482832744E+03    1.24663487649551E+03
    5.63960482832744E+03    1.24650987649551E+03


    5.63981492627789E+03    1.24675322296342E+03
    5.63992301071027E+03    1.24674515920978E+03
    5.64003109518813E+03    1.24673427510636E+03
    5.64004338827330E+03    1.24685927990098E+03
    5.64005567928720E+03    1.24698428469649E+03
    5.63994195504164E+03    1.24699516488536E+03
    5.63982823082794E+03    1.24700322552088E+03
    5.63982157913531E+03    1.24687822423622E+03
    5.63981492627789E+03    1.24675322296342E+03


    5.63960482832744E+03    1.24675987649551E+03
    5.63970987730683E+03    1.24675821320456E+03
    5.63981492627789E+03    1.24675322296342E+03
    5.63982157913531E+03    1.24687822423622E+03
    5.63982823082794E+03    1.24700322552088E+03
    5.63971652957335E+03    1.24700821382696E+03
    5.63960482832744E+03    1.24700987649551E+03
    5.63960482832744E+03    1.24688487649551E+03
    5.63960482832744E+03    1.24675987649551E+03


    5.64028736446032E+03    1.24695512555431E+03
    5.64040534402126E+03    1.24693737863804E+03
    5.64052332362582E+03    1.24691787636368E+03
    5.64054370240112E+03    1.24704288753064E+03
    5.64056407899266E+03    1.24716789866064E+03
    5.64044258901215E+03    1.24718739662804E+03
    5.64032109905476E+03    1.24720513946969E+03
    5.64030423271072E+03    1.24708013252739E+03
    5.64028736446032E+03    1.24695512555431E+03


    5.64005567928720E+03    1.24698428469649E+03
    5.64017152185374E+03    1.24697085000566E+03
    5.64028736446032E+03    1.24695512555431E+03
    5.64030423271072E+03    1.24708013252739E+03
    5.64032109905476E+03    1.24720513946969E+03
    5.64020067746926E+03    1.24722086021831E+03
    5.64008025590454E+03    1.24723429157885E+03
    5.64006796833254E+03    1.24710928814840E+03
    5.64005567928720E+03    1.24698428469649E+03


    5.64032109905476E+03    1.24720513946969E+03
    5.64044258901215E+03    1.24718739662804E+03
    5.64056407899266E+03    1.24716789866064E+03
    5.64058445404454E+03    1.24729290262750E+03
    5.64060482831827E+03    1.24741790655469E+03
    5.64047982831924E+03    1.24743740298766E+03
    5.64035482832030E+03    1.24745514438041E+03
    5.64033796402617E+03    1.24733014194093E+03
    5.64032109905476E+03    1.24720513946969E+03


    5.64008025590454E+03    1.24723429157885E+03
    5.64020067746926E+03    1.24722086021831E+03
    5.64032109905476E+03    1.24720513946969E+03
    5.64033796402617E+03    1.24733014194093E+03
    5.64035482832030E+03    1.24745514438041E+03
    5.64022982832147E+03    1.24747086381481E+03
    5.64010482832275E+03    1.24748429399718E+03
    5.64009254237469E+03    1.24735929279882E+03
    5.64008025590454E+03    1.24723429157885E+03


    5.63982823082794E+03    1.24700322552088E+03
    5.63994195504164E+03    1.24699516488536E+03
    5.64005567928720E+03    1.24698428469649E+03
    5.64006796833254E+03    1.24710928814840E+03
    5.64008025590454E+03    1.24723429157885E+03
    5.63996089336933E+03    1.24724516900068E+03
    5.63984153085215E+03    1.24725322742725E+03
    5.63983488125710E+03    1.24712822647961E+03
    5.63982823082794E+03    1.24700322552088E+03


    5.63960482832744E+03    1.24700987649551E+03
    5.63971652957335E+03    1.24700821382696E+03
    5.63982823082794E+03    1.24700322552088E+03
    5.63983488125710E+03    1.24712822647961E+03
    5.63984153085215E+03    1.24725322742725E+03
    5.63972317958856E+03    1.24725821434608E+03
    5.63960482832744E+03    1.24725987649551E+03
    5.63960482832744E+03    1.24713487649551E+03
    5.63960482832744E+03    1.24700987649551E+03


    5.63984153085215E+03    1.24725322742725E+03
    5.63996089336933E+03    1.24724516900068E+03
    5.64008025590454E+03    1.24723429157885E+03
    5.64009254237469E+03    1.24735929279882E+03
    5.64010482832275E+03    1.24748429399718E+03
    5.63997982832399E+03    1.24749517043721E+03
    5.63985482832518E+03    1.24750322808191E+03
    5.63984817973544E+03    1.24737822775827E+03
    5.63984153085215E+03    1.24725322742725E+03


    5.63960482832744E+03    1.24725987649551E+03
    5.63972317958856E+03    1.24725821434608E+03
    5.63984153085215E+03    1.24725322742725E+03
    5.63984817973544E+03    1.24737822775827E+03
    5.63985482832518E+03    1.24750322808191E+03
    5.63972982832641E+03    1.24750821451844E+03
    5.63960482832744E+03    1.24750987649551E+03
    5.63960482832744E+03    1.24738487649551E+03
    5.63960482832744E+03    1.24725987649551E+03


    5.64135482831470E+03    1.24727785857267E+03
    5.64147982831448E+03    1.24725264334451E+03
    5.64160482831440E+03    1.24722732792145E+03
    5.64163019427505E+03    1.24735231710459E+03
    5.64165556111974E+03    1.24747730623530E+03
    5.64153036073423E+03    1.24750262342774E+03
    5.64140516033694E+03    1.24752784042514E+03
    5.64137999388516E+03    1.24740284952466E+03
    5.64135482831470E+03    1.24727785857267E+03


    5.64110482831542E+03    1.24732742376371E+03
    5.64122982831505E+03    1.24730283243994E+03
    5.64135482831470E+03    1.24727785857267E+03
    5.64137999388516E+03    1.24740284952466E+03
    5.64140516033694E+03    1.24752784042514E+03
    5.64127939526218E+03    1.24755281605645E+03
    5.64115363016995E+03    1.24757740913671E+03
    5.64112922880821E+03    1.24745241647484E+03
    5.64110482831542E+03    1.24732742376371E+03


    5.64140516033694E+03    1.24752784042514E+03
    5.64153036073423E+03    1.24750262342774E+03
    5.64165556111974E+03    1.24747730623530E+03
    5.64168092964476E+03    1.24760227581693E+03
    5.64170630064065E+03    1.24772724535229E+03
    5.64158089986823E+03    1.24775256748975E+03
    5.64145549907347E+03    1.24777778943181E+03
    5.64143032847340E+03    1.24765281495131E+03
    5.64140516033694E+03    1.24752784042514E+03


    5.64115363016995E+03    1.24757740913671E+03
    5.64127939526218E+03    1.24755281605645E+03
    5.64140516033694E+03    1.24752784042514E+03
    5.64143032847340E+03    1.24765281495131E+03
    5.64145549907347E+03    1.24777778943181E+03
    5.64132896889079E+03    1.24780276999374E+03
    5.64120243867492E+03    1.24782736798493E+03
    5.64117803320717E+03    1.24770238858289E+03
    5.64115363016995E+03    1.24757740913671E+03


    5.64085482831658E+03    1.24737467824878E+03
    5.64097982831591E+03    1.24735143742517E+03
    5.64110482831542E+03    1.24732742376371E+03
    5.64112922880821E+03    1.24745241647484E+03
    5.64115363016995E+03    1.24757740913671E+03
    5.64102708451848E+03    1.24760142453442E+03
    5.64090053884587E+03    1.24762466707068E+03
    5.64087768316222E+03    1.24749967268242E+03
    5.64085482831658E+03    1.24737467824878E+03


    5.64060482831827E+03    1.24741790655469E+03
    5.64072982831741E+03    1.24739691255933E+03
    5.64085482831658E+03    1.24737467824878E+03
    5.64087768316222E+03    1.24749967268242E+03
    5.64090053884587E+03    1.24762466707068E+03
    5.64077305825642E+03    1.24764690304779E+03
    5.64064557764389E+03    1.24766789866067E+03
    5.64062520259201E+03    1.24754290262751E+03
    5.64060482831827E+03    1.24741790655469E+03


    5.64090053884587E+03    1.24762466707068E+03
    5.64102708451848E+03    1.24760142453442E+03
    5.64115363016995E+03    1.24757740913671E+03
    5.64117803320717E+03    1.24770238858289E+03
    5.64120243867492E+03    1.24782736798493E+03
    5.64107434727120E+03    1.24785138823875E+03
    5.64094625582712E+03    1.24787463556876E+03
    5.64092339616297E+03    1.24774965134040E+03
    5.64090053884587E+03    1.24762466707068E+03


    5.64064557764389E+03    1.24766789866067E+03
    5.64077305825642E+03    1.24764690304779E+03
    5.64090053884587E+03    1.24762466707068E+03
    5.64092339616297E+03    1.24774965134040E+03
    5.64094625582712E+03    1.24787463556876E+03
    5.64081629444091E+03    1.24789687621396E+03
    5.64068633301070E+03    1.24791787636375E+03
    5.64066595423542E+03    1.24779288753068E+03
    5.64064557764389E+03    1.24766789866067E+03


    5.64145549907347E+03    1.24777778943181E+03
    5.64158089986823E+03    1.24775256748975E+03
    5.64170630064065E+03    1.24772724535229E+03
    5.64173167458719E+03    1.24785220301294E+03
    5.64175705195517E+03    1.24797716066671E+03
    5.64163145079349E+03    1.24800248965051E+03
    5.64150584960167E+03    1.24802771843874E+03
    5.64148067263138E+03    1.24790275393872E+03
    5.64145549907347E+03    1.24777778943181E+03


    5.64120243867492E+03    1.24782736798493E+03
    5.64132896889079E+03    1.24780276999374E+03
    5.64145549907347E+03    1.24777778943181E+03
    5.64148067263138E+03    1.24790275393872E+03
    5.64150584960167E+03    1.24802771843874E+03
    5.64137855425713E+03    1.24805270582809E+03
    5.64125125886717E+03    1.24807731062414E+03
    5.64122684708597E+03    1.24795233930791E+03
    5.64120243867492E+03    1.24782736798493E+03


    5.64150584960167E+03    1.24802771843874E+03
    5.64163145079349E+03    1.24800248965051E+03
    5.64175705195517E+03    1.24797716066671E+03
    5.64178243348935E+03    1.24810209730685E+03
    5.64180781992802E+03    1.24822703378339E+03
    5.64168201837507E+03    1.24825237257671E+03
    5.64155621678838E+03    1.24827761117482E+03
    5.64153103074567E+03    1.24815266488911E+03
    5.64150584960167E+03    1.24802771843874E+03


    5.64125125886717E+03    1.24807731062414E+03
    5.64137855425713E+03    1.24805270582809E+03
    5.64150584960167E+03    1.24802771843874E+03
    5.64153103074567E+03    1.24815266488911E+03
    5.64155621678838E+03    1.24827761117482E+03
    5.64142815623197E+03    1.24830260836017E+03
    5.64130009562256E+03    1.24832722294336E+03
    5.64127567481156E+03    1.24820226686678E+03
    5.64125125886717E+03    1.24807731062414E+03


    5.64094625582712E+03    1.24787463556876E+03
    5.64107434727120E+03    1.24785138823875E+03
    5.64120243867492E+03    1.24782736798493E+03
    5.64122684708597E+03    1.24795233930791E+03
    5.64125125886717E+03    1.24807731062414E+03
    5.64112162154394E+03    1.24810133760922E+03
    5.64099198416535E+03    1.24812459159507E+03
    5.64096911836549E+03    1.24799961358501E+03
    5.64094625582712E+03    1.24787463556876E+03


    5.64068633301070E+03    1.24791787636375E+03
    5.64081629444091E+03    1.24789687621396E+03
    5.64094625582712E+03    1.24787463556876E+03
    5.64096911836549E+03    1.24799961358501E+03
    5.64099198416535E+03    1.24812459159507E+03
    5.64085954163356E+03    1.24814683872698E+03
    5.64072709904181E+03    1.24816784519666E+03
    5.64070671450392E+03    1.24804286078267E+03
    5.64068633301070E+03    1.24791787636375E+03


    5.64099198416535E+03    1.24812459159507E+03
    5.64112162154394E+03    1.24810133760922E+03
    5.64125125886717E+03    1.24807731062414E+03
    5.64127567481156E+03    1.24820226686678E+03
    5.64130009562256E+03    1.24832722294336E+03
    5.64116891220968E+03    1.24835125964488E+03
    5.64103772872960E+03    1.24837452331381E+03
    5.64101485406307E+03    1.24824955753730E+03
    5.64099198416535E+03    1.24812459159507E+03


    5.64072709904181E+03    1.24816784519666E+03
    5.64085954163356E+03    1.24814683872698E+03
    5.64099198416535E+03    1.24812459159507E+03
    5.64101485406307E+03    1.24824955753730E+03
    5.64103772872960E+03    1.24837452331381E+03
    5.64090280466030E+03    1.24839677991981E+03
    5.64076788051404E+03    1.24841779578424E+03
    5.64074748750741E+03    1.24829282057080E+03
    5.64072709904181E+03    1.24816784519666E+03


    5.64035482832030E+03    1.24745514438041E+03
    5.64047982831924E+03    1.24743740298766E+03
    5.64060482831827E+03    1.24741790655469E+03
    5.64062520259201E+03    1.24754290262751E+03
    5.64064557764389E+03    1.24766789866067E+03
    5.64051706762633E+03    1.24768739662806E+03
    5.64038855758583E+03    1.24770513946971E+03
    5.64037169261442E+03    1.24758014194094E+03
    5.64035482832030E+03    1.24745514438041E+03


    5.64010482832275E+03    1.24748429399718E+03
    5.64022982832147E+03    1.24747086381481E+03
    5.64035482832030E+03    1.24745514438041E+03
    5.64037169261442E+03    1.24758014194094E+03
    5.64038855758583E+03    1.24770513946971E+03
    5.64025897917369E+03    1.24772086021832E+03
    5.64012940074096E+03    1.24773429157886E+03
    5.64011711427082E+03    1.24760929279883E+03
    5.64010482832275E+03    1.24748429399718E+03


    5.64038855758583E+03    1.24770513946971E+03
    5.64051706762633E+03    1.24768739662806E+03
    5.64064557764389E+03    1.24766789866067E+03
    5.64066595423542E+03    1.24779288753068E+03
    5.64068633301070E+03    1.24791787636375E+03
    5.64055431261719E+03    1.24793737863809E+03
    5.64042229218025E+03    1.24795512555435E+03
    5.64040542392986E+03    1.24783013252742E+03
    5.64038855758583E+03    1.24770513946971E+03


    5.64012940074096E+03    1.24773429157886E+03
    5.64025897917369E+03    1.24772086021832E+03
    5.64038855758583E+03    1.24770513946971E+03
    5.64040542392986E+03    1.24783013252742E+03
    5.64042229218025E+03    1.24795512555435E+03
    5.64028813478919E+03    1.24797085000569E+03
    5.64015397735830E+03    1.24798428469651E+03
    5.64014168831296E+03    1.24785928814841E+03
    5.64012940074096E+03    1.24773429157886E+03


    5.63985482832518E+03    1.24750322808191E+03
    5.63997982832399E+03    1.24749517043721E+03
    5.64010482832275E+03    1.24748429399718E+03
    5.64011711427082E+03    1.24760929279883E+03
    5.64012940074096E+03    1.24773429157886E+03
    5.63999876327864E+03    1.24774516900069E+03
    5.63986812579821E+03    1.24775322742725E+03
    5.63986147691492E+03    1.24762822775828E+03
    5.63985482832518E+03    1.24750322808191E+03


    5.63960482832744E+03    1.24750987649551E+03
    5.63972982832641E+03    1.24750821451844E+03
    5.63985482832518E+03    1.24750322808191E+03
    5.63986147691492E+03    1.24762822775828E+03
    5.63986812579821E+03    1.24775322742725E+03
    5.63973647706425E+03    1.24775821434608E+03
    5.63960482832744E+03    1.24775987649551E+03
    5.63960482832744E+03    1.24763487649551E+03
    5.63960482832744E+03    1.24750987649551E+03


    5.63986812579821E+03    1.24775322742725E+03
    5.63999876327864E+03    1.24774516900069E+03
    5.64012940074096E+03    1.24773429157886E+03
    5.64014168831296E+03    1.24785928814841E+03
    5.64015397735830E+03    1.24798428469651E+03
    5.64001770160631E+03    1.24799516488537E+03
    5.63988142582241E+03    1.24800322552089E+03
    5.63987477539325E+03    1.24787822647961E+03
    5.63986812579821E+03    1.24775322742725E+03


    5.63960482832744E+03    1.24775987649551E+03
    5.63973647706425E+03    1.24775821434608E+03
    5.63986812579821E+03    1.24775322742725E+03
    5.63987477539325E+03    1.24787822647961E+03
    5.63988142582241E+03    1.24800322552089E+03
    5.63974312707946E+03    1.24800821382696E+03
    5.63960482832744E+03    1.24800987649551E+03
    5.63960482832744E+03    1.24788487649551E+03
    5.63960482832744E+03    1.24775987649551E+03


    5.64042229218025E+03    1.24795512555435E+03
    5.64055431261719E+03    1.24793737863809E+03
    5.64068633301070E+03    1.24791787636375E+03
    5.64070671450392E+03    1.24804286078267E+03
    5.64072709904181E+03    1.24816784519666E+03
    5.64059156765608E+03    1.24818735348024E+03
    5.64045603621140E+03    1.24820510609645E+03
    5.64043916286155E+03    1.24808011582649E+03
    5.64042229218025E+03    1.24795512555435E+03


    5.64015397735830E+03    1.24798428469651E+03
    5.64028813478919E+03    1.24797085000569E+03
    5.64042229218025E+03    1.24795512555435E+03
    5.64043916286155E+03    1.24808011582649E+03
    5.64045603621140E+03    1.24820510609645E+03
    5.64031729886018E+03    1.24822083574083E+03
    5.64017856145734E+03    1.24823427510639E+03
    5.64016626837219E+03    1.24810927990101E+03
    5.64015397735830E+03    1.24798428469651E+03


    5.64045603621140E+03    1.24820510609645E+03
    5.64059156765608E+03    1.24818735348024E+03
    5.64072709904181E+03    1.24816784519666E+03
    5.64074748750741E+03    1.24829282057080E+03
    5.64076788051404E+03    1.24841779578424E+03
    5.64062883738219E+03    1.24843731298666E+03
    5.64048979416830E+03    1.24845507436687E+03
    5.64047291314554E+03    1.24833009030568E+03
    5.64045603621140E+03    1.24820510609645E+03


    5.64017856145734E+03    1.24823427510639E+03
    5.64031729886018E+03    1.24822083574083E+03
    5.64045603621140E+03    1.24820510609645E+03
    5.64047291314554E+03    1.24833009030568E+03
    5.64048979416830E+03    1.24845507436687E+03
    5.64034647554333E+03    1.24847081184400E+03
    5.64020315683530E+03    1.24848425877039E+03
    5.64019085750346E+03    1.24835926700014E+03
    5.64017856145734E+03    1.24823427510639E+03


    5.63988142582241E+03    1.24800322552089E+03
    5.64001770160631E+03    1.24799516488537E+03
    5.64015397735830E+03    1.24798428469651E+03
    5.64016626837219E+03    1.24810927990101E+03
    5.64017856145734E+03    1.24823427510639E+03
    5.64003664593767E+03    1.24824515920979E+03
    5.63989473037245E+03    1.24825322296343E+03
    5.63988807751503E+03    1.24812822423622E+03
    5.63988142582241E+03    1.24800322552089E+03


    5.63960482832744E+03    1.24800987649551E+03
    5.63974312707946E+03    1.24800821382696E+03
    5.63988142582241E+03    1.24800322552089E+03
    5.63988807751503E+03    1.24812822423622E+03
    5.63989473037245E+03    1.24825322296343E+03
    5.63974977934597E+03    1.24825821320456E+03
    5.63960482832744E+03    1.24825987649551E+03
    5.63960482832744E+03    1.24813487649551E+03
    5.63960482832744E+03    1.24800987649551E+03


    5.63989473037245E+03    1.24825322296343E+03
    5.64003664593767E+03    1.24824515920979E+03
    5.64017856145734E+03    1.24823427510639E+03
    5.64019085750346E+03    1.24835926700014E+03
    5.64020315683530E+03    1.24848425877039E+03
    5.64005559949759E+03    1.24849514881860E+03
    5.63990804207904E+03    1.24850321809106E+03
    5.63990138524773E+03    1.24837822057207E+03
    5.63989473037245E+03    1.24825322296343E+03


    5.63960482832744E+03    1.24825987649551E+03
    5.63974977934597E+03    1.24825821320456E+03
    5.63989473037245E+03    1.24825322296343E+03
    5.63990138524773E+03    1.24837822057207E+03
    5.63990804207904E+03    1.24850321809106E+03
    5.63975643524131E+03    1.24850821113835E+03
    5.63960482832744E+03    1.24850987649551E+03
    5.63960482832744E+03    1.24838487649551E+03
    5.63960482832744E+03    1.24825987649551E+03


