# Gnuplot Deformed Mesh Archive
# X_deformed              Y_deformed
    5.55640721684814E+03    1.28835381292988E+03
    5.55746050234488E+03    1.28782182347891E+03
    5.55741756674069E+03    1.28842025529143E+03
    5.55640721684814E+03    1.28835381292988E+03


    5.55640721684814E+03    1.28835381292988E+03
    5.55645653838631E+03    1.28775652602258E+03
    5.55746050234488E+03    1.28782182347891E+03
    5.55640721684814E+03    1.28835381292988E+03


    5.55741756674069E+03    1.28842025529143E+03
    5.55846047374467E+03    1.28787987090393E+03
    5.55841600162005E+03    1.28848019230547E+03
    5.55741756674069E+03    1.28842025529143E+03


    5.55741756674069E+03    1.28842025529143E+03
    5.55746050234488E+03    1.28782182347891E+03
    5.55846047374467E+03    1.28787987090393E+03
    5.55741756674069E+03    1.28842025529143E+03


    5.55841600162005E+03    1.28848019230547E+03
    5.55945568846514E+03    1.28794922369373E+03
    5.55940230064332E+03    1.28855146569099E+03
    5.55841600162005E+03    1.28848019230547E+03


    5.55841600162005E+03    1.28848019230547E+03
    5.55846047374467E+03    1.28787987090393E+03
    5.55945568846514E+03    1.28794922369373E+03
    5.55841600162005E+03    1.28848019230547E+03


    5.55338212823396E+03    1.28804966200279E+03
    5.55444645812620E+03    1.28755739243133E+03
    5.55438454702705E+03    1.28815714337888E+03
    5.55338212823396E+03    1.28804966200279E+03


    5.55338212823396E+03    1.28804966200279E+03
    5.55344544761237E+03    1.28744930344959E+03
    5.55444645812620E+03    1.28755739243133E+03
    5.55338212823396E+03    1.28804966200279E+03


    5.55438454702705E+03    1.28815714337888E+03
    5.55545008957232E+03    1.28766300181914E+03
    5.55539277595060E+03    1.28826171469340E+03
    5.55438454702705E+03    1.28815714337888E+03


    5.55438454702705E+03    1.28815714337888E+03
    5.55444645812620E+03    1.28755739243133E+03
    5.55545008957232E+03    1.28766300181914E+03
    5.55438454702705E+03    1.28815714337888E+03


    5.56423962664002E+03    1.28847480267218E+03
    5.56417121233565E+03    1.28907505118642E+03
    5.56257400411712E+03    1.28889090970762E+03
    5.56423962664002E+03    1.28847480267218E+03


    5.56264138083939E+03    1.28829014357627E+03
    5.56423962664002E+03    1.28847480267218E+03
    5.56257400411712E+03    1.28889090970762E+03
    5.56264138083939E+03    1.28829014357627E+03


    5.56264138083939E+03    1.28829014357627E+03
    5.56257400411712E+03    1.28889090970762E+03
    5.56098419930035E+03    1.28871187688552E+03
    5.56264138083939E+03    1.28829014357627E+03


    5.56104711782281E+03    1.28811033861964E+03
    5.56264138083939E+03    1.28829014357627E+03
    5.56098419930035E+03    1.28871187688552E+03
    5.56104711782281E+03    1.28811033861964E+03


    5.56104711782281E+03    1.28811033861964E+03
    5.56098419930035E+03    1.28871187688552E+03
    5.55940230064332E+03    1.28855146569099E+03
    5.56104711782281E+03    1.28811033861964E+03


    5.55945568846514E+03    1.28794922369373E+03
    5.56104711782281E+03    1.28811033861964E+03
    5.55940230064332E+03    1.28855146569099E+03
    5.55945568846514E+03    1.28794922369373E+03


    5.55539277595060E+03    1.28826171469340E+03
    5.55645653838631E+03    1.28775652602258E+03
    5.55640721684814E+03    1.28835381292988E+03
    5.55539277595060E+03    1.28826171469340E+03


    5.55539277595060E+03    1.28826171469340E+03
    5.55545008957232E+03    1.28766300181914E+03
    5.55645653838631E+03    1.28775652602258E+03
    5.55539277595060E+03    1.28826171469340E+03


    5.55645653838631E+03    1.28775652602258E+03
    5.55750662596796E+03    1.28722335280494E+03
    5.55746050234488E+03    1.28782182347891E+03
    5.55645653838631E+03    1.28775652602258E+03


    5.55645653838631E+03    1.28775652602258E+03
    5.55650863877587E+03    1.28716031506475E+03
    5.55750662596796E+03    1.28722335280494E+03
    5.55645653838631E+03    1.28775652602258E+03


    5.55746050234488E+03    1.28782182347891E+03
    5.55850778539995E+03    1.28727983867544E+03
    5.55846047374467E+03    1.28787987090393E+03
    5.55746050234488E+03    1.28782182347891E+03


    5.55746050234488E+03    1.28782182347891E+03
    5.55750662596796E+03    1.28722335280494E+03
    5.55850778539995E+03    1.28727983867544E+03
    5.55746050234488E+03    1.28782182347891E+03


    5.55846047374467E+03    1.28787987090393E+03
    5.55951042317665E+03    1.28734638344529E+03
    5.55945568846514E+03    1.28794922369373E+03
    5.55846047374467E+03    1.28787987090393E+03


    5.55846047374467E+03    1.28787987090393E+03
    5.55850778539995E+03    1.28727983867544E+03
    5.55951042317665E+03    1.28734638344529E+03
    5.55846047374467E+03    1.28787987090393E+03


    5.55344544761237E+03    1.28744930344959E+03
    5.55450784717019E+03    1.28695699984335E+03
    5.55444645812620E+03    1.28755739243133E+03
    5.55344544761237E+03    1.28744930344959E+03


    5.55344544761237E+03    1.28744930344959E+03
    5.55350819014594E+03    1.28684763025225E+03
    5.55450784717019E+03    1.28695699984335E+03
    5.55344544761237E+03    1.28744930344959E+03


    5.55444645812620E+03    1.28755739243133E+03
    5.55550774984563E+03    1.28706392830904E+03
    5.55545008957232E+03    1.28766300181914E+03
    5.55444645812620E+03    1.28755739243133E+03


    5.55444645812620E+03    1.28755739243133E+03
    5.55450784717019E+03    1.28695699984335E+03
    5.55550774984563E+03    1.28706392830904E+03
    5.55444645812620E+03    1.28755739243133E+03


    5.56430803315057E+03    1.28787498487958E+03
    5.56423962664002E+03    1.28847480267218E+03
    5.56264138083939E+03    1.28829014357627E+03
    5.56430803315057E+03    1.28787498487958E+03


    5.56270864601455E+03    1.28768977766808E+03
    5.56430803315057E+03    1.28787498487958E+03
    5.56264138083939E+03    1.28829014357627E+03
    5.56270864601455E+03    1.28768977766808E+03


    5.56270864601455E+03    1.28768977766808E+03
    5.56264138083939E+03    1.28829014357627E+03
    5.56104711782281E+03    1.28811033861964E+03
    5.56270864601455E+03    1.28768977766808E+03


    5.56111028988653E+03    1.28750951276945E+03
    5.56270864601455E+03    1.28768977766808E+03
    5.56104711782281E+03    1.28811033861964E+03
    5.56111028988653E+03    1.28750951276945E+03


    5.56111028988653E+03    1.28750951276945E+03
    5.56104711782281E+03    1.28811033861964E+03
    5.55945568846514E+03    1.28794922369373E+03
    5.56111028988653E+03    1.28750951276945E+03


    5.55951042317665E+03    1.28734638344529E+03
    5.56111028988653E+03    1.28750951276945E+03
    5.55945568846514E+03    1.28794922369373E+03
    5.55951042317665E+03    1.28734638344529E+03


    5.55545008957232E+03    1.28766300181914E+03
    5.55650863877587E+03    1.28716031506475E+03
    5.55645653838631E+03    1.28775652602258E+03
    5.55545008957232E+03    1.28766300181914E+03


    5.55545008957232E+03    1.28766300181914E+03
    5.55550774984563E+03    1.28706392830904E+03
    5.55650863877587E+03    1.28716031506475E+03
    5.55545008957232E+03    1.28766300181914E+03


    5.55650863877587E+03    1.28716031506475E+03
    5.55754993486053E+03    1.28662444361227E+03
    5.55750662596796E+03    1.28722335280494E+03
    5.55650863877587E+03    1.28716031506475E+03


    5.55650863877587E+03    1.28716031506475E+03
    5.55656384793926E+03    1.28656517173021E+03
    5.55754993486053E+03    1.28662444361227E+03
    5.55650863877587E+03    1.28716031506475E+03


    5.55750662596796E+03    1.28722335280494E+03
    5.55855039934669E+03    1.28668183880093E+03
    5.55850778539995E+03    1.28727983867544E+03
    5.55750662596796E+03    1.28722335280494E+03


    5.55750662596796E+03    1.28722335280494E+03
    5.55754993486053E+03    1.28662444361227E+03
    5.55855039934669E+03    1.28668183880093E+03
    5.55750662596796E+03    1.28722335280494E+03


    5.55850778539995E+03    1.28727983867544E+03
    5.55956845557482E+03    1.28674210157043E+03
    5.55951042317665E+03    1.28734638344529E+03
    5.55850778539995E+03    1.28727983867544E+03


    5.55850778539995E+03    1.28727983867544E+03
    5.55855039934669E+03    1.28668183880093E+03
    5.55956845557482E+03    1.28674210157043E+03
    5.55850778539995E+03    1.28727983867544E+03


    5.55350819014594E+03    1.28684763025225E+03
    5.55457131986691E+03    1.28635614930047E+03
    5.55450784717019E+03    1.28695699984335E+03
    5.55350819014594E+03    1.28684763025225E+03


    5.55350819014594E+03    1.28684763025225E+03
    5.55357249348456E+03    1.28624472984395E+03
    5.55457131986691E+03    1.28635614930047E+03
    5.55350819014594E+03    1.28684763025225E+03


    5.55450784717019E+03    1.28695699984335E+03
    5.55556835902096E+03    1.28646449147767E+03
    5.55550774984563E+03    1.28706392830904E+03
    5.55450784717019E+03    1.28695699984335E+03


    5.55450784717019E+03    1.28695699984335E+03
    5.55457131986691E+03    1.28635614930047E+03
    5.55556835902096E+03    1.28646449147767E+03
    5.55450784717019E+03    1.28695699984335E+03


    5.55493530947506E+03    1.28336738956109E+03
    5.55481158437214E+03    1.28435988673259E+03
    5.55380967800688E+03    1.28424245698314E+03
    5.55493530947506E+03    1.28336738956109E+03


    5.55493530947506E+03    1.28336738956109E+03
    5.55380967800688E+03    1.28424245698314E+03
    5.55393170982993E+03    1.28324827135854E+03
    5.55493530947506E+03    1.28336738956109E+03


    5.55481158437214E+03    1.28435988673259E+03
    5.55468790260634E+03    1.28535643176020E+03
    5.55368814204837E+03    1.28524138113510E+03
    5.55481158437214E+03    1.28435988673259E+03


    5.55481158437214E+03    1.28435988673259E+03
    5.55368814204837E+03    1.28524138113510E+03
    5.55380967800688E+03    1.28424245698314E+03
    5.55481158437214E+03    1.28435988673259E+03


    5.55468790260634E+03    1.28535643176020E+03
    5.55457131986691E+03    1.28635614930047E+03
    5.55357249348456E+03    1.28624472984395E+03
    5.55468790260634E+03    1.28535643176020E+03


    5.55468790260634E+03    1.28535643176020E+03
    5.55357249348456E+03    1.28624472984395E+03
    5.55368814204837E+03    1.28524138113510E+03
    5.55468790260634E+03    1.28535643176020E+03


    5.55594425036360E+03    1.28348283612101E+03
    5.55581570824966E+03    1.28447349123444E+03
    5.55481158437214E+03    1.28435988673259E+03
    5.55594425036360E+03    1.28348283612101E+03


    5.55594425036360E+03    1.28348283612101E+03
    5.55481158437214E+03    1.28435988673259E+03
    5.55493530947506E+03    1.28336738956109E+03
    5.55594425036360E+03    1.28348283612101E+03


    5.55581570824966E+03    1.28447349123444E+03
    5.55568752191462E+03    1.28546858079282E+03
    5.55468790260634E+03    1.28535643176020E+03
    5.55581570824966E+03    1.28447349123444E+03


    5.55581570824966E+03    1.28447349123444E+03
    5.55468790260634E+03    1.28535643176020E+03
    5.55481158437214E+03    1.28435988673259E+03
    5.55581570824966E+03    1.28447349123444E+03


    5.55568752191462E+03    1.28546858079282E+03
    5.55556835902096E+03    1.28646449147767E+03
    5.55457131986691E+03    1.28635614930047E+03
    5.55568752191462E+03    1.28546858079282E+03


    5.55568752191462E+03    1.28546858079282E+03
    5.55457131986691E+03    1.28635614930047E+03
    5.55468790260634E+03    1.28535643176020E+03
    5.55568752191462E+03    1.28546858079282E+03


    5.55696112146160E+03    1.28359245968443E+03
    5.55681746383303E+03    1.28459338853737E+03
    5.55581570824966E+03    1.28447349123444E+03
    5.55696112146160E+03    1.28359245968443E+03


    5.55696112146160E+03    1.28359245968443E+03
    5.55581570824966E+03    1.28447349123444E+03
    5.55594425036360E+03    1.28348283612101E+03
    5.55696112146160E+03    1.28359245968443E+03


    5.55681746383303E+03    1.28459338853737E+03
    5.55668786222610E+03    1.28558251715929E+03
    5.55568752191462E+03    1.28546858079282E+03
    5.55681746383303E+03    1.28459338853737E+03


    5.55681746383303E+03    1.28459338853737E+03
    5.55568752191462E+03    1.28546858079282E+03
    5.55581570824966E+03    1.28447349123444E+03
    5.55681746383303E+03    1.28459338853737E+03


    5.56277678758239E+03    1.28708972019451E+03
    5.56449386801306E+03    1.28627684292481E+03
    5.56437700272616E+03    1.28727560366091E+03
    5.56277678758239E+03    1.28708972019451E+03


    5.56277678758239E+03    1.28708972019451E+03
    5.56289400058135E+03    1.28608937552205E+03
    5.56449386801306E+03    1.28627684292481E+03
    5.56277678758239E+03    1.28708972019451E+03


    5.56117565358059E+03    1.28690917440769E+03
    5.56289400058135E+03    1.28608937552205E+03
    5.56277678758239E+03    1.28708972019451E+03
    5.56117565358059E+03    1.28690917440769E+03


    5.56117565358059E+03    1.28690917440769E+03
    5.56129387781449E+03    1.28590828455186E+03
    5.56289400058135E+03    1.28608937552205E+03
    5.56117565358059E+03    1.28690917440769E+03


    5.55956845557482E+03    1.28674210157043E+03
    5.56129387781449E+03    1.28590828455186E+03
    5.56117565358059E+03    1.28690917440769E+03
    5.55956845557482E+03    1.28674210157043E+03


    5.55956845557482E+03    1.28674210157043E+03
    5.55969683492440E+03    1.28572875331898E+03
    5.56129387781449E+03    1.28590828455186E+03
    5.55956845557482E+03    1.28674210157043E+03


    5.56289400058135E+03    1.28608937552205E+03
    5.56461369432086E+03    1.28527715233127E+03
    5.56449386801306E+03    1.28627684292481E+03
    5.56289400058135E+03    1.28608937552205E+03


    5.56289400058135E+03    1.28608937552205E+03
    5.56301524718601E+03    1.28508739738106E+03
    5.56461369432086E+03    1.28527715233127E+03
    5.56289400058135E+03    1.28608937552205E+03


    5.56129387781449E+03    1.28590828455186E+03
    5.56301524718601E+03    1.28508739738106E+03
    5.56289400058135E+03    1.28608937552205E+03
    5.56129387781449E+03    1.28590828455186E+03


    5.56129387781449E+03    1.28590828455186E+03
    5.56141938095613E+03    1.28490400830677E+03
    5.56301524718601E+03    1.28508739738106E+03
    5.56129387781449E+03    1.28590828455186E+03


    5.55969683492440E+03    1.28572875331898E+03
    5.56141938095613E+03    1.28490400830677E+03
    5.56129387781449E+03    1.28590828455186E+03
    5.55969683492440E+03    1.28572875331898E+03


    5.55969683492440E+03    1.28572875331898E+03
    5.55982654193670E+03    1.28472168946352E+03
    5.56141938095613E+03    1.28490400830677E+03
    5.55969683492440E+03    1.28572875331898E+03


    5.56437700272616E+03    1.28727560366091E+03
    5.56430803315057E+03    1.28787498487958E+03
    5.56270864601455E+03    1.28768977766808E+03
    5.56437700272616E+03    1.28727560366091E+03


    5.56277678758239E+03    1.28708972019451E+03
    5.56437700272616E+03    1.28727560366091E+03
    5.56270864601455E+03    1.28768977766808E+03
    5.56277678758239E+03    1.28708972019451E+03


    5.56277678758239E+03    1.28708972019451E+03
    5.56270864601455E+03    1.28768977766808E+03
    5.56111028988653E+03    1.28750951276945E+03
    5.56277678758239E+03    1.28708972019451E+03


    5.56117565358059E+03    1.28690917440769E+03
    5.56277678758239E+03    1.28708972019451E+03
    5.56111028988653E+03    1.28750951276945E+03
    5.56117565358059E+03    1.28690917440769E+03


    5.56301524718601E+03    1.28508739738106E+03
    5.56473561920831E+03    1.28427554417725E+03
    5.56461369432086E+03    1.28527715233127E+03
    5.56301524718601E+03    1.28508739738106E+03


    5.56301524718601E+03    1.28508739738106E+03
    5.56313871270549E+03    1.28408306822038E+03
    5.56473561920831E+03    1.28427554417725E+03
    5.56301524718601E+03    1.28508739738106E+03


    5.56141938095613E+03    1.28490400830677E+03
    5.56313871270549E+03    1.28408306822038E+03
    5.56301524718601E+03    1.28508739738106E+03
    5.56141938095613E+03    1.28490400830677E+03


    5.56141938095613E+03    1.28490400830677E+03
    5.56154642691718E+03    1.28389783944829E+03
    5.56313871270549E+03    1.28408306822038E+03
    5.56141938095613E+03    1.28490400830677E+03


    5.55982654193670E+03    1.28472168946352E+03
    5.56154642691718E+03    1.28389783944829E+03
    5.56141938095613E+03    1.28490400830677E+03
    5.55982654193670E+03    1.28472168946352E+03


    5.55982654193670E+03    1.28472168946352E+03
    5.55996377769538E+03    1.28371964316780E+03
    5.56154642691718E+03    1.28389783944829E+03
    5.55982654193670E+03    1.28472168946352E+03


    5.56117565358059E+03    1.28690917440769E+03
    5.56111028988653E+03    1.28750951276945E+03
    5.55951042317665E+03    1.28734638344529E+03
    5.56117565358059E+03    1.28690917440769E+03


    5.55956845557482E+03    1.28674210157043E+03
    5.56117565358059E+03    1.28690917440769E+03
    5.55951042317665E+03    1.28734638344529E+03
    5.55956845557482E+03    1.28674210157043E+03


    5.55550774984563E+03    1.28706392830904E+03
    5.55656384793926E+03    1.28656517173021E+03
    5.55650863877587E+03    1.28716031506475E+03
    5.55550774984563E+03    1.28706392830904E+03


    5.55550774984563E+03    1.28706392830904E+03
    5.55556835902096E+03    1.28646449147767E+03
    5.55656384793926E+03    1.28656517173021E+03
    5.55550774984563E+03    1.28706392830904E+03


    5.55668786222610E+03    1.28558251715929E+03
    5.55656384793926E+03    1.28656517173021E+03
    5.55556835902096E+03    1.28646449147767E+03
    5.55668786222610E+03    1.28558251715929E+03


    5.55668786222610E+03    1.28558251715929E+03
    5.55556835902096E+03    1.28646449147767E+03
    5.55568752191462E+03    1.28546858079282E+03
    5.55668786222610E+03    1.28558251715929E+03


    5.55696112146160E+03    1.28359245968443E+03
    5.55802910308245E+03    1.28304058085531E+03
    5.55799339095852E+03    1.28363625283372E+03
    5.55696112146160E+03    1.28359245968443E+03


    5.55696112146160E+03    1.28359245968443E+03
    5.55702022034094E+03    1.28299405217750E+03
    5.55802910308245E+03    1.28304058085531E+03
    5.55696112146160E+03    1.28359245968443E+03


    5.55799339095852E+03    1.28363625283372E+03
    5.55903186602935E+03    1.28306785153365E+03
    5.55899375013565E+03    1.28366723230298E+03
    5.55799339095852E+03    1.28363625283372E+03


    5.55799339095852E+03    1.28363625283372E+03
    5.55802910308245E+03    1.28304058085531E+03
    5.55903186602935E+03    1.28306785153365E+03
    5.55799339095852E+03    1.28363625283372E+03


    5.55899375013565E+03    1.28366723230298E+03
    5.56002507261650E+03    1.28311759709190E+03
    5.55996377769538E+03    1.28371964316780E+03
    5.55899375013565E+03    1.28366723230298E+03


    5.55899375013565E+03    1.28366723230298E+03
    5.55903186602935E+03    1.28306785153365E+03
    5.56002507261650E+03    1.28311759709190E+03
    5.55899375013565E+03    1.28366723230298E+03


    5.55393170982993E+03    1.28324827135854E+03
    5.55500537259208E+03    1.28277231433346E+03
    5.55493530947506E+03    1.28336738956109E+03
    5.55393170982993E+03    1.28324827135854E+03


    5.55393170982993E+03    1.28324827135854E+03
    5.55400247585489E+03    1.28265208145956E+03
    5.55500537259208E+03    1.28277231433346E+03
    5.55393170982993E+03    1.28324827135854E+03


    5.55493530947506E+03    1.28336738956109E+03
    5.55601092931479E+03    1.28288901681599E+03
    5.55594425036360E+03    1.28348283612101E+03
    5.55493530947506E+03    1.28336738956109E+03


    5.55493530947506E+03    1.28336738956109E+03
    5.55500537259208E+03    1.28277231433346E+03
    5.55601092931479E+03    1.28288901681599E+03
    5.55493530947506E+03    1.28336738956109E+03


    5.56480962778005E+03    1.28367357471393E+03
    5.56473561920831E+03    1.28427554417725E+03
    5.56313871270549E+03    1.28408306822038E+03
    5.56480962778005E+03    1.28367357471393E+03


    5.56321263006223E+03    1.28347942870381E+03
    5.56480962778005E+03    1.28367357471393E+03
    5.56313871270549E+03    1.28408306822038E+03
    5.56321263006223E+03    1.28347942870381E+03


    5.56321263006223E+03    1.28347942870381E+03
    5.56313871270549E+03    1.28408306822038E+03
    5.56154642691718E+03    1.28389783944829E+03
    5.56321263006223E+03    1.28347942870381E+03


    5.56161803279486E+03    1.28329259066085E+03
    5.56321263006223E+03    1.28347942870381E+03
    5.56154642691718E+03    1.28389783944829E+03
    5.56161803279486E+03    1.28329259066085E+03


    5.56161803279486E+03    1.28329259066085E+03
    5.56154642691718E+03    1.28389783944829E+03
    5.55996377769538E+03    1.28371964316780E+03
    5.56161803279486E+03    1.28329259066085E+03


    5.56002507261650E+03    1.28311759709190E+03
    5.56161803279486E+03    1.28329259066085E+03
    5.55996377769538E+03    1.28371964316780E+03
    5.56002507261650E+03    1.28311759709190E+03


    5.55594425036360E+03    1.28348283612101E+03
    5.55702022034094E+03    1.28299405217750E+03
    5.55696112146160E+03    1.28359245968443E+03
    5.55594425036360E+03    1.28348283612101E+03


    5.55594425036360E+03    1.28348283612101E+03
    5.55601092931479E+03    1.28288901681599E+03
    5.55702022034094E+03    1.28299405217750E+03
    5.55594425036360E+03    1.28348283612101E+03


    5.55702022034094E+03    1.28299405217750E+03
    5.55807196366127E+03    1.28244295224254E+03
    5.55802910308245E+03    1.28304058085531E+03
    5.55702022034094E+03    1.28299405217750E+03


    5.55702022034094E+03    1.28299405217750E+03
    5.55707624706416E+03    1.28239951569772E+03
    5.55807196366127E+03    1.28244295224254E+03
    5.55702022034094E+03    1.28299405217750E+03


    5.55802910308245E+03    1.28304058085531E+03
    5.55907549677059E+03    1.28246894352117E+03
    5.55903186602935E+03    1.28306785153365E+03
    5.55802910308245E+03    1.28304058085531E+03


    5.55802910308245E+03    1.28304058085531E+03
    5.55807196366127E+03    1.28244295224254E+03
    5.55907549677059E+03    1.28246894352117E+03
    5.55802910308245E+03    1.28304058085531E+03


    5.55903186602935E+03    1.28306785153365E+03
    5.56008367435323E+03    1.28251477555924E+03
    5.56002507261650E+03    1.28311759709190E+03
    5.55903186602935E+03    1.28306785153365E+03


    5.55903186602935E+03    1.28306785153365E+03
    5.55907549677059E+03    1.28246894352117E+03
    5.56008367435323E+03    1.28251477555924E+03
    5.55903186602935E+03    1.28306785153365E+03


    5.55400247585489E+03    1.28265208145956E+03
    5.55507475978272E+03    1.28217665523428E+03
    5.55500537259208E+03    1.28277231433346E+03
    5.55400247585489E+03    1.28265208145956E+03


    5.55400247585489E+03    1.28265208145956E+03
    5.55407327584449E+03    1.28205476618884E+03
    5.55507475978272E+03    1.28217665523428E+03
    5.55400247585489E+03    1.28265208145956E+03


    5.55500537259208E+03    1.28277231433346E+03
    5.55607546759339E+03    1.28229441752449E+03
    5.55601092931479E+03    1.28288901681599E+03
    5.55500537259208E+03    1.28277231433346E+03


    5.55500537259208E+03    1.28277231433346E+03
    5.55507475978272E+03    1.28217665523428E+03
    5.55607546759339E+03    1.28229441752449E+03
    5.55500537259208E+03    1.28277231433346E+03


    5.56488451777936E+03    1.28307107794104E+03
    5.56480962778005E+03    1.28367357471393E+03
    5.56321263006223E+03    1.28347942870381E+03
    5.56488451777936E+03    1.28307107794104E+03


    5.56328727788169E+03    1.28287566746957E+03
    5.56488451777936E+03    1.28307107794104E+03
    5.56321263006223E+03    1.28347942870381E+03
    5.56328727788169E+03    1.28287566746957E+03


    5.56328727788169E+03    1.28287566746957E+03
    5.56321263006223E+03    1.28347942870381E+03
    5.56161803279486E+03    1.28329259066085E+03
    5.56328727788169E+03    1.28287566746957E+03


    5.56168872400888E+03    1.28268851046687E+03
    5.56328727788169E+03    1.28287566746957E+03
    5.56161803279486E+03    1.28329259066085E+03
    5.56168872400888E+03    1.28268851046687E+03


    5.56168872400888E+03    1.28268851046687E+03
    5.56161803279486E+03    1.28329259066085E+03
    5.56002507261650E+03    1.28311759709190E+03
    5.56168872400888E+03    1.28268851046687E+03


    5.56008367435323E+03    1.28251477555924E+03
    5.56168872400888E+03    1.28268851046687E+03
    5.56002507261650E+03    1.28311759709190E+03
    5.56008367435323E+03    1.28251477555924E+03


    5.55601092931479E+03    1.28288901681599E+03
    5.55707624706416E+03    1.28239951569772E+03
    5.55702022034094E+03    1.28299405217750E+03
    5.55601092931479E+03    1.28288901681599E+03


    5.55601092931479E+03    1.28288901681599E+03
    5.55607546759339E+03    1.28229441752449E+03
    5.55707624706416E+03    1.28239951569772E+03
    5.55601092931479E+03    1.28288901681599E+03


    5.55707624706416E+03    1.28239951569772E+03
    5.55810787693469E+03    1.28184466371984E+03
    5.55807196366127E+03    1.28244295224254E+03
    5.55707624706416E+03    1.28239951569772E+03


    5.55707624706416E+03    1.28239951569772E+03
    5.55713446988692E+03    1.28180721702980E+03
    5.55810787693469E+03    1.28184466371984E+03
    5.55707624706416E+03    1.28239951569772E+03


    5.55807196366127E+03    1.28244295224254E+03
    5.55910949758484E+03    1.28187327074568E+03
    5.55907549677059E+03    1.28246894352117E+03
    5.55807196366127E+03    1.28244295224254E+03


    5.55807196366127E+03    1.28244295224254E+03
    5.55810787693469E+03    1.28184466371984E+03
    5.55910949758484E+03    1.28187327074568E+03
    5.55807196366127E+03    1.28244295224254E+03


    5.55907549677059E+03    1.28246894352117E+03
    5.56014595492862E+03    1.28190932739891E+03
    5.56008367435323E+03    1.28251477555924E+03
    5.55907549677059E+03    1.28246894352117E+03


    5.55907549677059E+03    1.28246894352117E+03
    5.55910949758484E+03    1.28187327074568E+03
    5.56014595492862E+03    1.28190932739891E+03
    5.55907549677059E+03    1.28246894352117E+03


    5.55407327584449E+03    1.28205476618884E+03
    5.55514666042646E+03    1.28158043464554E+03
    5.55507475978272E+03    1.28217665523428E+03
    5.55407327584449E+03    1.28205476618884E+03


    5.55407327584449E+03    1.28205476618884E+03
    5.55414614674971E+03    1.28145653389360E+03
    5.55514666042646E+03    1.28158043464554E+03
    5.55407327584449E+03    1.28205476618884E+03


    5.55507475978272E+03    1.28217665523428E+03
    5.55614293970087E+03    1.28169872300233E+03
    5.55607546759339E+03    1.28229441752449E+03
    5.55507475978272E+03    1.28217665523428E+03


    5.55507475978272E+03    1.28217665523428E+03
    5.55514666042646E+03    1.28158043464554E+03
    5.55614293970087E+03    1.28169872300233E+03
    5.55507475978272E+03    1.28217665523428E+03


    5.55555415257240E+03    1.27862577104383E+03
    5.55542037414218E+03    1.27960472307662E+03
    5.55441418419909E+03    1.27947926668874E+03
    5.55555415257240E+03    1.27862577104383E+03


    5.55555415257240E+03    1.27862577104383E+03
    5.55441418419909E+03    1.27947926668874E+03
    5.55454502634719E+03    1.27850333625481E+03
    5.55555415257240E+03    1.27862577104383E+03


    5.55542037414218E+03    1.27960472307662E+03
    5.55528062503849E+03    1.28058992248176E+03
    5.55427804926174E+03    1.28046359580285E+03
    5.55542037414218E+03    1.27960472307662E+03


    5.55542037414218E+03    1.27960472307662E+03
    5.55427804926174E+03    1.28046359580285E+03
    5.55441418419909E+03    1.27947926668874E+03
    5.55542037414218E+03    1.27960472307662E+03


    5.55528062503849E+03    1.28058992248176E+03
    5.55514666042646E+03    1.28158043464554E+03
    5.55414614674971E+03    1.28145653389360E+03
    5.55528062503849E+03    1.28058992248176E+03


    5.55528062503849E+03    1.28058992248176E+03
    5.55414614674971E+03    1.28145653389360E+03
    5.55427804926174E+03    1.28046359580285E+03
    5.55528062503849E+03    1.28058992248176E+03


    5.55656876290467E+03    1.27874217851047E+03
    5.55642820452384E+03    1.27972363458965E+03
    5.55542037414218E+03    1.27960472307662E+03
    5.55656876290467E+03    1.27874217851047E+03


    5.55656876290467E+03    1.27874217851047E+03
    5.55542037414218E+03    1.27960472307662E+03
    5.55555415257240E+03    1.27862577104383E+03
    5.55656876290467E+03    1.27874217851047E+03


    5.55642820452384E+03    1.27972363458965E+03
    5.55628172307156E+03    1.28071072851906E+03
    5.55528062503849E+03    1.28058992248176E+03
    5.55642820452384E+03    1.27972363458965E+03


    5.55642820452384E+03    1.27972363458965E+03
    5.55528062503849E+03    1.28058992248176E+03
    5.55542037414218E+03    1.27960472307662E+03
    5.55642820452384E+03    1.27972363458965E+03


    5.55628172307156E+03    1.28071072851906E+03
    5.55614293970087E+03    1.28169872300233E+03
    5.55514666042646E+03    1.28158043464554E+03
    5.55628172307156E+03    1.28071072851906E+03


    5.55628172307156E+03    1.28071072851906E+03
    5.55514666042646E+03    1.28158043464554E+03
    5.55528062503849E+03    1.28058992248176E+03
    5.55628172307156E+03    1.28071072851906E+03


    5.55759278361161E+03    1.27885140835315E+03
    5.55743135041896E+03    1.27985275661124E+03
    5.55642820452384E+03    1.27972363458965E+03
    5.55759278361161E+03    1.27885140835315E+03


    5.55759278361161E+03    1.27885140835315E+03
    5.55642820452384E+03    1.27972363458965E+03
    5.55656876290467E+03    1.27874217851047E+03
    5.55759278361161E+03    1.27885140835315E+03


    5.55743135041896E+03    1.27985275661124E+03
    5.55728269772795E+03    1.28083572805911E+03
    5.55628172307156E+03    1.28071072851906E+03
    5.55743135041896E+03    1.27985275661124E+03


    5.55743135041896E+03    1.27985275661124E+03
    5.55628172307156E+03    1.28071072851906E+03
    5.55642820452384E+03    1.27972363458965E+03
    5.55743135041896E+03    1.27985275661124E+03


    5.56336333870471E+03    1.28227190434972E+03
    5.56508965409618E+03    1.28146034992878E+03
    5.56496050255336E+03    1.28246794486688E+03
    5.56336333870471E+03    1.28227190434972E+03


    5.56336333870471E+03    1.28227190434972E+03
    5.56349437521790E+03    1.28126459689193E+03
    5.56508965409618E+03    1.28146034992878E+03
    5.56336333870471E+03    1.28227190434972E+03


    5.56176169006725E+03    1.28208563185257E+03
    5.56349437521790E+03    1.28126459689193E+03
    5.56336333870471E+03    1.28227190434972E+03
    5.56176169006725E+03    1.28208563185257E+03


    5.56176169006725E+03    1.28208563185257E+03
    5.56189585066684E+03    1.28108120450099E+03
    5.56349437521790E+03    1.28126459689193E+03
    5.56176169006725E+03    1.28208563185257E+03


    5.56014595492862E+03    1.28190932739891E+03
    5.56189585066684E+03    1.28108120450099E+03
    5.56176169006725E+03    1.28208563185257E+03
    5.56014595492862E+03    1.28190932739891E+03


    5.56014595492862E+03    1.28190932739891E+03
    5.56029932476018E+03    1.28089131176233E+03
    5.56189585066684E+03    1.28108120450099E+03
    5.56014595492862E+03    1.28190932739891E+03


    5.56349437521790E+03    1.28126459689193E+03
    5.56522001660923E+03    1.28044817964952E+03
    5.56508965409618E+03    1.28146034992878E+03
    5.56349437521790E+03    1.28126459689193E+03


    5.56349437521790E+03    1.28126459689193E+03
    5.56362769229416E+03    1.28025398839357E+03
    5.56522001660923E+03    1.28044817964952E+03
    5.56349437521790E+03    1.28126459689193E+03


    5.56189585066684E+03    1.28108120450099E+03
    5.56362769229416E+03    1.28025398839357E+03
    5.56349437521790E+03    1.28126459689193E+03
    5.56189585066684E+03    1.28108120450099E+03


    5.56189585066684E+03    1.28108120450099E+03
    5.56203616049497E+03    1.28007209303370E+03
    5.56362769229416E+03    1.28025398839357E+03
    5.56189585066684E+03    1.28108120450099E+03


    5.56029932476018E+03    1.28089131176233E+03
    5.56203616049497E+03    1.28007209303370E+03
    5.56189585066684E+03    1.28108120450099E+03
    5.56029932476018E+03    1.28089131176233E+03


    5.56029932476018E+03    1.28089131176233E+03
    5.56044576803184E+03    1.27988568828255E+03
    5.56203616049497E+03    1.28007209303370E+03
    5.56029932476018E+03    1.28089131176233E+03


    5.56496050255336E+03    1.28246794486688E+03
    5.56488451777936E+03    1.28307107794104E+03
    5.56328727788169E+03    1.28287566746957E+03
    5.56496050255336E+03    1.28246794486688E+03


    5.56336333870471E+03    1.28227190434972E+03
    5.56496050255336E+03    1.28246794486688E+03
    5.56328727788169E+03    1.28287566746957E+03
    5.56336333870471E+03    1.28227190434972E+03


    5.56336333870471E+03    1.28227190434972E+03
    5.56328727788169E+03    1.28287566746957E+03
    5.56168872400888E+03    1.28268851046687E+03
    5.56336333870471E+03    1.28227190434972E+03


    5.56176169006725E+03    1.28208563185257E+03
    5.56336333870471E+03    1.28227190434972E+03
    5.56168872400888E+03    1.28268851046687E+03
    5.56176169006725E+03    1.28208563185257E+03


    5.56362769229416E+03    1.28025398839357E+03
    5.56534888592128E+03    1.27943058025667E+03
    5.56522001660923E+03    1.28044817964952E+03
    5.56362769229416E+03    1.28025398839357E+03


    5.56362769229416E+03    1.28025398839357E+03
    5.56375899991182E+03    1.27923937648628E+03
    5.56534888592128E+03    1.27943058025667E+03
    5.56362769229416E+03    1.28025398839357E+03


    5.56203616049497E+03    1.28007209303370E+03
    5.56375899991182E+03    1.27923937648628E+03
    5.56362769229416E+03    1.28025398839357E+03
    5.56203616049497E+03    1.28007209303370E+03


    5.56203616049497E+03    1.28007209303370E+03
    5.56217258306036E+03    1.27906120226127E+03
    5.56375899991182E+03    1.27923937648628E+03
    5.56203616049497E+03    1.28007209303370E+03


    5.56044576803184E+03    1.27988568828255E+03
    5.56217258306036E+03    1.27906120226127E+03
    5.56203616049497E+03    1.28007209303370E+03
    5.56044576803184E+03    1.27988568828255E+03


    5.56044576803184E+03    1.27988568828255E+03
    5.56059571389524E+03    1.27888952345524E+03
    5.56217258306036E+03    1.27906120226127E+03
    5.56044576803184E+03    1.27988568828255E+03


    5.56176169006725E+03    1.28208563185257E+03
    5.56168872400888E+03    1.28268851046687E+03
    5.56008367435323E+03    1.28251477555924E+03
    5.56176169006725E+03    1.28208563185257E+03


    5.56014595492862E+03    1.28190932739891E+03
    5.56176169006725E+03    1.28208563185257E+03
    5.56008367435323E+03    1.28251477555924E+03
    5.56014595492862E+03    1.28190932739891E+03


    5.55607546759339E+03    1.28229441752449E+03
    5.55713446988692E+03    1.28180721702980E+03
    5.55707624706416E+03    1.28239951569772E+03
    5.55607546759339E+03    1.28229441752449E+03


    5.55607546759339E+03    1.28229441752449E+03
    5.55614293970087E+03    1.28169872300233E+03
    5.55713446988692E+03    1.28180721702980E+03
    5.55607546759339E+03    1.28229441752449E+03


    5.55728269772795E+03    1.28083572805911E+03
    5.55713446988692E+03    1.28180721702980E+03
    5.55614293970087E+03    1.28169872300233E+03
    5.55728269772795E+03    1.28083572805911E+03


    5.55728269772795E+03    1.28083572805911E+03
    5.55614293970087E+03    1.28169872300233E+03
    5.55628172307156E+03    1.28071072851906E+03
    5.55728269772795E+03    1.28083572805911E+03


    5.55759278361161E+03    1.27885140835315E+03
    5.55865888244337E+03    1.27827295695286E+03
    5.55863639445788E+03    1.27886722175907E+03
    5.55759278361161E+03    1.27885140835315E+03


    5.55759278361161E+03    1.27885140835315E+03
    5.55764785822659E+03    1.27825299253827E+03
    5.55865888244337E+03    1.27827295695286E+03
    5.55759278361161E+03    1.27885140835315E+03


    5.55863639445788E+03    1.27886722175907E+03
    5.55966190492042E+03    1.27826708267513E+03
    5.55963645690796E+03    1.27886587219826E+03
    5.55863639445788E+03    1.27886722175907E+03


    5.55863639445788E+03    1.27886722175907E+03
    5.55865888244337E+03    1.27827295695286E+03
    5.55966190492042E+03    1.27826708267513E+03
    5.55863639445788E+03    1.27886722175907E+03


    5.55963645690796E+03    1.27886587219826E+03
    5.56065327030403E+03    1.27828975269064E+03
    5.56059571389524E+03    1.27888952345524E+03
    5.55963645690796E+03    1.27886587219826E+03


    5.55963645690796E+03    1.27886587219826E+03
    5.55966190492042E+03    1.27826708267513E+03
    5.56065327030403E+03    1.27828975269064E+03
    5.55963645690796E+03    1.27886587219826E+03


    5.55454502634719E+03    1.27850333625481E+03
    5.55562552086095E+03    1.27803919056452E+03
    5.55555415257240E+03    1.27862577104383E+03
    5.55454502634719E+03    1.27850333625481E+03


    5.55454502634719E+03    1.27850333625481E+03
    5.55461736258677E+03    1.27791914975819E+03
    5.55562552086095E+03    1.27803919056452E+03
    5.55454502634719E+03    1.27850333625481E+03


    5.55555415257240E+03    1.27862577104383E+03
    5.55663523854008E+03    1.27815373403110E+03
    5.55656876290467E+03    1.27874217851047E+03
    5.55555415257240E+03    1.27862577104383E+03


    5.55555415257240E+03    1.27862577104383E+03
    5.55562552086095E+03    1.27803919056452E+03
    5.55663523854008E+03    1.27815373403110E+03
    5.55555415257240E+03    1.27862577104383E+03


    5.56542394927213E+03    1.27881745870638E+03
    5.56534888592128E+03    1.27943058025667E+03
    5.56375899991182E+03    1.27923937648628E+03
    5.56542394927213E+03    1.27881745870638E+03


    5.56383452182699E+03    1.27862889242224E+03
    5.56542394927213E+03    1.27881745870638E+03
    5.56375899991182E+03    1.27923937648628E+03
    5.56383452182699E+03    1.27862889242224E+03


    5.56383452182699E+03    1.27862889242224E+03
    5.56375899991182E+03    1.27923937648628E+03
    5.56217258306036E+03    1.27906120226127E+03
    5.56383452182699E+03    1.27862889242224E+03


    5.56224468847119E+03    1.27845288151560E+03
    5.56383452182699E+03    1.27862889242224E+03
    5.56217258306036E+03    1.27906120226127E+03
    5.56224468847119E+03    1.27845288151560E+03


    5.56224468847119E+03    1.27845288151560E+03
    5.56217258306036E+03    1.27906120226127E+03
    5.56059571389524E+03    1.27888952345524E+03
    5.56224468847119E+03    1.27845288151560E+03


    5.56065327030403E+03    1.27828975269064E+03
    5.56224468847119E+03    1.27845288151560E+03
    5.56059571389524E+03    1.27888952345524E+03
    5.56065327030403E+03    1.27828975269064E+03


    5.55656876290467E+03    1.27874217851047E+03
    5.55764785822659E+03    1.27825299253827E+03
    5.55759278361161E+03    1.27885140835315E+03
    5.55656876290467E+03    1.27874217851047E+03


    5.55656876290467E+03    1.27874217851047E+03
    5.55663523854008E+03    1.27815373403110E+03
    5.55764785822659E+03    1.27825299253827E+03
    5.55656876290467E+03    1.27874217851047E+03


    5.55764785822659E+03    1.27825299253827E+03
    5.55869098014265E+03    1.27767576599613E+03
    5.55865888244337E+03    1.27827295695286E+03
    5.55764785822659E+03    1.27825299253827E+03


    5.55764785822659E+03    1.27825299253827E+03
    5.55769741344644E+03    1.27765965038285E+03
    5.55869098014265E+03    1.27767576599613E+03
    5.55764785822659E+03    1.27825299253827E+03


    5.55865888244337E+03    1.27827295695286E+03
    5.55969484190158E+03    1.27766903350639E+03
    5.55966190492042E+03    1.27826708267513E+03
    5.55865888244337E+03    1.27827295695286E+03


    5.55865888244337E+03    1.27827295695286E+03
    5.55869098014265E+03    1.27767576599613E+03
    5.55969484190158E+03    1.27766903350639E+03
    5.55865888244337E+03    1.27827295695286E+03


    5.55966190492042E+03    1.27826708267513E+03
    5.56070601695032E+03    1.27768914798933E+03
    5.56065327030403E+03    1.27828975269064E+03
    5.55966190492042E+03    1.27826708267513E+03


    5.55966190492042E+03    1.27826708267513E+03
    5.55969484190158E+03    1.27766903350639E+03
    5.56070601695032E+03    1.27768914798933E+03
    5.55966190492042E+03    1.27826708267513E+03


    5.55461736258677E+03    1.27791914975819E+03
    5.55569325834057E+03    1.27745188242843E+03
    5.55562552086095E+03    1.27803919056452E+03
    5.55461736258677E+03    1.27791914975819E+03


    5.55461736258677E+03    1.27791914975819E+03
    5.55468697881547E+03    1.27733377711145E+03
    5.55569325834057E+03    1.27745188242843E+03
    5.55461736258677E+03    1.27791914975819E+03


    5.55562552086095E+03    1.27803919056452E+03
    5.55669642120439E+03    1.27756404981687E+03
    5.55663523854008E+03    1.27815373403110E+03
    5.55562552086095E+03    1.27803919056452E+03


    5.55562552086095E+03    1.27803919056452E+03
    5.55569325834057E+03    1.27745188242843E+03
    5.55669642120439E+03    1.27756404981687E+03
    5.55562552086095E+03    1.27803919056452E+03


    5.56549795393413E+03    1.27820304982280E+03
    5.56542394927213E+03    1.27881745870638E+03
    5.56383452182699E+03    1.27862889242224E+03
    5.56549795393413E+03    1.27820304982280E+03


    5.56390863180237E+03    1.27801810872844E+03
    5.56549795393413E+03    1.27820304982280E+03
    5.56383452182699E+03    1.27862889242224E+03
    5.56390863180237E+03    1.27801810872844E+03


    5.56390863180237E+03    1.27801810872844E+03
    5.56383452182699E+03    1.27862889242224E+03
    5.56224468847119E+03    1.27845288151560E+03
    5.56390863180237E+03    1.27801810872844E+03


    5.56231344959124E+03    1.27784640289385E+03
    5.56390863180237E+03    1.27801810872844E+03
    5.56224468847119E+03    1.27845288151560E+03
    5.56231344959124E+03    1.27784640289385E+03


    5.56231344959124E+03    1.27784640289385E+03
    5.56224468847119E+03    1.27845288151560E+03
    5.56065327030403E+03    1.27828975269064E+03
    5.56231344959124E+03    1.27784640289385E+03


    5.56070601695032E+03    1.27768914798933E+03
    5.56231344959124E+03    1.27784640289385E+03
    5.56065327030403E+03    1.27828975269064E+03
    5.56070601695032E+03    1.27768914798933E+03


    5.55663523854008E+03    1.27815373403110E+03
    5.55769741344644E+03    1.27765965038285E+03
    5.55764785822659E+03    1.27825299253827E+03
    5.55663523854008E+03    1.27815373403110E+03


    5.55663523854008E+03    1.27815373403110E+03
    5.55669642120439E+03    1.27756404981687E+03
    5.55769741344644E+03    1.27765965038285E+03
    5.55663523854008E+03    1.27815373403110E+03


    5.55769741344644E+03    1.27765965038285E+03
    5.55871367608879E+03    1.27707781304609E+03
    5.55869098014265E+03    1.27767576599613E+03
    5.55769741344644E+03    1.27765965038285E+03


    5.55769741344644E+03    1.27765965038285E+03
    5.55774833145182E+03    1.27706914982575E+03
    5.55871367608879E+03    1.27707781304609E+03
    5.55769741344644E+03    1.27765965038285E+03


    5.55869098014265E+03    1.27767576599613E+03
    5.55971580406768E+03    1.27707471858181E+03
    5.55969484190158E+03    1.27766903350639E+03
    5.55869098014265E+03    1.27767576599613E+03


    5.55869098014265E+03    1.27767576599613E+03
    5.55871367608879E+03    1.27707781304609E+03
    5.55971580406768E+03    1.27707471858181E+03
    5.55869098014265E+03    1.27767576599613E+03


    5.55969484190158E+03    1.27766903350639E+03
    5.56076234384857E+03    1.27708544187195E+03
    5.56070601695032E+03    1.27768914798933E+03
    5.55969484190158E+03    1.27766903350639E+03


    5.55969484190158E+03    1.27766903350639E+03
    5.55971580406768E+03    1.27707471858181E+03
    5.56076234384857E+03    1.27708544187195E+03
    5.55969484190158E+03    1.27766903350639E+03


    5.55468697881547E+03    1.27733377711145E+03
    5.55576156087568E+03    1.27686389592978E+03
    5.55569325834057E+03    1.27745188242843E+03
    5.55468697881547E+03    1.27733377711145E+03


    5.55468697881547E+03    1.27733377711145E+03
    5.55475672432278E+03    1.27674733305425E+03
    5.55576156087568E+03    1.27686389592978E+03
    5.55468697881547E+03    1.27733377711145E+03


    5.55569325834057E+03    1.27745188242843E+03
    5.55675903324799E+03    1.27697294651253E+03
    5.55669642120439E+03    1.27756404981687E+03
    5.55569325834057E+03    1.27745188242843E+03


    5.55569325834057E+03    1.27745188242843E+03
    5.55576156087568E+03    1.27686389592978E+03
    5.55675903324799E+03    1.27697294651253E+03
    5.55569325834057E+03    1.27745188242843E+03


    5.55612880205144E+03    1.27395574183661E+03
    5.55601434228504E+03    1.27491838757710E+03
    5.55500274211411E+03    1.27481168680110E+03
    5.55612880205144E+03    1.27395574183661E+03


    5.55612880205144E+03    1.27395574183661E+03
    5.55500274211411E+03    1.27481168680110E+03
    5.55511366921878E+03    1.27385935395836E+03
    5.55612880205144E+03    1.27395574183661E+03


    5.55601434228504E+03    1.27491838757710E+03
    5.55588746355955E+03    1.27588797981543E+03
    5.55487994782018E+03    1.27577440177148E+03
    5.55601434228504E+03    1.27491838757710E+03


    5.55601434228504E+03    1.27491838757710E+03
    5.55487994782018E+03    1.27577440177148E+03
    5.55500274211411E+03    1.27481168680110E+03
    5.55601434228504E+03    1.27491838757710E+03


    5.55588746355955E+03    1.27588797981543E+03
    5.55576156087568E+03    1.27686389592978E+03
    5.55475672432278E+03    1.27674733305425E+03
    5.55588746355955E+03    1.27588797981543E+03


    5.55588746355955E+03    1.27588797981543E+03
    5.55475672432278E+03    1.27674733305425E+03
    5.55487994782018E+03    1.27577440177148E+03
    5.55588746355955E+03    1.27588797981543E+03


    5.55714600556446E+03    1.27404394616680E+03
    5.55702512663212E+03    1.27501668379837E+03
    5.55601434228504E+03    1.27491838757710E+03
    5.55714600556446E+03    1.27404394616680E+03


    5.55714600556446E+03    1.27404394616680E+03
    5.55601434228504E+03    1.27491838757710E+03
    5.55612880205144E+03    1.27395574183661E+03
    5.55714600556446E+03    1.27404394616680E+03


    5.55702512663212E+03    1.27501668379837E+03
    5.55689116241565E+03    1.27599415150370E+03
    5.55588746355955E+03    1.27588797981543E+03
    5.55702512663212E+03    1.27501668379837E+03


    5.55702512663212E+03    1.27501668379837E+03
    5.55588746355955E+03    1.27588797981543E+03
    5.55601434228504E+03    1.27491838757710E+03
    5.55702512663212E+03    1.27501668379837E+03


    5.55689116241565E+03    1.27599415150370E+03
    5.55675903324799E+03    1.27697294651253E+03
    5.55576156087568E+03    1.27686389592978E+03
    5.55689116241565E+03    1.27599415150370E+03


    5.55689116241565E+03    1.27599415150370E+03
    5.55576156087568E+03    1.27686389592978E+03
    5.55588746355955E+03    1.27588797981543E+03
    5.55689116241565E+03    1.27599415150370E+03


    5.55816936591172E+03    1.27412704750029E+03
    5.55802944428476E+03    1.27512612028233E+03
    5.55702512663212E+03    1.27501668379837E+03
    5.55816936591172E+03    1.27412704750029E+03


    5.55816936591172E+03    1.27412704750029E+03
    5.55702512663212E+03    1.27501668379837E+03
    5.55714600556446E+03    1.27404394616680E+03
    5.55816936591172E+03    1.27412704750029E+03


    5.55802944428476E+03    1.27512612028233E+03
    5.55789302617640E+03    1.27610480903140E+03
    5.55689116241565E+03    1.27599415150370E+03
    5.55802944428476E+03    1.27512612028233E+03


    5.55802944428476E+03    1.27512612028233E+03
    5.55689116241565E+03    1.27599415150370E+03
    5.55702512663212E+03    1.27501668379837E+03
    5.55802944428476E+03    1.27512612028233E+03


    5.56398220161834E+03    1.27740716955465E+03
    5.56569153694016E+03    1.27655759580771E+03
    5.56557088090411E+03    1.27758736253947E+03
    5.56398220161834E+03    1.27740716955465E+03


    5.56398220161834E+03    1.27740716955465E+03
    5.56410496688731E+03    1.27638748532874E+03
    5.56569153694016E+03    1.27655759580771E+03
    5.56398220161834E+03    1.27740716955465E+03


    5.56238298367834E+03    1.27724170215765E+03
    5.56410496688731E+03    1.27638748532874E+03
    5.56398220161834E+03    1.27740716955465E+03
    5.56238298367834E+03    1.27724170215765E+03


    5.56238298367834E+03    1.27724170215765E+03
    5.56250927949907E+03    1.27623479966789E+03
    5.56410496688731E+03    1.27638748532874E+03
    5.56238298367834E+03    1.27724170215765E+03


    5.56076234384857E+03    1.27708544187195E+03
    5.56250927949907E+03    1.27623479966789E+03
    5.56238298367834E+03    1.27724170215765E+03
    5.56076234384857E+03    1.27708544187195E+03


    5.56076234384857E+03    1.27708544187195E+03
    5.56091128810747E+03    1.27607192898880E+03
    5.56250927949907E+03    1.27623479966789E+03
    5.56076234384857E+03    1.27708544187195E+03


    5.56410496688731E+03    1.27638748532874E+03
    5.56580668642458E+03    1.27552119590431E+03
    5.56569153694016E+03    1.27655759580771E+03
    5.56410496688731E+03    1.27638748532874E+03


    5.56410496688731E+03    1.27638748532874E+03
    5.56422363858992E+03    1.27536356811352E+03
    5.56580668642458E+03    1.27552119590431E+03
    5.56410496688731E+03    1.27638748532874E+03


    5.56250927949907E+03    1.27623479966789E+03
    5.56422363858992E+03    1.27536356811352E+03
    5.56410496688731E+03    1.27638748532874E+03
    5.56250927949907E+03    1.27623479966789E+03


    5.56250927949907E+03    1.27623479966789E+03
    5.56263559405607E+03    1.27522291493204E+03
    5.56422363858992E+03    1.27536356811352E+03
    5.56250927949907E+03    1.27623479966789E+03


    5.56091128810747E+03    1.27607192898880E+03
    5.56263559405607E+03    1.27522291493204E+03
    5.56250927949907E+03    1.27623479966789E+03
    5.56091128810747E+03    1.27607192898880E+03


    5.56091128810747E+03    1.27607192898880E+03
    5.56104352858020E+03    1.27507455231626E+03
    5.56263559405607E+03    1.27522291493204E+03
    5.56091128810747E+03    1.27607192898880E+03


    5.56557088090411E+03    1.27758736253947E+03
    5.56549795393413E+03    1.27820304982280E+03
    5.56390863180237E+03    1.27801810872844E+03
    5.56557088090411E+03    1.27758736253947E+03


    5.56398220161834E+03    1.27740716955465E+03
    5.56557088090411E+03    1.27758736253947E+03
    5.56390863180237E+03    1.27801810872844E+03
    5.56398220161834E+03    1.27740716955465E+03


    5.56398220161834E+03    1.27740716955465E+03
    5.56390863180237E+03    1.27801810872844E+03
    5.56231344959124E+03    1.27784640289385E+03
    5.56398220161834E+03    1.27740716955465E+03


    5.56238298367834E+03    1.27724170215765E+03
    5.56398220161834E+03    1.27740716955465E+03
    5.56231344959124E+03    1.27784640289385E+03
    5.56238298367834E+03    1.27724170215765E+03


    5.56422363858992E+03    1.27536356811352E+03
    5.56591329708258E+03    1.27447719880701E+03
    5.56580668642458E+03    1.27552119590431E+03
    5.56422363858992E+03    1.27536356811352E+03


    5.56422363858992E+03    1.27536356811352E+03
    5.56433275482372E+03    1.27433483483303E+03
    5.56591329708258E+03    1.27447719880701E+03
    5.56422363858992E+03    1.27536356811352E+03


    5.56263559405607E+03    1.27522291493204E+03
    5.56433275482372E+03    1.27433483483303E+03
    5.56422363858992E+03    1.27536356811352E+03
    5.56263559405607E+03    1.27522291493204E+03


    5.56263559405607E+03    1.27522291493204E+03
    5.56274976606676E+03    1.27420981331625E+03
    5.56433275482372E+03    1.27433483483303E+03
    5.56263559405607E+03    1.27522291493204E+03


    5.56104352858020E+03    1.27507455231626E+03
    5.56274976606676E+03    1.27420981331625E+03
    5.56263559405607E+03    1.27522291493204E+03
    5.56104352858020E+03    1.27507455231626E+03


    5.56104352858020E+03    1.27507455231626E+03
    5.56116968837805E+03    1.27408960173323E+03
    5.56274976606676E+03    1.27420981331625E+03
    5.56104352858020E+03    1.27507455231626E+03


    5.56238298367834E+03    1.27724170215765E+03
    5.56231344959124E+03    1.27784640289385E+03
    5.56070601695032E+03    1.27768914798933E+03
    5.56238298367834E+03    1.27724170215765E+03


    5.56076234384857E+03    1.27708544187195E+03
    5.56238298367834E+03    1.27724170215765E+03
    5.56070601695032E+03    1.27768914798933E+03
    5.56076234384857E+03    1.27708544187195E+03


    5.55669642120439E+03    1.27756404981687E+03
    5.55774833145182E+03    1.27706914982575E+03
    5.55769741344644E+03    1.27765965038285E+03
    5.55669642120439E+03    1.27756404981687E+03


    5.55669642120439E+03    1.27756404981687E+03
    5.55675903324799E+03    1.27697294651253E+03
    5.55774833145182E+03    1.27706914982575E+03
    5.55669642120439E+03    1.27756404981687E+03


    5.55789302617640E+03    1.27610480903140E+03
    5.55774833145182E+03    1.27706914982575E+03
    5.55675903324799E+03    1.27697294651253E+03
    5.55789302617640E+03    1.27610480903140E+03


    5.55789302617640E+03    1.27610480903140E+03
    5.55675903324799E+03    1.27697294651253E+03
    5.55689116241565E+03    1.27599415150370E+03
    5.55789302617640E+03    1.27610480903140E+03


    5.55816936591172E+03    1.27412704750029E+03
    5.55921588659803E+03    1.27352516375066E+03
    5.55920800174278E+03    1.27412023952112E+03
    5.55816936591172E+03    1.27412704750029E+03


    5.55816936591172E+03    1.27412704750029E+03
    5.55820836166268E+03    1.27352800375818E+03
    5.55921588659803E+03    1.27352516375066E+03
    5.55816936591172E+03    1.27412704750029E+03


    5.55920800174278E+03    1.27412023952112E+03
    5.56021682230593E+03    1.27349873962526E+03
    5.56020699923420E+03    1.27409703788638E+03
    5.55920800174278E+03    1.27412023952112E+03


    5.55920800174278E+03    1.27412023952112E+03
    5.55921588659803E+03    1.27352516375066E+03
    5.56021682230593E+03    1.27349873962526E+03
    5.55920800174278E+03    1.27412023952112E+03


    5.56020699923420E+03    1.27409703788638E+03
    5.56120987235188E+03    1.27349498134435E+03
    5.56116968837805E+03    1.27408960173323E+03
    5.56020699923420E+03    1.27409703788638E+03


    5.56020699923420E+03    1.27409703788638E+03
    5.56021682230593E+03    1.27349873962526E+03
    5.56120987235188E+03    1.27349498134435E+03
    5.56020699923420E+03    1.27409703788638E+03


    5.55511366921878E+03    1.27385935395836E+03
    5.55618555064643E+03    1.27337938194541E+03
    5.55612880205144E+03    1.27395574183661E+03
    5.55511366921878E+03    1.27385935395836E+03


    5.55511366921878E+03    1.27385935395836E+03
    5.55517123008398E+03    1.27329097082833E+03
    5.55618555064643E+03    1.27337938194541E+03
    5.55511366921878E+03    1.27385935395836E+03


    5.55612880205144E+03    1.27395574183661E+03
    5.55719759596210E+03    1.27346000738656E+03
    5.55714600556446E+03    1.27404394616680E+03
    5.55612880205144E+03    1.27395574183661E+03


    5.55612880205144E+03    1.27395574183661E+03
    5.55618555064643E+03    1.27337938194541E+03
    5.55719759596210E+03    1.27346000738656E+03
    5.55612880205144E+03    1.27395574183661E+03


    5.56597002851655E+03    1.27384706437957E+03
    5.56591329708258E+03    1.27447719880701E+03
    5.56433275482372E+03    1.27433483483303E+03
    5.56597002851655E+03    1.27384706437957E+03


    5.56439080817804E+03    1.27371548696539E+03
    5.56597002851655E+03    1.27384706437957E+03
    5.56433275482372E+03    1.27433483483303E+03
    5.56439080817804E+03    1.27371548696539E+03


    5.56439080817804E+03    1.27371548696539E+03
    5.56433275482372E+03    1.27433483483303E+03
    5.56274976606676E+03    1.27420981331625E+03
    5.56439080817804E+03    1.27371548696539E+03


    5.56280430101872E+03    1.27360050949337E+03
    5.56439080817804E+03    1.27371548696539E+03
    5.56274976606676E+03    1.27420981331625E+03
    5.56280430101872E+03    1.27360050949337E+03


    5.56280430101872E+03    1.27360050949337E+03
    5.56274976606676E+03    1.27420981331625E+03
    5.56116968837805E+03    1.27408960173323E+03
    5.56280430101872E+03    1.27360050949337E+03


    5.56120987235188E+03    1.27349498134435E+03
    5.56280430101872E+03    1.27360050949337E+03
    5.56116968837805E+03    1.27408960173323E+03
    5.56120987235188E+03    1.27349498134435E+03


    5.55714600556446E+03    1.27404394616680E+03
    5.55820836166268E+03    1.27352800375818E+03
    5.55816936591172E+03    1.27412704750029E+03
    5.55714600556446E+03    1.27404394616680E+03


    5.55714600556446E+03    1.27404394616680E+03
    5.55719759596210E+03    1.27346000738656E+03
    5.55820836166268E+03    1.27352800375818E+03
    5.55714600556446E+03    1.27404394616680E+03


    5.55820836166268E+03    1.27352800375818E+03
    5.55923252669723E+03    1.27292702777651E+03
    5.55921588659803E+03    1.27352516375066E+03
    5.55820836166268E+03    1.27352800375818E+03


    5.55820836166268E+03    1.27352800375818E+03
    5.55824079818214E+03    1.27293294558359E+03
    5.55923252669723E+03    1.27292702777651E+03
    5.55820836166268E+03    1.27352800375818E+03


    5.55921588659803E+03    1.27352516375066E+03
    5.56023373725829E+03    1.27290127028882E+03
    5.56021682230593E+03    1.27349873962526E+03
    5.55921588659803E+03    1.27352516375066E+03


    5.55921588659803E+03    1.27352516375066E+03
    5.55923252669723E+03    1.27292702777651E+03
    5.56023373725829E+03    1.27290127028882E+03
    5.55921588659803E+03    1.27352516375066E+03


    5.56021682230593E+03    1.27349873962526E+03
    5.56124411313720E+03    1.27289998565581E+03
    5.56120987235188E+03    1.27349498134435E+03
    5.56021682230593E+03    1.27349873962526E+03


    5.56021682230593E+03    1.27349873962526E+03
    5.56023373725829E+03    1.27290127028882E+03
    5.56124411313720E+03    1.27289998565581E+03
    5.56021682230593E+03    1.27349873962526E+03


    5.55517123008398E+03    1.27329097082833E+03
    5.55623555905416E+03    1.27280268884908E+03
    5.55618555064643E+03    1.27337938194541E+03
    5.55517123008398E+03    1.27329097082833E+03


    5.55517123008398E+03    1.27329097082833E+03
    5.55522276283206E+03    1.27272269527562E+03
    5.55623555905416E+03    1.27280268884908E+03
    5.55517123008398E+03    1.27329097082833E+03


    5.55618555064643E+03    1.27337938194541E+03
    5.55724138789142E+03    1.27287444430790E+03
    5.55719759596210E+03    1.27346000738656E+03
    5.55618555064643E+03    1.27337938194541E+03


    5.55618555064643E+03    1.27337938194541E+03
    5.55623555905416E+03    1.27280268884908E+03
    5.55724138789142E+03    1.27287444430790E+03
    5.55618555064643E+03    1.27337938194541E+03


    5.56602269038508E+03    1.27321500438775E+03
    5.56597002851655E+03    1.27384706437957E+03
    5.56439080817804E+03    1.27371548696539E+03
    5.56602269038508E+03    1.27321500438775E+03


    5.56444424556410E+03    1.27309556737108E+03
    5.56602269038508E+03    1.27321500438775E+03
    5.56439080817804E+03    1.27371548696539E+03
    5.56444424556410E+03    1.27309556737108E+03


    5.56444424556410E+03    1.27309556737108E+03
    5.56439080817804E+03    1.27371548696539E+03
    5.56280430101872E+03    1.27360050949337E+03
    5.56444424556410E+03    1.27309556737108E+03


    5.56285275007000E+03    1.27299317106156E+03
    5.56444424556410E+03    1.27309556737108E+03
    5.56280430101872E+03    1.27360050949337E+03
    5.56285275007000E+03    1.27299317106156E+03


    5.56285275007000E+03    1.27299317106156E+03
    5.56280430101872E+03    1.27360050949337E+03
    5.56120987235188E+03    1.27349498134435E+03
    5.56285275007000E+03    1.27299317106156E+03


    5.56124411313720E+03    1.27289998565581E+03
    5.56285275007000E+03    1.27299317106156E+03
    5.56120987235188E+03    1.27349498134435E+03
    5.56124411313720E+03    1.27289998565581E+03


    5.55719759596210E+03    1.27346000738656E+03
    5.55824079818214E+03    1.27293294558359E+03
    5.55820836166268E+03    1.27352800375818E+03
    5.55719759596210E+03    1.27346000738656E+03


    5.55719759596210E+03    1.27346000738656E+03
    5.55724138789142E+03    1.27287444430790E+03
    5.55824079818214E+03    1.27293294558359E+03
    5.55719759596210E+03    1.27346000738656E+03


    5.55824079818214E+03    1.27293294558359E+03
    5.55924066057290E+03    1.27232833534210E+03
    5.55923252669723E+03    1.27292702777651E+03
    5.55824079818214E+03    1.27293294558359E+03


    5.55824079818214E+03    1.27293294558359E+03
    5.55827258939143E+03    1.27233962342142E+03
    5.55924066057290E+03    1.27232833534210E+03
    5.55824079818214E+03    1.27293294558359E+03


    5.55923252669723E+03    1.27292702777651E+03
    5.56024154850421E+03    1.27230615006992E+03
    5.56023373725829E+03    1.27290127028882E+03
    5.55923252669723E+03    1.27292702777651E+03


    5.55923252669723E+03    1.27292702777651E+03
    5.55924066057290E+03    1.27232833534210E+03
    5.56024154850421E+03    1.27230615006992E+03
    5.55923252669723E+03    1.27292702777651E+03


    5.56023373725829E+03    1.27290127028882E+03
    5.56127953602758E+03    1.27230302312217E+03
    5.56124411313720E+03    1.27289998565581E+03
    5.56023373725829E+03    1.27290127028882E+03


    5.56023373725829E+03    1.27290127028882E+03
    5.56024154850421E+03    1.27230615006992E+03
    5.56127953602758E+03    1.27230302312217E+03
    5.56023373725829E+03    1.27290127028882E+03


    5.55522276283206E+03    1.27272269527562E+03
    5.55628224650410E+03    1.27222585077959E+03
    5.55623555905416E+03    1.27280268884908E+03
    5.55522276283206E+03    1.27272269527562E+03


    5.55522276283206E+03    1.27272269527562E+03
    5.55527081049083E+03    1.27215472541012E+03
    5.55628224650410E+03    1.27222585077959E+03
    5.55522276283206E+03    1.27272269527562E+03


    5.55623555905416E+03    1.27280268884908E+03
    5.55728320173890E+03    1.27228739736705E+03
    5.55724138789142E+03    1.27287444430790E+03
    5.55623555905416E+03    1.27280268884908E+03


    5.55623555905416E+03    1.27280268884908E+03
    5.55628224650410E+03    1.27222585077959E+03
    5.55728320173890E+03    1.27228739736705E+03
    5.55623555905416E+03    1.27280268884908E+03


    5.55646630155454E+03    1.26936506476346E+03
    5.55642474733400E+03    1.27031634360691E+03
    5.55541130448768E+03    1.27028335587422E+03
    5.55646630155454E+03    1.26936506476346E+03


    5.55646630155454E+03    1.26936506476346E+03
    5.55541130448768E+03    1.27028335587422E+03
    5.55546630155454E+03    1.26936506476346E+03
    5.55646630155454E+03    1.26936506476346E+03


    5.55642474733400E+03    1.27031634360691E+03
    5.55635969964978E+03    1.27126866819269E+03
    5.55534609311821E+03    1.27121333204751E+03
    5.55642474733400E+03    1.27031634360691E+03


    5.55642474733400E+03    1.27031634360691E+03
    5.55534609311821E+03    1.27121333204751E+03
    5.55541130448768E+03    1.27028335587422E+03
    5.55642474733400E+03    1.27031634360691E+03


    5.55635969964978E+03    1.27126866819269E+03
    5.55628224650410E+03    1.27222585077959E+03
    5.55527081049083E+03    1.27215472541012E+03
    5.55635969964978E+03    1.27126866819269E+03


    5.55635969964978E+03    1.27126866819269E+03
    5.55527081049083E+03    1.27215472541012E+03
    5.55534609311821E+03    1.27121333204751E+03
    5.55635969964978E+03    1.27126866819269E+03


    5.55746630155454E+03    1.26936506476346E+03
    5.55743124340628E+03    1.27034075207215E+03
    5.55642474733400E+03    1.27031634360691E+03
    5.55746630155454E+03    1.26936506476346E+03


    5.55746630155454E+03    1.26936506476346E+03
    5.55642474733400E+03    1.27031634360691E+03
    5.55646630155454E+03    1.26936506476346E+03
    5.55746630155454E+03    1.26936506476346E+03


    5.55743124340628E+03    1.27034075207215E+03
    5.55736556633319E+03    1.27131398992452E+03
    5.55635969964978E+03    1.27126866819269E+03
    5.55743124340628E+03    1.27034075207215E+03


    5.55743124340628E+03    1.27034075207215E+03
    5.55635969964978E+03    1.27126866819269E+03
    5.55642474733400E+03    1.27031634360691E+03
    5.55743124340628E+03    1.27034075207215E+03


    5.55736556633319E+03    1.27131398992452E+03
    5.55728320173890E+03    1.27228739736705E+03
    5.55628224650410E+03    1.27222585077959E+03
    5.55736556633319E+03    1.27131398992452E+03


    5.55736556633319E+03    1.27131398992452E+03
    5.55628224650410E+03    1.27222585077959E+03
    5.55635969964978E+03    1.27126866819269E+03
    5.55736556633319E+03    1.27131398992452E+03


    5.55846630155454E+03    1.26936506476346E+03
    5.55843181089710E+03    1.27037161890579E+03
    5.55743124340628E+03    1.27034075207215E+03
    5.55846630155454E+03    1.26936506476346E+03


    5.55846630155454E+03    1.26936506476346E+03
    5.55743124340628E+03    1.27034075207215E+03
    5.55746630155454E+03    1.26936506476346E+03
    5.55846630155454E+03    1.26936506476346E+03


    5.55843181089710E+03    1.27037161890579E+03
    5.55836598599892E+03    1.27136343956061E+03
    5.55736556633319E+03    1.27131398992452E+03
    5.55843181089710E+03    1.27037161890579E+03


    5.55843181089710E+03    1.27037161890579E+03
    5.55736556633319E+03    1.27131398992452E+03
    5.55743124340628E+03    1.27034075207215E+03
    5.55843181089710E+03    1.27037161890579E+03


    5.56449384296713E+03    1.27247516530859E+03
    5.56614548097054E+03    1.27151982492469E+03
    5.56607089642137E+03    1.27258108026604E+03
    5.56449384296713E+03    1.27247516530859E+03


    5.56449384296713E+03    1.27247516530859E+03
    5.56456897032071E+03    1.27143962082668E+03
    5.56614548097054E+03    1.27151982492469E+03
    5.56449384296713E+03    1.27247516530859E+03


    5.56289847659127E+03    1.27238765042573E+03
    5.56456897032071E+03    1.27143962082668E+03
    5.56449384296713E+03    1.27247516530859E+03
    5.56289847659127E+03    1.27238765042573E+03


    5.56289847659127E+03    1.27238765042573E+03
    5.56297355273159E+03    1.27138030911084E+03
    5.56456897032071E+03    1.27143962082668E+03
    5.56289847659127E+03    1.27238765042573E+03


    5.56127953602758E+03    1.27230302312217E+03
    5.56297355273159E+03    1.27138030911084E+03
    5.56289847659127E+03    1.27238765042573E+03
    5.56127953602758E+03    1.27230302312217E+03


    5.56127953602758E+03    1.27230302312217E+03
    5.56136902391081E+03    1.27131051373047E+03
    5.56297355273159E+03    1.27138030911084E+03
    5.56127953602758E+03    1.27230302312217E+03


    5.56456897032071E+03    1.27143962082668E+03
    5.56620810508255E+03    1.27044939070273E+03
    5.56614548097054E+03    1.27151982492469E+03
    5.56456897032071E+03    1.27143962082668E+03


    5.56456897032071E+03    1.27143962082668E+03
    5.56462988815126E+03    1.27040127884542E+03
    5.56620810508255E+03    1.27044939070273E+03
    5.56456897032071E+03    1.27143962082668E+03


    5.56297355273159E+03    1.27138030911084E+03
    5.56462988815126E+03    1.27040127884542E+03
    5.56456897032071E+03    1.27143962082668E+03
    5.56297355273159E+03    1.27138030911084E+03


    5.56297355273159E+03    1.27138030911084E+03
    5.56303319987235E+03    1.27037172686929E+03
    5.56462988815126E+03    1.27040127884542E+03
    5.56297355273159E+03    1.27138030911084E+03


    5.56136902391081E+03    1.27131051373047E+03
    5.56303319987235E+03    1.27037172686929E+03
    5.56297355273159E+03    1.27138030911084E+03
    5.56136902391081E+03    1.27131051373047E+03


    5.56136902391081E+03    1.27131051373047E+03
    5.56142965139848E+03    1.27033271314801E+03
    5.56303319987235E+03    1.27037172686929E+03
    5.56136902391081E+03    1.27131051373047E+03


    5.56607089642137E+03    1.27258108026604E+03
    5.56602269038508E+03    1.27321500438775E+03
    5.56444424556410E+03    1.27309556737108E+03
    5.56607089642137E+03    1.27258108026604E+03


    5.56449384296713E+03    1.27247516530859E+03
    5.56607089642137E+03    1.27258108026604E+03
    5.56444424556410E+03    1.27309556737108E+03
    5.56449384296713E+03    1.27247516530859E+03


    5.56449384296713E+03    1.27247516530859E+03
    5.56444424556410E+03    1.27309556737108E+03
    5.56285275007000E+03    1.27299317106156E+03
    5.56449384296713E+03    1.27247516530859E+03


    5.56289847659127E+03    1.27238765042573E+03
    5.56449384296713E+03    1.27247516530859E+03
    5.56285275007000E+03    1.27299317106156E+03
    5.56289847659127E+03    1.27238765042573E+03


    5.56462988815126E+03    1.27040127884542E+03
    5.56626630155455E+03    1.26936506476346E+03
    5.56620810508255E+03    1.27044939070273E+03
    5.56462988815126E+03    1.27040127884542E+03


    5.56462988815126E+03    1.27040127884542E+03
    5.56466630155455E+03    1.26936506476346E+03
    5.56626630155455E+03    1.26936506476346E+03
    5.56462988815126E+03    1.27040127884542E+03


    5.56303319987235E+03    1.27037172686929E+03
    5.56466630155455E+03    1.26936506476346E+03
    5.56462988815126E+03    1.27040127884542E+03
    5.56303319987235E+03    1.27037172686929E+03


    5.56303319987235E+03    1.27037172686929E+03
    5.56306630155455E+03    1.26936506476346E+03
    5.56466630155455E+03    1.26936506476346E+03
    5.56303319987235E+03    1.27037172686929E+03


    5.56142965139848E+03    1.27033271314801E+03
    5.56306630155455E+03    1.26936506476346E+03
    5.56303319987235E+03    1.27037172686929E+03
    5.56142965139848E+03    1.27033271314801E+03


    5.56142965139848E+03    1.27033271314801E+03
    5.56146630155455E+03    1.26936506476346E+03
    5.56306630155455E+03    1.26936506476346E+03
    5.56142965139848E+03    1.27033271314801E+03


    5.56289847659127E+03    1.27238765042573E+03
    5.56285275007000E+03    1.27299317106156E+03
    5.56124411313720E+03    1.27289998565581E+03
    5.56289847659127E+03    1.27238765042573E+03


    5.56127953602758E+03    1.27230302312217E+03
    5.56289847659127E+03    1.27238765042573E+03
    5.56124411313720E+03    1.27289998565581E+03
    5.56127953602758E+03    1.27230302312217E+03


    5.55724138789142E+03    1.27287444430790E+03
    5.55827258939143E+03    1.27233962342142E+03
    5.55824079818214E+03    1.27293294558359E+03
    5.55724138789142E+03    1.27287444430790E+03


    5.55724138789142E+03    1.27287444430790E+03
    5.55728320173890E+03    1.27228739736705E+03
    5.55827258939143E+03    1.27233962342142E+03
    5.55724138789142E+03    1.27287444430790E+03


    5.55836598599892E+03    1.27136343956061E+03
    5.55827258939143E+03    1.27233962342142E+03
    5.55728320173890E+03    1.27228739736705E+03
    5.55836598599892E+03    1.27136343956061E+03


    5.55836598599892E+03    1.27136343956061E+03
    5.55728320173890E+03    1.27228739736705E+03
    5.55736556633319E+03    1.27131398992452E+03
    5.55836598599892E+03    1.27136343956061E+03


