# Gnuplot Deformed Mesh Archive
# X_deformed              Y_deformed
    5.64115591926734E+03    1.24628047074605E+03
    5.64128012754909E+03    1.24625554287694E+03
    5.64140433586442E+03    1.24623051604618E+03
    5.64142940975395E+03    1.24635557878759E+03
    5.64145447879935E+03    1.24648064136742E+03
    5.64133007255988E+03    1.24650565850943E+03
    5.64120566635046E+03    1.24653057668943E+03
    5.64118079522810E+03    1.24640552379906E+03
    5.64115591926734E+03    1.24628047074605E+03


    5.64091196507289E+03    1.24632947171145E+03
    5.64103394214393E+03    1.24630516017460E+03
    5.64115591926734E+03    1.24628047074605E+03
    5.64118079522810E+03    1.24640552379906E+03
    5.64120566635046E+03    1.24653057668943E+03
    5.64108293343620E+03    1.24655525644258E+03
    5.64096020056683E+03    1.24657955831278E+03
    5.64093608522321E+03    1.24645451509412E+03
    5.64091196507289E+03    1.24632947171145E+03


    5.64120566635046E+03    1.24653057668943E+03
    5.64133007255988E+03    1.24650565850943E+03
    5.64145447879935E+03    1.24648064136742E+03
    5.64147954372984E+03    1.24660568319235E+03
    5.64150460528100E+03    1.24673072501047E+03
    5.64138000111940E+03    1.24675573539042E+03
    5.64125539698015E+03    1.24678064680853E+03
    5.64123053335048E+03    1.24665561175239E+03
    5.64120566635046E+03    1.24653057668943E+03


    5.64096020056683E+03    1.24657955831278E+03
    5.64108293343620E+03    1.24655525644258E+03
    5.64120566635046E+03    1.24653057668943E+03
    5.64123053335048E+03    1.24665561175239E+03
    5.64125539698015E+03    1.24678064680853E+03
    5.64113190832445E+03    1.24680531981831E+03
    5.64100841970154E+03    1.24682961496743E+03
    5.64098431179851E+03    1.24670458664344E+03
    5.64096020056683E+03    1.24657955831278E+03


    5.64067417971118E+03    1.24637618973592E+03
    5.64079307235867E+03    1.24635321248133E+03
    5.64091196507289E+03    1.24632947171145E+03
    5.64093608522321E+03    1.24645451509412E+03
    5.64096020056683E+03    1.24657955831278E+03
    5.64083978079789E+03    1.24660328948583E+03
    5.64071936108398E+03    1.24662625717655E+03
    5.64069677275263E+03    1.24650122353807E+03
    5.64067417971118E+03    1.24637618973592E+03


    5.64044378356562E+03    1.24641892945048E+03
    5.64055898160035E+03    1.24639817232618E+03
    5.64067417971118E+03    1.24637618973592E+03
    5.64069677275263E+03    1.24650122353807E+03
    5.64071936108398E+03    1.24662625717655E+03
    5.64060171198748E+03    1.24664823040937E+03
    5.64048406295030E+03    1.24666897825457E+03
    5.64046392550052E+03    1.24654395393188E+03
    5.64044378356562E+03    1.24641892945048E+03


    5.64071936108398E+03    1.24662625717655E+03
    5.64083978079789E+03    1.24660328948583E+03
    5.64096020056683E+03    1.24657955831278E+03
    5.64098431179851E+03    1.24670458664344E+03
    5.64100841970154E+03    1.24682961496743E+03
    5.64088647304593E+03    1.24685333949208E+03
    5.64076452643053E+03    1.24687630060889E+03
    5.64074194536792E+03    1.24675127889578E+03
    5.64071936108398E+03    1.24662625717655E+03


    5.64048406295030E+03    1.24666897825457E+03
    5.64060171198748E+03    1.24664823040937E+03
    5.64071936108398E+03    1.24662625717655E+03
    5.64074194536792E+03    1.24675127889578E+03
    5.64076452643053E+03    1.24687630060889E+03
    5.64064442673546E+03    1.24689826743486E+03
    5.64052432708395E+03    1.24691900903797E+03
    5.64050419652072E+03    1.24679399364870E+03
    5.64048406295030E+03    1.24666897825457E+03


    5.64125539698015E+03    1.24678064680853E+03
    5.64138000111940E+03    1.24675573539042E+03
    5.64150460528100E+03    1.24673072501047E+03
    5.64152966391785E+03    1.24685575510010E+03
    5.64155472011424E+03    1.24698078514402E+03
    5.64142991803282E+03    1.24700579063982E+03
    5.64130511596332E+03    1.24703069717414E+03
    5.64128025768838E+03    1.24690567201389E+03
    5.64125539698015E+03    1.24678064680853E+03


    5.64100841970154E+03    1.24682961496743E+03
    5.64113190832445E+03    1.24680531981831E+03
    5.64125539698015E+03    1.24678064680853E+03
    5.64128025768838E+03    1.24690567201389E+03
    5.64130511596332E+03    1.24703069717414E+03
    5.64118087161945E+03    1.24705536531399E+03
    5.64105662729284E+03    1.24707965561263E+03
    5.64103252469750E+03    1.24695463531183E+03
    5.64100841970154E+03    1.24682961496743E+03


    5.64130511596332E+03    1.24703069717414E+03
    5.64142991803282E+03    1.24700579063982E+03
    5.64155472011424E+03    1.24698078514402E+03
    5.64157977465099E+03    1.24710579587953E+03
    5.64160482831456E+03    1.24723080656326E+03
    5.64147982831464E+03    1.24725581031145E+03
    5.64135482831485E+03    1.24728071509831E+03
    5.64132997257432E+03    1.24715570616166E+03
    5.64130511596332E+03    1.24703069717414E+03


    5.64105662729284E+03    1.24707965561263E+03
    5.64118087161945E+03    1.24705536531399E+03
    5.64130511596332E+03    1.24703069717414E+03
    5.64132997257432E+03    1.24715570616166E+03
    5.64135482831485E+03    1.24728071509831E+03
    5.64122982831521E+03    1.24730538149583E+03
    5.64110482831557E+03    1.24732967005960E+03
    5.64108072823334E+03    1.24720466286044E+03
    5.64105662729284E+03    1.24707965561263E+03


    5.64076452643053E+03    1.24687630060889E+03
    5.64088647304593E+03    1.24685333949208E+03
    5.64100841970154E+03    1.24682961496743E+03
    5.64103252469750E+03    1.24695463531183E+03
    5.64105662729284E+03    1.24707965561263E+03
    5.64093315391575E+03    1.24710337534095E+03
    5.64080968055989E+03    1.24712633172303E+03
    5.64078710465429E+03    1.24700131618638E+03
    5.64076452643053E+03    1.24687630060889E+03


    5.64052432708395E+03    1.24691900903797E+03
    5.64064442673546E+03    1.24689826743486E+03
    5.64076452643053E+03    1.24687630060889E+03
    5.64078710465429E+03    1.24700131618638E+03
    5.64080968055989E+03    1.24712633172303E+03
    5.64068713061080E+03    1.24714829393837E+03
    5.64056458068459E+03    1.24716903106042E+03
    5.64054445496271E+03    1.24704402006744E+03
    5.64052432708395E+03    1.24691900903797E+03


    5.64080968055989E+03    1.24712633172303E+03
    5.64093315391575E+03    1.24710337534095E+03
    5.64105662729284E+03    1.24707965561263E+03
    5.64108072823334E+03    1.24720466286044E+03
    5.64110482831557E+03    1.24732967005960E+03
    5.64097982831606E+03    1.24735338807304E+03
    5.64085482831672E+03    1.24737634276355E+03
    5.64083225485215E+03    1.24725133726569E+03
    5.64080968055989E+03    1.24712633172303E+03


    5.64056458068459E+03    1.24716903106042E+03
    5.64068713061080E+03    1.24714829393837E+03
    5.64080968055989E+03    1.24712633172303E+03
    5.64083225485215E+03    1.24725133726569E+03
    5.64085482831672E+03    1.24737634276355E+03
    5.64072982831753E+03    1.24739830333284E+03
    5.64060482831839E+03    1.24741903885728E+03
    5.64058470488577E+03    1.24729403497844E+03
    5.64056458068459E+03    1.24716903106042E+03


    5.64022152412584E+03    1.24645574907194E+03
    5.64033265380513E+03    1.24643820636378E+03
    5.64044378356562E+03    1.24641892945048E+03
    5.64046392550052E+03    1.24654395393188E+03
    5.64048406295030E+03    1.24666897825457E+03
    5.64036946467911E+03    1.24668824635883E+03
    5.64025486646631E+03    1.24670578041089E+03
    5.64023819731523E+03    1.24658076481453E+03
    5.64022152412584E+03    1.24645574907194E+03


    5.64000771039735E+03    1.24648457416707E+03
    5.64011461722048E+03    1.24647129279464E+03
    5.64022152412584E+03    1.24645574907194E+03
    5.64023819731523E+03    1.24658076481453E+03
    5.64025486646631E+03    1.24670578041089E+03
    5.64014343469028E+03    1.24672131639726E+03
    5.64003200296543E+03    1.24673459030194E+03
    5.64001985830402E+03    1.24660958229549E+03
    5.64000771039735E+03    1.24648457416707E+03


    5.64025486646631E+03    1.24670578041089E+03
    5.64036946467911E+03    1.24668824635883E+03
    5.64048406295030E+03    1.24666897825457E+03
    5.64050419652072E+03    1.24679399364870E+03
    5.64052432708395E+03    1.24691900903797E+03
    5.64040626104667E+03    1.24693827120697E+03
    5.64028819505247E+03    1.24695579962925E+03
    5.64027153207725E+03    1.24683079002115E+03
    5.64025486646631E+03    1.24670578041089E+03


    5.64003200296543E+03    1.24673459030194E+03
    5.64014343469028E+03    1.24672131639726E+03
    5.64025486646631E+03    1.24670578041089E+03
    5.64027153207725E+03    1.24683079002115E+03
    5.64028819505247E+03    1.24695579962925E+03
    5.64017223970318E+03    1.24697133048651E+03
    5.64005628439344E+03    1.24698459977401E+03
    5.64004414470232E+03    1.24685959503754E+03
    5.64003200296543E+03    1.24673459030194E+03


    5.63980226972093E+03    1.24650330006705E+03
    5.63990499001925E+03    1.24649533014072E+03
    5.64000771039735E+03    1.24648457416707E+03
    5.64001985830402E+03    1.24660958229549E+03
    5.64003200296543E+03    1.24673459030194E+03
    5.63992371022942E+03    1.24674534040399E+03
    5.63981541753834E+03    1.24675330487944E+03
    5.63980884459560E+03    1.24662830251752E+03
    5.63980226972093E+03    1.24650330006705E+03


    5.63960482832744E+03    1.24650987649551E+03
    5.63970354898677E+03    1.24650823164166E+03
    5.63980226972093E+03    1.24650330006705E+03
    5.63980884459560E+03    1.24662830251752E+03
    5.63981541753834E+03    1.24675330487944E+03
    5.63971012293700E+03    1.24675823368243E+03
    5.63960482832744E+03    1.24675987649551E+03
    5.63960482832744E+03    1.24663487649551E+03
    5.63960482832744E+03    1.24650987649551E+03


    5.63981541753834E+03    1.24675330487944E+03
    5.63992371022942E+03    1.24674534040399E+03
    5.64003200296543E+03    1.24673459030194E+03
    5.64004414470232E+03    1.24685959503754E+03
    5.64005628439344E+03    1.24698459977401E+03
    5.63994242132464E+03    1.24699534600970E+03
    5.63982855828730E+03    1.24700330740541E+03
    5.63982198848804E+03    1.24687830613657E+03
    5.63981541753834E+03    1.24675330487944E+03


    5.63960482832744E+03    1.24675987649551E+03
    5.63971012293700E+03    1.24675823368243E+03
    5.63981541753834E+03    1.24675330487944E+03
    5.63982198848804E+03    1.24687830613657E+03
    5.63982855828730E+03    1.24700330740541E+03
    5.63971669330308E+03    1.24700823429717E+03
    5.63960482832744E+03    1.24700987649551E+03
    5.63960482832744E+03    1.24688487649551E+03
    5.63960482832744E+03    1.24675987649551E+03


    5.64028819505247E+03    1.24695579962925E+03
    5.64040626104667E+03    1.24693827120697E+03
    5.64052432708395E+03    1.24691900903797E+03
    5.64054445496271E+03    1.24704402006744E+03
    5.64056458068459E+03    1.24716903106042E+03
    5.64044304748992E+03    1.24718828897548E+03
    5.64032151431807E+03    1.24720581337331E+03
    5.64030485562672E+03    1.24708080651648E+03
    5.64028819505247E+03    1.24695579962925E+03


    5.64005628439344E+03    1.24698459977401E+03
    5.64017223970318E+03    1.24697133048651E+03
    5.64028819505247E+03    1.24695579962925E+03
    5.64030485562672E+03    1.24708080651648E+03
    5.64032151431807E+03    1.24720581337331E+03
    5.64020103636469E+03    1.24722134057342E+03
    5.64008055843184E+03    1.24723460657163E+03
    5.64006842214025E+03    1.24710960318342E+03
    5.64005628439344E+03    1.24698459977401E+03


    5.64032151431807E+03    1.24720581337331E+03
    5.64044304748992E+03    1.24718828897548E+03
    5.64056458068459E+03    1.24716903106042E+03
    5.64058470488577E+03    1.24729403497844E+03
    5.64060482831839E+03    1.24741903885728E+03
    5.64047982831934E+03    1.24743829525681E+03
    5.64035482832038E+03    1.24745581822357E+03
    5.64033817165370E+03    1.24733081581413E+03
    5.64032151431807E+03    1.24720581337331E+03


    5.64008055843184E+03    1.24723460657163E+03
    5.64020103636469E+03    1.24722134057342E+03
    5.64032151431807E+03    1.24720581337331E+03
    5.64033817165370E+03    1.24733081581413E+03
    5.64035482832038E+03    1.24745581822357E+03
    5.64022982832155E+03    1.24747134412564E+03
    5.64010482832281E+03    1.24748460896018E+03
    5.64009269363515E+03    1.24735960777658E+03
    5.64008055843184E+03    1.24723460657163E+03


    5.63982855828730E+03    1.24700330740541E+03
    5.63994242132464E+03    1.24699534600970E+03
    5.64005628439344E+03    1.24698459977401E+03
    5.64006842214025E+03    1.24710960318342E+03
    5.64008055843184E+03    1.24723460657163E+03
    5.63996112649008E+03    1.24724535007435E+03
    5.63984169456613E+03    1.24725330928831E+03
    5.63983512683864E+03    1.24712830835234E+03
    5.63982855828730E+03    1.24700330740541E+03


    5.63960482832744E+03    1.24700987649551E+03
    5.63971669330308E+03    1.24700823429717E+03
    5.63982855828730E+03    1.24700330740541E+03
    5.63983512683864E+03    1.24712830835234E+03
    5.63984169456613E+03    1.24725330928831E+03
    5.63972326144557E+03    1.24725823480990E+03
    5.63960482832744E+03    1.24725987649551E+03
    5.63960482832744E+03    1.24713487649551E+03
    5.63960482832744E+03    1.24700987649551E+03


    5.63984169456613E+03    1.24725330928831E+03
    5.63996112649008E+03    1.24724535007435E+03
    5.64008055843184E+03    1.24723460657163E+03
    5.64009269363515E+03    1.24735960777658E+03
    5.64010482832281E+03    1.24748460896018E+03
    5.63997982832403E+03    1.24749535149319E+03
    5.63985482832521E+03    1.24750330993492E+03
    5.63984826159064E+03    1.24737830961526E+03
    5.63984169456613E+03    1.24725330928831E+03


    5.63960482832744E+03    1.24725987649551E+03
    5.63972326144557E+03    1.24725823480990E+03
    5.63984169456613E+03    1.24725330928831E+03
    5.63984826159064E+03    1.24737830961526E+03
    5.63985482832521E+03    1.24750330993492E+03
    5.63972982832642E+03    1.24750823498013E+03
    5.63960482832744E+03    1.24750987649551E+03
    5.63960482832744E+03    1.24738487649551E+03
    5.63960482832744E+03    1.24725987649551E+03


    5.64135482831485E+03    1.24728071509831E+03
    5.64147982831464E+03    1.24725581031145E+03
    5.64160482831456E+03    1.24723080656326E+03
    5.64162988197814E+03    1.24735579587958E+03
    5.64165493651488E+03    1.24748078514410E+03
    5.64152973859645E+03    1.24750579063990E+03
    5.64140454066638E+03    1.24753069717421E+03
    5.64137968405538E+03    1.24740570616170E+03
    5.64135482831485E+03    1.24728071509831E+03


    5.64110482831557E+03    1.24732967005960E+03
    5.64122982831521E+03    1.24730538149583E+03
    5.64135482831485E+03    1.24728071509831E+03
    5.64137968405538E+03    1.24740570616170E+03
    5.64140454066638E+03    1.24753069717421E+03
    5.64127878501096E+03    1.24755536531405E+03
    5.64115302933829E+03    1.24757965561268E+03
    5.64112892839780E+03    1.24745466286046E+03
    5.64110482831557E+03    1.24732967005960E+03


    5.64140454066638E+03    1.24753069717421E+03
    5.64152973859645E+03    1.24750579063990E+03
    5.64165493651488E+03    1.24748078514410E+03
    5.64167999271126E+03    1.24760575510023E+03
    5.64170505134809E+03    1.24773072501066E+03
    5.64157965550984E+03    1.24775573539059E+03
    5.64145425964953E+03    1.24778064680869E+03
    5.64142939894132E+03    1.24765567201400E+03
    5.64140454066638E+03    1.24753069717421E+03


    5.64115302933829E+03    1.24757965561268E+03
    5.64127878501096E+03    1.24755536531405E+03
    5.64140454066638E+03    1.24753069717421E+03
    5.64142939894132E+03    1.24765567201400E+03
    5.64145425964953E+03    1.24778064680869E+03
    5.64132774830594E+03    1.24780531981845E+03
    5.64120123692957E+03    1.24782961496755E+03
    5.64117713193362E+03    1.24770463531191E+03
    5.64115302933829E+03    1.24757965561268E+03


    5.64085482831672E+03    1.24737634276355E+03
    5.64097982831606E+03    1.24735338807304E+03
    5.64110482831557E+03    1.24732967005960E+03
    5.64112892839780E+03    1.24745466286046E+03
    5.64115302933829E+03    1.24757965561268E+03
    5.64102650271635E+03    1.24760337534100E+03
    5.64089997607354E+03    1.24762633172307E+03
    5.64087740178128E+03    1.24750133726571E+03
    5.64085482831672E+03    1.24737634276355E+03


    5.64060482831839E+03    1.24741903885728E+03
    5.64072982831753E+03    1.24739830333284E+03
    5.64085482831672E+03    1.24737634276355E+03
    5.64087740178128E+03    1.24750133726571E+03
    5.64089997607354E+03    1.24762633172307E+03
    5.64077252602426E+03    1.24764829393840E+03
    5.64064507595218E+03    1.24766903106044E+03
    5.64062495175100E+03    1.24754403497845E+03
    5.64060482831839E+03    1.24741903885728E+03


    5.64089997607354E+03    1.24762633172307E+03
    5.64102650271635E+03    1.24760337534100E+03
    5.64115302933829E+03    1.24757965561268E+03
    5.64117713193362E+03    1.24770463531191E+03
    5.64120123692957E+03    1.24782961496755E+03
    5.64107318358615E+03    1.24785333949219E+03
    5.64094513020288E+03    1.24787630060898E+03
    5.64092255197913E+03    1.24775131618645E+03
    5.64089997607354E+03    1.24762633172307E+03


    5.64064507595218E+03    1.24766903106044E+03
    5.64077252602426E+03    1.24764829393840E+03
    5.64089997607354E+03    1.24762633172307E+03
    5.64092255197913E+03    1.24775131618645E+03
    5.64094513020288E+03    1.24787630060898E+03
    5.64081522989957E+03    1.24789826743494E+03
    5.64068532955280E+03    1.24791900903803E+03
    5.64066520167406E+03    1.24779402006748E+03
    5.64064507595218E+03    1.24766903106044E+03


    5.64145425964953E+03    1.24778064680869E+03
    5.64157965550984E+03    1.24775573539059E+03
    5.64170505134809E+03    1.24773072501066E+03
    5.64173011289924E+03    1.24785568319258E+03
    5.64175517782971E+03    1.24798064136771E+03
    5.64162958406933E+03    1.24800565850969E+03
    5.64150399027917E+03    1.24803057668967E+03
    5.64147912327917E+03    1.24790561175258E+03
    5.64145425964953E+03    1.24778064680869E+03


    5.64120123692957E+03    1.24782961496755E+03
    5.64132774830594E+03    1.24780531981845E+03
    5.64145425964953E+03    1.24778064680869E+03
    5.64147912327917E+03    1.24790561175258E+03
    5.64150399027917E+03    1.24803057668967E+03
    5.64137672319414E+03    1.24805525644279E+03
    5.64124945606424E+03    1.24807955831296E+03
    5.64122534483257E+03    1.24795458664359E+03
    5.64120123692957E+03    1.24782961496755E+03


    5.64150399027917E+03    1.24803057668967E+03
    5.64162958406933E+03    1.24800565850969E+03
    5.64175517782971E+03    1.24798064136771E+03
    5.64178024687509E+03    1.24810557878790E+03
    5.64180532076458E+03    1.24823051604652E+03
    5.64167952908006E+03    1.24825554287726E+03
    5.64155373736224E+03    1.24828047074634E+03
    5.64152886140151E+03    1.24815552379932E+03
    5.64150399027917E+03    1.24803057668967E+03


    5.64124945606424E+03    1.24807955831296E+03
    5.64137672319414E+03    1.24805525644279E+03
    5.64150399027917E+03    1.24803057668967E+03
    5.64152886140151E+03    1.24815552379932E+03
    5.64155373736224E+03    1.24828047074634E+03
    5.64142571448636E+03    1.24830516017485E+03
    5.64129769155813E+03    1.24832947171168E+03
    5.64127357140783E+03    1.24820451509433E+03
    5.64124945606424E+03    1.24807955831296E+03


    5.64094513020288E+03    1.24787630060898E+03
    5.64107318358615E+03    1.24785333949219E+03
    5.64120123692957E+03    1.24782961496755E+03
    5.64122534483257E+03    1.24795458664359E+03
    5.64124945606424E+03    1.24807955831296E+03
    5.64111987583416E+03    1.24810328948599E+03
    5.64099029554939E+03    1.24812625717669E+03
    5.64096771126547E+03    1.24800127889589E+03
    5.64094513020288E+03    1.24787630060898E+03


    5.64068532955280E+03    1.24791900903803E+03
    5.64081522989957E+03    1.24789826743494E+03
    5.64094513020288E+03    1.24787630060898E+03
    5.64096771126547E+03    1.24800127889589E+03
    5.64099029554939E+03    1.24812625717669E+03
    5.64085794464752E+03    1.24814823040949E+03
    5.64072559368642E+03    1.24816897825466E+03
    5.64070546011601E+03    1.24804399364878E+03
    5.64068532955280E+03    1.24791900903803E+03


    5.64099029554939E+03    1.24812625717669E+03
    5.64111987583416E+03    1.24810328948599E+03
    5.64124945606424E+03    1.24807955831296E+03
    5.64127357140783E+03    1.24820451509433E+03
    5.64129769155813E+03    1.24832947171168E+03
    5.64116658427332E+03    1.24835321248153E+03
    5.64103547692214E+03    1.24837618973609E+03
    5.64101288388071E+03    1.24825122353822E+03
    5.64099029554939E+03    1.24812625717669E+03


    5.64072559368642E+03    1.24816897825466E+03
    5.64085794464752E+03    1.24814823040949E+03
    5.64099029554939E+03    1.24812625717669E+03
    5.64101288388071E+03    1.24825122353822E+03
    5.64103547692214E+03    1.24837618973609E+03
    5.64090067503460E+03    1.24839817232633E+03
    5.64076587307106E+03    1.24841892945060E+03
    5.64074573113618E+03    1.24829395393199E+03
    5.64072559368642E+03    1.24816897825466E+03


    5.64035482832038E+03    1.24745581822357E+03
    5.64047982831934E+03    1.24743829525681E+03
    5.64060482831839E+03    1.24741903885728E+03
    5.64062495175100E+03    1.24754403497845E+03
    5.64064507595218E+03    1.24766903106044E+03
    5.64051660914876E+03    1.24768828897550E+03
    5.64038814232269E+03    1.24770581337333E+03
    5.64037148498706E+03    1.24758081581413E+03
    5.64035482832038E+03    1.24745581822357E+03


    5.64010482832281E+03    1.24748460896018E+03
    5.64022982832155E+03    1.24747134412564E+03
    5.64035482832038E+03    1.24745581822357E+03
    5.64037148498706E+03    1.24758081581413E+03
    5.64038814232269E+03    1.24770581337333E+03
    5.64025862027840E+03    1.24772134057343E+03
    5.64012909821378E+03    1.24773460657164E+03
    5.64011696301047E+03    1.24760960777659E+03
    5.64010482832281E+03    1.24748460896018E+03


    5.64038814232269E+03    1.24770581337333E+03
    5.64051660914876E+03    1.24768828897550E+03
    5.64064507595218E+03    1.24766903106044E+03
    5.64066520167406E+03    1.24779402006748E+03
    5.64068532955280E+03    1.24791900903803E+03
    5.64055339559199E+03    1.24793827120702E+03
    5.64042146158828E+03    1.24795579962929E+03
    5.64040480101404E+03    1.24783080651651E+03
    5.64038814232269E+03    1.24770581337333E+03


    5.64012909821378E+03    1.24773460657164E+03
    5.64025862027840E+03    1.24772134057343E+03
    5.64038814232269E+03    1.24770581337333E+03
    5.64040480101404E+03    1.24783080651651E+03
    5.64042146158828E+03    1.24795579962929E+03
    5.64028741693990E+03    1.24797133048654E+03
    5.64015337225217E+03    1.24798459977403E+03
    5.64014123450537E+03    1.24785960318343E+03
    5.64012909821378E+03    1.24773460657164E+03


    5.63985482832521E+03    1.24750330993492E+03
    5.63997982832403E+03    1.24749535149319E+03
    5.64010482832281E+03    1.24748460896018E+03
    5.64011696301047E+03    1.24760960777659E+03
    5.64012909821378E+03    1.24773460657164E+03
    5.63999853015797E+03    1.24774535007435E+03
    5.63986796208428E+03    1.24775330928832E+03
    5.63986139505977E+03    1.24762830961526E+03
    5.63985482832521E+03    1.24750330993492E+03


    5.63960482832744E+03    1.24750987649551E+03
    5.63972982832642E+03    1.24750823498013E+03
    5.63985482832521E+03    1.24750330993492E+03
    5.63986139505977E+03    1.24762830961526E+03
    5.63986796208428E+03    1.24775330928832E+03
    5.63973639520727E+03    1.24775823480990E+03
    5.63960482832744E+03    1.24775987649551E+03
    5.63960482832744E+03    1.24763487649551E+03
    5.63960482832744E+03    1.24750987649551E+03


    5.63986796208428E+03    1.24775330928832E+03
    5.63999853015797E+03    1.24774535007435E+03
    5.64012909821378E+03    1.24773460657164E+03
    5.64014123450537E+03    1.24785960318343E+03
    5.64015337225217E+03    1.24798459977403E+03
    5.64001723532340E+03    1.24799534600971E+03
    5.63988109836311E+03    1.24800330740542E+03
    5.63987452981177E+03    1.24787830835234E+03
    5.63986796208428E+03    1.24775330928832E+03


    5.63960482832744E+03    1.24775987649551E+03
    5.63973639520727E+03    1.24775823480990E+03
    5.63986796208428E+03    1.24775330928832E+03
    5.63987452981177E+03    1.24787830835234E+03
    5.63988109836311E+03    1.24800330740542E+03
    5.63974296334975E+03    1.24800823429717E+03
    5.63960482832744E+03    1.24800987649551E+03
    5.63960482832744E+03    1.24788487649551E+03
    5.63960482832744E+03    1.24775987649551E+03


    5.64042146158828E+03    1.24795579962929E+03
    5.64055339559199E+03    1.24793827120702E+03
    5.64068532955280E+03    1.24791900903803E+03
    5.64070546011601E+03    1.24804399364878E+03
    5.64072559368642E+03    1.24816897825466E+03
    5.64059019195952E+03    1.24818824635891E+03
    5.64045479017441E+03    1.24820578041095E+03
    5.64043812456349E+03    1.24808079002120E+03
    5.64042146158828E+03    1.24795579962929E+03


    5.64015337225217E+03    1.24798459977403E+03
    5.64028741693990E+03    1.24797133048654E+03
    5.64042146158828E+03    1.24795579962929E+03
    5.64043812456349E+03    1.24808079002120E+03
    5.64045479017441E+03    1.24820578041095E+03
    5.64031622195277E+03    1.24822131639731E+03
    5.64017765368016E+03    1.24823459030197E+03
    5.64016551194328E+03    1.24810959503756E+03
    5.64015337225217E+03    1.24798459977403E+03


    5.64045479017441E+03    1.24820578041095E+03
    5.64059019195952E+03    1.24818824635891E+03
    5.64072559368642E+03    1.24816897825466E+03
    5.64074573113618E+03    1.24829395393199E+03
    5.64076587307106E+03    1.24841892945060E+03
    5.64062700283346E+03    1.24843820636387E+03
    5.64048813251484E+03    1.24845574907201E+03
    5.64047145932547E+03    1.24833076481459E+03
    5.64045479017441E+03    1.24820578041095E+03


    5.64017765368016E+03    1.24823459030197E+03
    5.64031622195277E+03    1.24822131639731E+03
    5.64045479017441E+03    1.24820578041095E+03
    5.64047145932547E+03    1.24833076481459E+03
    5.64048813251484E+03    1.24845574907201E+03
    5.64034503942254E+03    1.24847129279469E+03
    5.64020194624820E+03    1.24848457416710E+03
    5.64018979834155E+03    1.24835958229552E+03
    5.64017765368016E+03    1.24823459030197E+03


    5.63988109836311E+03    1.24800330740542E+03
    5.64001723532340E+03    1.24799534600971E+03
    5.64015337225217E+03    1.24798459977403E+03
    5.64016551194328E+03    1.24810959503756E+03
    5.64017765368016E+03    1.24823459030197E+03
    5.64003594641860E+03    1.24824534040400E+03
    5.63989423911206E+03    1.24825330487945E+03
    5.63988766816236E+03    1.24812830613657E+03
    5.63988109836311E+03    1.24800330740542E+03


    5.63960482832744E+03    1.24800987649551E+03
    5.63974296334975E+03    1.24800823429717E+03
    5.63988109836311E+03    1.24800330740542E+03
    5.63988766816236E+03    1.24812830613657E+03
    5.63989423911206E+03    1.24825330487945E+03
    5.63974953371582E+03    1.24825823368243E+03
    5.63960482832744E+03    1.24825987649551E+03
    5.63960482832744E+03    1.24813487649551E+03
    5.63960482832744E+03    1.24800987649551E+03


    5.63989423911206E+03    1.24825330487945E+03
    5.64003594641860E+03    1.24824534040400E+03
    5.64017765368016E+03    1.24823459030197E+03
    5.64018979834155E+03    1.24835958229552E+03
    5.64020194624820E+03    1.24848457416710E+03
    5.64005466662875E+03    1.24849533014074E+03
    5.63990738692945E+03    1.24850330006706E+03
    5.63990081205479E+03    1.24837830251753E+03
    5.63989423911206E+03    1.24825330487945E+03


    5.63960482832744E+03    1.24825987649551E+03
    5.63974953371582E+03    1.24825823368243E+03
    5.63989423911206E+03    1.24825330487945E+03
    5.63990081205479E+03    1.24837830251753E+03
    5.63990738692945E+03    1.24850330006706E+03
    5.63975610766605E+03    1.24850823164166E+03
    5.63960482832744E+03    1.24850987649551E+03
    5.63960482832744E+03    1.24838487649551E+03
    5.63960482832744E+03    1.24825987649551E+03


