# Gnuplot Deformed Mesh Archive
# X_deformed              Y_deformed
    5.56060469598430E+03    1.28878445337965E+03
    5.56154935809118E+03    1.28811382326971E+03
    5.56159394744515E+03    1.28871545185903E+03
    5.56060469598430E+03    1.28878445337965E+03


    5.56060469598430E+03    1.28878445337965E+03
    5.56055347472945E+03    1.28818163578682E+03
    5.56154935809118E+03    1.28811382326971E+03
    5.56060469598430E+03    1.28878445337965E+03


    5.56159394744515E+03    1.28871545185903E+03
    5.56254938779297E+03    1.28805354003320E+03
    5.56259557284951E+03    1.28865320625225E+03
    5.56159394744515E+03    1.28871545185903E+03


    5.56159394744515E+03    1.28871545185903E+03
    5.56154935809118E+03    1.28811382326971E+03
    5.56254938779297E+03    1.28805354003320E+03
    5.56159394744515E+03    1.28871545185903E+03


    5.56259557284951E+03    1.28865320625225E+03
    5.56355435738702E+03    1.28798151598343E+03
    5.56360980154648E+03    1.28857918763121E+03
    5.56259557284951E+03    1.28865320625225E+03


    5.56259557284951E+03    1.28865320625225E+03
    5.56254938779297E+03    1.28805354003320E+03
    5.56355435738702E+03    1.28798151598343E+03
    5.56259557284951E+03    1.28865320625225E+03


    5.55763075093610E+03    1.28910031928175E+03
    5.55856394325071E+03    1.28838843940251E+03
    5.55862823897840E+03    1.28898869804771E+03
    5.55763075093610E+03    1.28910031928175E+03


    5.55763075093610E+03    1.28910031928175E+03
    5.55756499268649E+03    1.28850069164534E+03
    5.55856394325071E+03    1.28838843940251E+03
    5.55763075093610E+03    1.28910031928175E+03


    5.55862823897840E+03    1.28898869804771E+03
    5.55956017193228E+03    1.28827876226008E+03
    5.55961969310159E+03    1.28888009896202E+03
    5.55862823897840E+03    1.28898869804771E+03


    5.55862823897840E+03    1.28898869804771E+03
    5.55856394325071E+03    1.28838843940251E+03
    5.55956017193228E+03    1.28827876226008E+03
    5.55862823897840E+03    1.28898869804771E+03


    5.56837103786513E+03    1.28743569329026E+03
    5.56844208728186E+03    1.28803543520401E+03
    5.56683918796939E+03    1.28822666925636E+03
    5.56837103786513E+03    1.28743569329026E+03


    5.56676921609930E+03    1.28762746489677E+03
    5.56837103786513E+03    1.28743569329026E+03
    5.56683918796939E+03    1.28822666925636E+03
    5.56676921609930E+03    1.28762746489677E+03


    5.56676921609930E+03    1.28762746489677E+03
    5.56683918796939E+03    1.28822666925636E+03
    5.56522860009850E+03    1.28841259788199E+03
    5.56676921609930E+03    1.28762746489677E+03


    5.56516325814460E+03    1.28781419539723E+03
    5.56676921609930E+03    1.28762746489677E+03
    5.56522860009850E+03    1.28841259788199E+03
    5.56516325814460E+03    1.28781419539723E+03


    5.56516325814460E+03    1.28781419539723E+03
    5.56522860009850E+03    1.28841259788199E+03
    5.56360980154648E+03    1.28857918763121E+03
    5.56516325814460E+03    1.28781419539723E+03


    5.56355435738702E+03    1.28798151598343E+03
    5.56516325814460E+03    1.28781419539723E+03
    5.56360980154648E+03    1.28857918763121E+03
    5.56355435738702E+03    1.28798151598343E+03


    5.55961969310159E+03    1.28888009896202E+03
    5.56055347472945E+03    1.28818163578682E+03
    5.56060469598430E+03    1.28878445337965E+03
    5.55961969310159E+03    1.28888009896202E+03


    5.55961969310159E+03    1.28888009896202E+03
    5.55956017193228E+03    1.28827876226008E+03
    5.56055347472945E+03    1.28818163578682E+03
    5.55961969310159E+03    1.28888009896202E+03


    5.56055347472945E+03    1.28818163578682E+03
    5.56150145792545E+03    1.28751223503866E+03
    5.56154935809118E+03    1.28811382326971E+03
    5.56055347472945E+03    1.28818163578682E+03


    5.56055347472945E+03    1.28818163578682E+03
    5.56049936759026E+03    1.28757770080219E+03
    5.56150145792545E+03    1.28751223503866E+03
    5.56055347472945E+03    1.28818163578682E+03


    5.56154935809118E+03    1.28811382326971E+03
    5.56250025383564E+03    1.28745357350302E+03
    5.56254938779297E+03    1.28805354003320E+03
    5.56154935809118E+03    1.28811382326971E+03


    5.56154935809118E+03    1.28811382326971E+03
    5.56150145792545E+03    1.28751223503866E+03
    5.56250025383564E+03    1.28745357350302E+03
    5.56154935809118E+03    1.28811382326971E+03


    5.56254938779297E+03    1.28805354003320E+03
    5.56349751445975E+03    1.28738446562964E+03
    5.56355435738702E+03    1.28798151598343E+03
    5.56254938779297E+03    1.28805354003320E+03


    5.56254938779297E+03    1.28805354003320E+03
    5.56250025383564E+03    1.28745357350302E+03
    5.56349751445975E+03    1.28738446562964E+03
    5.56254938779297E+03    1.28805354003320E+03


    5.55756499268649E+03    1.28850069164534E+03
    5.55850018968617E+03    1.28778884711180E+03
    5.55856394325071E+03    1.28838843940251E+03
    5.55756499268649E+03    1.28850069164534E+03


    5.55756499268649E+03    1.28850069164534E+03
    5.55749983350004E+03    1.28790242928919E+03
    5.55850018968617E+03    1.28778884711180E+03
    5.55756499268649E+03    1.28850069164534E+03


    5.55856394325071E+03    1.28838843940251E+03
    5.55950029075941E+03    1.28767780008457E+03
    5.55956017193228E+03    1.28827876226008E+03
    5.55856394325071E+03    1.28838843940251E+03


    5.55856394325071E+03    1.28838843940251E+03
    5.55850018968617E+03    1.28778884711180E+03
    5.55950029075941E+03    1.28767780008457E+03
    5.55856394325071E+03    1.28838843940251E+03


    5.56829999654242E+03    1.28683550406477E+03
    5.56837103786513E+03    1.28743569329026E+03
    5.56676921609930E+03    1.28762746489677E+03
    5.56829999654242E+03    1.28683550406477E+03


    5.56669936007277E+03    1.28702784489863E+03
    5.56829999654242E+03    1.28683550406477E+03
    5.56676921609930E+03    1.28762746489677E+03
    5.56669936007277E+03    1.28702784489863E+03


    5.56669936007277E+03    1.28702784489863E+03
    5.56676921609930E+03    1.28762746489677E+03
    5.56516325814460E+03    1.28781419539723E+03
    5.56669936007277E+03    1.28702784489863E+03


    5.56509765288380E+03    1.28721505305665E+03
    5.56669936007277E+03    1.28702784489863E+03
    5.56516325814460E+03    1.28781419539723E+03
    5.56509765288380E+03    1.28721505305665E+03


    5.56509765288380E+03    1.28721505305665E+03
    5.56516325814460E+03    1.28781419539723E+03
    5.56355435738702E+03    1.28798151598343E+03
    5.56509765288380E+03    1.28721505305665E+03


    5.56349751445975E+03    1.28738446562964E+03
    5.56509765288380E+03    1.28721505305665E+03
    5.56355435738702E+03    1.28798151598343E+03
    5.56349751445975E+03    1.28738446562964E+03


    5.55956017193228E+03    1.28827876226008E+03
    5.56049936759026E+03    1.28757770080219E+03
    5.56055347472945E+03    1.28818163578682E+03
    5.55956017193228E+03    1.28827876226008E+03


    5.55956017193228E+03    1.28827876226008E+03
    5.55950029075941E+03    1.28767780008457E+03
    5.56049936759026E+03    1.28757770080219E+03
    5.55956017193228E+03    1.28827876226008E+03


    5.56049936759026E+03    1.28757770080219E+03
    5.56145648090516E+03    1.28691110221670E+03
    5.56150145792545E+03    1.28751223503866E+03
    5.56049936759026E+03    1.28757770080219E+03


    5.56049936759026E+03    1.28757770080219E+03
    5.56044203193666E+03    1.28697265707262E+03
    5.56145648090516E+03    1.28691110221670E+03
    5.56049936759026E+03    1.28757770080219E+03


    5.56150145792545E+03    1.28751223503866E+03
    5.56245599852839E+03    1.28685149633874E+03
    5.56250025383564E+03    1.28745357350302E+03
    5.56150145792545E+03    1.28751223503866E+03


    5.56150145792545E+03    1.28751223503866E+03
    5.56145648090516E+03    1.28691110221670E+03
    5.56245599852839E+03    1.28685149633874E+03
    5.56150145792545E+03    1.28751223503866E+03


    5.56250025383564E+03    1.28745357350302E+03
    5.56343724682889E+03    1.28678891242938E+03
    5.56349751445975E+03    1.28738446562964E+03
    5.56250025383564E+03    1.28745357350302E+03


    5.56250025383564E+03    1.28745357350302E+03
    5.56245599852839E+03    1.28685149633874E+03
    5.56343724682889E+03    1.28678891242938E+03
    5.56250025383564E+03    1.28745357350302E+03


    5.55749983350004E+03    1.28790242928919E+03
    5.55843427221291E+03    1.28718973041499E+03
    5.55850018968617E+03    1.28778884711180E+03
    5.55749983350004E+03    1.28790242928919E+03


    5.55749983350004E+03    1.28790242928919E+03
    5.55743305339105E+03    1.28730544141244E+03
    5.55843427221291E+03    1.28718973041499E+03
    5.55749983350004E+03    1.28790242928919E+03


    5.55850018968617E+03    1.28778884711180E+03
    5.55943734710171E+03    1.28707721522438E+03
    5.55950029075941E+03    1.28767780008457E+03
    5.55850018968617E+03    1.28778884711180E+03


    5.55850018968617E+03    1.28778884711180E+03
    5.55843427221291E+03    1.28718973041499E+03
    5.55943734710171E+03    1.28707721522438E+03
    5.55850018968617E+03    1.28778884711180E+03


    5.55805626282449E+03    1.28417805721350E+03
    5.55818475344466E+03    1.28518584902829E+03
    5.55718673323736E+03    1.28530780181698E+03
    5.55805626282449E+03    1.28417805721350E+03


    5.55805626282449E+03    1.28417805721350E+03
    5.55718673323736E+03    1.28530780181698E+03
    5.55706000111708E+03    1.28430176348940E+03
    5.55805626282449E+03    1.28417805721350E+03


    5.55818475344466E+03    1.28518584902829E+03
    5.55831319905850E+03    1.28618943707577E+03
    5.55731295039388E+03    1.28630891910344E+03
    5.55818475344466E+03    1.28518584902829E+03


    5.55818475344466E+03    1.28518584902829E+03
    5.55731295039388E+03    1.28630891910344E+03
    5.55718673323736E+03    1.28530780181698E+03
    5.55818475344466E+03    1.28518584902829E+03


    5.55831319905850E+03    1.28618943707577E+03
    5.55843427221291E+03    1.28718973041499E+03
    5.55743305339105E+03    1.28730544141244E+03
    5.55831319905850E+03    1.28618943707577E+03


    5.55831319905850E+03    1.28618943707577E+03
    5.55743305339105E+03    1.28730544141244E+03
    5.55731295039388E+03    1.28630891910344E+03
    5.55831319905850E+03    1.28618943707577E+03


    5.55904697755993E+03    1.28405816400079E+03
    5.55918047072783E+03    1.28506786882417E+03
    5.55818475344466E+03    1.28518584902829E+03
    5.55904697755993E+03    1.28405816400079E+03


    5.55904697755993E+03    1.28405816400079E+03
    5.55818475344466E+03    1.28518584902829E+03
    5.55805626282449E+03    1.28417805721350E+03
    5.55904697755993E+03    1.28405816400079E+03


    5.55918047072783E+03    1.28506786882417E+03
    5.55931359441330E+03    1.28607296840117E+03
    5.55831319905850E+03    1.28618943707577E+03
    5.55918047072783E+03    1.28506786882417E+03


    5.55918047072783E+03    1.28506786882417E+03
    5.55831319905850E+03    1.28618943707577E+03
    5.55818475344466E+03    1.28518584902829E+03
    5.55918047072783E+03    1.28506786882417E+03


    5.55931359441330E+03    1.28607296840117E+03
    5.55943734710171E+03    1.28707721522438E+03
    5.55843427221291E+03    1.28718973041499E+03
    5.55931359441330E+03    1.28607296840117E+03


    5.55931359441330E+03    1.28607296840117E+03
    5.55843427221291E+03    1.28718973041499E+03
    5.55831319905850E+03    1.28618943707577E+03
    5.55931359441330E+03    1.28607296840117E+03


    5.56002945663820E+03    1.28394431806883E+03
    5.56017864752470E+03    1.28494335343928E+03
    5.55918047072783E+03    1.28506786882417E+03
    5.56002945663820E+03    1.28394431806883E+03


    5.56002945663820E+03    1.28394431806883E+03
    5.55918047072783E+03    1.28506786882417E+03
    5.55904697755993E+03    1.28405816400079E+03
    5.56002945663820E+03    1.28394431806883E+03


    5.56017864752470E+03    1.28494335343928E+03
    5.56031324099406E+03    1.28595464355001E+03
    5.55931359441330E+03    1.28607296840117E+03
    5.56017864752470E+03    1.28494335343928E+03


    5.56017864752470E+03    1.28494335343928E+03
    5.55931359441330E+03    1.28607296840117E+03
    5.55918047072783E+03    1.28506786882417E+03
    5.56017864752470E+03    1.28494335343928E+03


    5.56662859389755E+03    1.28642790458591E+03
    5.56810700388235E+03    1.28523357445324E+03
    5.56822837046710E+03    1.28623486144985E+03
    5.56662859389755E+03    1.28642790458591E+03


    5.56662859389755E+03    1.28642790458591E+03
    5.56650686620792E+03    1.28542826253410E+03
    5.56810700388235E+03    1.28523357445324E+03
    5.56662859389755E+03    1.28642790458591E+03


    5.56502977157768E+03    1.28661540445109E+03
    5.56650686620792E+03    1.28542826253410E+03
    5.56662859389755E+03    1.28642790458591E+03
    5.56502977157768E+03    1.28661540445109E+03


    5.56502977157768E+03    1.28661540445109E+03
    5.56490699370340E+03    1.28561632858147E+03
    5.56650686620792E+03    1.28542826253410E+03
    5.56502977157768E+03    1.28661540445109E+03


    5.56343724682889E+03    1.28678891242938E+03
    5.56490699370340E+03    1.28561632858147E+03
    5.56502977157768E+03    1.28661540445109E+03
    5.56343724682889E+03    1.28678891242938E+03


    5.56343724682889E+03    1.28678891242938E+03
    5.56330392269454E+03    1.28580277481516E+03
    5.56490699370340E+03    1.28561632858147E+03
    5.56343724682889E+03    1.28678891242938E+03


    5.56650686620792E+03    1.28542826253410E+03
    5.56798256222711E+03    1.28423325312938E+03
    5.56810700388235E+03    1.28523357445324E+03
    5.56650686620792E+03    1.28542826253410E+03


    5.56650686620792E+03    1.28542826253410E+03
    5.56638094955029E+03    1.28443031686711E+03
    5.56798256222711E+03    1.28423325312938E+03
    5.56650686620792E+03    1.28542826253410E+03


    5.56490699370340E+03    1.28561632858147E+03
    5.56638094955029E+03    1.28443031686711E+03
    5.56650686620792E+03    1.28542826253410E+03
    5.56490699370340E+03    1.28561632858147E+03


    5.56490699370340E+03    1.28561632858147E+03
    5.56477665655982E+03    1.28462076953460E+03
    5.56638094955029E+03    1.28443031686711E+03
    5.56490699370340E+03    1.28561632858147E+03


    5.56330392269454E+03    1.28580277481516E+03
    5.56477665655982E+03    1.28462076953460E+03
    5.56490699370340E+03    1.28561632858147E+03
    5.56330392269454E+03    1.28580277481516E+03


    5.56330392269454E+03    1.28580277481516E+03
    5.56316921975991E+03    1.28481011074899E+03
    5.56477665655982E+03    1.28462076953460E+03
    5.56330392269454E+03    1.28580277481516E+03


    5.56822837046710E+03    1.28623486144985E+03
    5.56829999654242E+03    1.28683550406477E+03
    5.56669936007277E+03    1.28702784489863E+03
    5.56822837046710E+03    1.28623486144985E+03


    5.56662859389755E+03    1.28642790458591E+03
    5.56822837046710E+03    1.28623486144985E+03
    5.56669936007277E+03    1.28702784489863E+03
    5.56662859389755E+03    1.28642790458591E+03


    5.56662859389755E+03    1.28642790458591E+03
    5.56669936007277E+03    1.28702784489863E+03
    5.56509765288380E+03    1.28721505305665E+03
    5.56662859389755E+03    1.28642790458591E+03


    5.56502977157768E+03    1.28661540445109E+03
    5.56662859389755E+03    1.28642790458591E+03
    5.56509765288380E+03    1.28721505305665E+03
    5.56502977157768E+03    1.28661540445109E+03


    5.56638094955029E+03    1.28443031686711E+03
    5.56785594116127E+03    1.28323492322464E+03
    5.56798256222711E+03    1.28423325312938E+03
    5.56638094955029E+03    1.28443031686711E+03


    5.56638094955029E+03    1.28443031686711E+03
    5.56625272851193E+03    1.28343481277398E+03
    5.56785594116127E+03    1.28323492322464E+03
    5.56638094955029E+03    1.28443031686711E+03


    5.56477665655982E+03    1.28462076953460E+03
    5.56625272851193E+03    1.28343481277398E+03
    5.56638094955029E+03    1.28443031686711E+03
    5.56477665655982E+03    1.28462076953460E+03


    5.56477665655982E+03    1.28462076953460E+03
    5.56464471717210E+03    1.28362717599888E+03
    5.56625272851193E+03    1.28343481277398E+03
    5.56477665655982E+03    1.28462076953460E+03


    5.56316921975991E+03    1.28481011074899E+03
    5.56464471717210E+03    1.28362717599888E+03
    5.56477665655982E+03    1.28462076953460E+03
    5.56316921975991E+03    1.28481011074899E+03


    5.56316921975991E+03    1.28481011074899E+03
    5.56302669809434E+03    1.28381223586185E+03
    5.56464471717210E+03    1.28362717599888E+03
    5.56316921975991E+03    1.28481011074899E+03


    5.56502977157768E+03    1.28661540445109E+03
    5.56509765288380E+03    1.28721505305665E+03
    5.56349751445975E+03    1.28738446562964E+03
    5.56502977157768E+03    1.28661540445109E+03


    5.56343724682889E+03    1.28678891242938E+03
    5.56502977157768E+03    1.28661540445109E+03
    5.56349751445975E+03    1.28738446562964E+03
    5.56343724682889E+03    1.28678891242938E+03


    5.55950029075941E+03    1.28767780008457E+03
    5.56044203193666E+03    1.28697265707262E+03
    5.56049936759026E+03    1.28757770080219E+03
    5.55950029075941E+03    1.28767780008457E+03


    5.55950029075941E+03    1.28767780008457E+03
    5.55943734710171E+03    1.28707721522438E+03
    5.56044203193666E+03    1.28697265707262E+03
    5.55950029075941E+03    1.28767780008457E+03


    5.56031324099406E+03    1.28595464355001E+03
    5.56044203193666E+03    1.28697265707262E+03
    5.55943734710171E+03    1.28707721522438E+03
    5.56031324099406E+03    1.28595464355001E+03


    5.56031324099406E+03    1.28595464355001E+03
    5.55943734710171E+03    1.28707721522438E+03
    5.55931359441330E+03    1.28607296840117E+03
    5.56031324099406E+03    1.28595464355001E+03


    5.56002945663820E+03    1.28394431806883E+03
    5.56095885657067E+03    1.28329434341580E+03
    5.56099594421775E+03    1.28389883813971E+03
    5.56002945663820E+03    1.28394431806883E+03


    5.56002945663820E+03    1.28394431806883E+03
    5.55996808144855E+03    1.28334266423774E+03
    5.56095885657067E+03    1.28329434341580E+03
    5.56002945663820E+03    1.28394431806883E+03


    5.56099594421775E+03    1.28389883813971E+03
    5.56195598720341E+03    1.28326602235331E+03
    5.56199557120620E+03    1.28386666543488E+03
    5.56099594421775E+03    1.28389883813971E+03


    5.56099594421775E+03    1.28389883813971E+03
    5.56095885657067E+03    1.28329434341580E+03
    5.56195598720341E+03    1.28326602235331E+03
    5.56099594421775E+03    1.28389883813971E+03


    5.56199557120620E+03    1.28386666543488E+03
    5.56296304227800E+03    1.28321436074642E+03
    5.56302669809434E+03    1.28381223586185E+03
    5.56199557120620E+03    1.28386666543488E+03


    5.56199557120620E+03    1.28386666543488E+03
    5.56195598720341E+03    1.28326602235331E+03
    5.56296304227800E+03    1.28321436074642E+03
    5.56199557120620E+03    1.28386666543488E+03


    5.55706000111708E+03    1.28430176348940E+03
    5.55798350108784E+03    1.28357294275376E+03
    5.55805626282449E+03    1.28417805721350E+03
    5.55706000111708E+03    1.28430176348940E+03


    5.55706000111708E+03    1.28430176348940E+03
    5.55698650939859E+03    1.28369780663479E+03
    5.55798350108784E+03    1.28357294275376E+03
    5.55706000111708E+03    1.28430176348940E+03


    5.55805626282449E+03    1.28417805721350E+03
    5.55897773033697E+03    1.28345174524412E+03
    5.55904697755993E+03    1.28405816400079E+03
    5.55805626282449E+03    1.28417805721350E+03


    5.55805626282449E+03    1.28417805721350E+03
    5.55798350108784E+03    1.28357294275376E+03
    5.55897773033697E+03    1.28345174524412E+03
    5.55805626282449E+03    1.28417805721350E+03


    5.56777908200290E+03    1.28263696854574E+03
    5.56785594116127E+03    1.28323492322464E+03
    5.56625272851193E+03    1.28343481277398E+03
    5.56777908200290E+03    1.28263696854574E+03


    5.56617596408188E+03    1.28283859247374E+03
    5.56777908200290E+03    1.28263696854574E+03
    5.56625272851193E+03    1.28343481277398E+03
    5.56617596408188E+03    1.28283859247374E+03


    5.56617596408188E+03    1.28283859247374E+03
    5.56625272851193E+03    1.28343481277398E+03
    5.56464471717210E+03    1.28362717599888E+03
    5.56617596408188E+03    1.28283859247374E+03


    5.56457035325230E+03    1.28303262695377E+03
    5.56617596408188E+03    1.28283859247374E+03
    5.56464471717210E+03    1.28362717599888E+03
    5.56457035325230E+03    1.28303262695377E+03


    5.56457035325230E+03    1.28303262695377E+03
    5.56464471717210E+03    1.28362717599888E+03
    5.56302669809434E+03    1.28381223586185E+03
    5.56457035325230E+03    1.28303262695377E+03


    5.56296304227800E+03    1.28321436074642E+03
    5.56457035325230E+03    1.28303262695377E+03
    5.56302669809434E+03    1.28381223586185E+03
    5.56296304227800E+03    1.28321436074642E+03


    5.55904697755993E+03    1.28405816400079E+03
    5.55996808144855E+03    1.28334266423774E+03
    5.56002945663820E+03    1.28394431806883E+03
    5.55904697755993E+03    1.28405816400079E+03


    5.55904697755993E+03    1.28405816400079E+03
    5.55897773033697E+03    1.28345174524412E+03
    5.55996808144855E+03    1.28334266423774E+03
    5.55904697755993E+03    1.28405816400079E+03


    5.55996808144855E+03    1.28334266423774E+03
    5.56091434513182E+03    1.28269188068990E+03
    5.56095885657067E+03    1.28329434341580E+03
    5.55996808144855E+03    1.28334266423774E+03


    5.55996808144855E+03    1.28334266423774E+03
    5.55990989674519E+03    1.28273699027923E+03
    5.56091434513182E+03    1.28269188068990E+03
    5.55996808144855E+03    1.28334266423774E+03


    5.56095885657067E+03    1.28329434341580E+03
    5.56191067593781E+03    1.28266488830571E+03
    5.56195598720341E+03    1.28326602235331E+03
    5.56095885657067E+03    1.28329434341580E+03


    5.56095885657067E+03    1.28329434341580E+03
    5.56091434513182E+03    1.28269188068990E+03
    5.56191067593781E+03    1.28266488830571E+03
    5.56095885657067E+03    1.28329434341580E+03


    5.56195598720341E+03    1.28326602235331E+03
    5.56290218337938E+03    1.28261729095596E+03
    5.56296304227800E+03    1.28321436074642E+03
    5.56195598720341E+03    1.28326602235331E+03


    5.56195598720341E+03    1.28326602235331E+03
    5.56191067593781E+03    1.28266488830571E+03
    5.56290218337938E+03    1.28261729095596E+03
    5.56195598720341E+03    1.28326602235331E+03


    5.55698650939859E+03    1.28369780663479E+03
    5.55791144131219E+03    1.28296843465456E+03
    5.55798350108784E+03    1.28357294275376E+03
    5.55698650939859E+03    1.28369780663479E+03


    5.55698650939859E+03    1.28369780663479E+03
    5.55691298240724E+03    1.28309501849786E+03
    5.55791144131219E+03    1.28296843465456E+03
    5.55698650939859E+03    1.28369780663479E+03


    5.55798350108784E+03    1.28357294275376E+03
    5.55891070623882E+03    1.28284613651662E+03
    5.55897773033697E+03    1.28345174524412E+03
    5.55798350108784E+03    1.28357294275376E+03


    5.55798350108784E+03    1.28357294275376E+03
    5.55791144131219E+03    1.28296843465456E+03
    5.55891070623882E+03    1.28284613651662E+03
    5.55798350108784E+03    1.28357294275376E+03


    5.56770130746703E+03    1.28203956148676E+03
    5.56777908200290E+03    1.28263696854574E+03
    5.56617596408188E+03    1.28283859247374E+03
    5.56770130746703E+03    1.28203956148676E+03


    5.56609844105388E+03    1.28224249857934E+03
    5.56770130746703E+03    1.28203956148676E+03
    5.56617596408188E+03    1.28283859247374E+03
    5.56609844105388E+03    1.28224249857934E+03


    5.56609844105388E+03    1.28224249857934E+03
    5.56617596408188E+03    1.28283859247374E+03
    5.56457035325230E+03    1.28303262695377E+03
    5.56609844105388E+03    1.28224249857934E+03


    5.56449693922624E+03    1.28243686430447E+03
    5.56609844105388E+03    1.28224249857934E+03
    5.56457035325230E+03    1.28303262695377E+03
    5.56449693922624E+03    1.28243686430447E+03


    5.56449693922624E+03    1.28243686430447E+03
    5.56457035325230E+03    1.28303262695377E+03
    5.56296304227800E+03    1.28321436074642E+03
    5.56449693922624E+03    1.28243686430447E+03


    5.56290218337938E+03    1.28261729095596E+03
    5.56449693922624E+03    1.28243686430447E+03
    5.56296304227800E+03    1.28321436074642E+03
    5.56290218337938E+03    1.28261729095596E+03


    5.55897773033697E+03    1.28345174524412E+03
    5.55990989674519E+03    1.28273699027923E+03
    5.55996808144855E+03    1.28334266423774E+03
    5.55897773033697E+03    1.28345174524412E+03


    5.55897773033697E+03    1.28345174524412E+03
    5.55891070623882E+03    1.28284613651662E+03
    5.55990989674519E+03    1.28273699027923E+03
    5.55897773033697E+03    1.28345174524412E+03


    5.55990989674519E+03    1.28273699027923E+03
    5.56087704858759E+03    1.28209010329165E+03
    5.56091434513182E+03    1.28269188068990E+03
    5.55990989674519E+03    1.28273699027923E+03


    5.55990989674519E+03    1.28273699027923E+03
    5.55984943135516E+03    1.28212899231508E+03
    5.56087704858759E+03    1.28209010329165E+03
    5.55990989674519E+03    1.28273699027923E+03


    5.56091434513182E+03    1.28269188068990E+03
    5.56187536551489E+03    1.28206039440958E+03
    5.56191067593781E+03    1.28266488830571E+03
    5.56091434513182E+03    1.28269188068990E+03


    5.56091434513182E+03    1.28269188068990E+03
    5.56087704858759E+03    1.28209010329165E+03
    5.56187536551489E+03    1.28206039440958E+03
    5.56091434513182E+03    1.28269188068990E+03


    5.56191067593781E+03    1.28266488830571E+03
    5.56283750394435E+03    1.28202294896298E+03
    5.56290218337938E+03    1.28261729095596E+03
    5.56191067593781E+03    1.28266488830571E+03


    5.56191067593781E+03    1.28266488830571E+03
    5.56187536551489E+03    1.28206039440958E+03
    5.56283750394435E+03    1.28202294896298E+03
    5.56191067593781E+03    1.28266488830571E+03


    5.55691298240724E+03    1.28309501849786E+03
    5.55783677127284E+03    1.28236450967177E+03
    5.55791144131219E+03    1.28296843465456E+03
    5.55691298240724E+03    1.28309501849786E+03


    5.55691298240724E+03    1.28309501849786E+03
    5.55683730473487E+03    1.28249318270642E+03
    5.55783677127284E+03    1.28236450967177E+03
    5.55691298240724E+03    1.28309501849786E+03


    5.55791144131219E+03    1.28296843465456E+03
    5.55884063530956E+03    1.28224166520478E+03
    5.55891070623882E+03    1.28284613651662E+03
    5.55791144131219E+03    1.28296843465456E+03


    5.55791144131219E+03    1.28296843465456E+03
    5.55783677127284E+03    1.28236450967177E+03
    5.55884063530956E+03    1.28224166520478E+03
    5.55791144131219E+03    1.28296843465456E+03


    5.55741358376028E+03    1.27931742705236E+03
    5.55755251493155E+03    1.28033928572369E+03
    5.55655894329255E+03    1.28046957431269E+03
    5.55741358376028E+03    1.27931742705236E+03


    5.55741358376028E+03    1.27931742705236E+03
    5.55655894329255E+03    1.28046957431269E+03
    5.55642306150013E+03    1.27944457765963E+03
    5.55741358376028E+03    1.27931742705236E+03


    5.55755251493155E+03    1.28033928572369E+03
    5.55769764674860E+03    1.28135465639276E+03
    5.55670032173649E+03    1.28148584879376E+03
    5.55755251493155E+03    1.28033928572369E+03


    5.55755251493155E+03    1.28033928572369E+03
    5.55670032173649E+03    1.28148584879376E+03
    5.55655894329255E+03    1.28046957431269E+03
    5.55755251493155E+03    1.28033928572369E+03


    5.55769764674860E+03    1.28135465639276E+03
    5.55783677127284E+03    1.28236450967177E+03
    5.55683730473487E+03    1.28249318270642E+03
    5.55769764674860E+03    1.28135465639276E+03


    5.55769764674860E+03    1.28135465639276E+03
    5.55683730473487E+03    1.28249318270642E+03
    5.55670032173649E+03    1.28148584879376E+03
    5.55769764674860E+03    1.28135465639276E+03


    5.55839841068215E+03    1.27919653592172E+03
    5.55854438294724E+03    1.28021579409836E+03
    5.55755251493155E+03    1.28033928572369E+03
    5.55839841068215E+03    1.27919653592172E+03


    5.55839841068215E+03    1.27919653592172E+03
    5.55755251493155E+03    1.28033928572369E+03
    5.55741358376028E+03    1.27931742705236E+03
    5.55839841068215E+03    1.27919653592172E+03


    5.55854438294724E+03    1.28021579409836E+03
    5.55869650642261E+03    1.28122919727181E+03
    5.55769764674860E+03    1.28135465639276E+03
    5.55854438294724E+03    1.28021579409836E+03


    5.55854438294724E+03    1.28021579409836E+03
    5.55769764674860E+03    1.28135465639276E+03
    5.55755251493155E+03    1.28033928572369E+03
    5.55854438294724E+03    1.28021579409836E+03


    5.55869650642261E+03    1.28122919727181E+03
    5.55884063530956E+03    1.28224166520478E+03
    5.55783677127284E+03    1.28236450967177E+03
    5.55869650642261E+03    1.28122919727181E+03


    5.55869650642261E+03    1.28122919727181E+03
    5.55783677127284E+03    1.28236450967177E+03
    5.55769764674860E+03    1.28135465639276E+03
    5.55869650642261E+03    1.28122919727181E+03


    5.55937346477013E+03    1.27908309887543E+03
    5.55954111588175E+03    1.28008169868651E+03
    5.55854438294724E+03    1.28021579409836E+03
    5.55937346477013E+03    1.27908309887543E+03


    5.55937346477013E+03    1.27908309887543E+03
    5.55854438294724E+03    1.28021579409836E+03
    5.55839841068215E+03    1.27919653592172E+03
    5.55937346477013E+03    1.27908309887543E+03


    5.55954111588175E+03    1.28008169868651E+03
    5.55969549422541E+03    1.28109938312704E+03
    5.55869650642261E+03    1.28122919727181E+03
    5.55954111588175E+03    1.28008169868651E+03


    5.55954111588175E+03    1.28008169868651E+03
    5.55869650642261E+03    1.28122919727181E+03
    5.55854438294724E+03    1.28021579409836E+03
    5.55954111588175E+03    1.28008169868651E+03


    5.56601945059771E+03    1.28164640664320E+03
    5.56748826991891E+03    1.28045070270965E+03
    5.56762239598904E+03    1.28144281523747E+03
    5.56601945059771E+03    1.28164640664320E+03


    5.56601945059771E+03    1.28164640664320E+03
    5.56588336695383E+03    1.28065399556219E+03
    5.56748826991891E+03    1.28045070270965E+03
    5.56601945059771E+03    1.28164640664320E+03


    5.56442116273570E+03    1.28183985379430E+03
    5.56588336695383E+03    1.28065399556219E+03
    5.56601945059771E+03    1.28164640664320E+03
    5.56442116273570E+03    1.28183985379430E+03


    5.56442116273570E+03    1.28183985379430E+03
    5.56428183467506E+03    1.28084445167409E+03
    5.56588336695383E+03    1.28065399556219E+03
    5.56442116273570E+03    1.28183985379430E+03


    5.56283750394435E+03    1.28202294896298E+03
    5.56428183467506E+03    1.28084445167409E+03
    5.56442116273570E+03    1.28183985379430E+03
    5.56283750394435E+03    1.28202294896298E+03


    5.56283750394435E+03    1.28202294896298E+03
    5.56267822677014E+03    1.28104165850746E+03
    5.56428183467506E+03    1.28084445167409E+03
    5.56283750394435E+03    1.28202294896298E+03


    5.56588336695383E+03    1.28065399556219E+03
    5.56735288623561E+03    1.27946334175130E+03
    5.56748826991891E+03    1.28045070270965E+03
    5.56588336695383E+03    1.28065399556219E+03


    5.56588336695383E+03    1.28065399556219E+03
    5.56574491490649E+03    1.27966501266787E+03
    5.56735288623561E+03    1.27946334175130E+03
    5.56588336695383E+03    1.28065399556219E+03


    5.56428183467506E+03    1.28084445167409E+03
    5.56574491490649E+03    1.27966501266787E+03
    5.56588336695383E+03    1.28065399556219E+03
    5.56428183467506E+03    1.28084445167409E+03


    5.56428183467506E+03    1.28084445167409E+03
    5.56413612053616E+03    1.27985391408757E+03
    5.56574491490649E+03    1.27966501266787E+03
    5.56428183467506E+03    1.28084445167409E+03


    5.56267822677014E+03    1.28104165850746E+03
    5.56413612053616E+03    1.27985391408757E+03
    5.56428183467506E+03    1.28084445167409E+03
    5.56267822677014E+03    1.28104165850746E+03


    5.56267822677014E+03    1.28104165850746E+03
    5.56252614294599E+03    1.28004749858669E+03
    5.56413612053616E+03    1.27985391408757E+03
    5.56267822677014E+03    1.28104165850746E+03


    5.56762239598904E+03    1.28144281523747E+03
    5.56770130746703E+03    1.28203956148676E+03
    5.56609844105388E+03    1.28224249857934E+03
    5.56762239598904E+03    1.28144281523747E+03


    5.56601945059771E+03    1.28164640664320E+03
    5.56762239598904E+03    1.28144281523747E+03
    5.56609844105388E+03    1.28224249857934E+03
    5.56601945059771E+03    1.28164640664320E+03


    5.56601945059771E+03    1.28164640664320E+03
    5.56609844105388E+03    1.28224249857934E+03
    5.56449693922624E+03    1.28243686430447E+03
    5.56601945059771E+03    1.28164640664320E+03


    5.56442116273570E+03    1.28183985379430E+03
    5.56601945059771E+03    1.28164640664320E+03
    5.56449693922624E+03    1.28243686430447E+03
    5.56442116273570E+03    1.28183985379430E+03


    5.56574491490649E+03    1.27966501266787E+03
    5.56721905326692E+03    1.27848161901960E+03
    5.56735288623561E+03    1.27946334175130E+03
    5.56574491490649E+03    1.27966501266787E+03


    5.56574491490649E+03    1.27966501266787E+03
    5.56560854971601E+03    1.27868018738169E+03
    5.56721905326692E+03    1.27848161901960E+03
    5.56574491490649E+03    1.27966501266787E+03


    5.56413612053616E+03    1.27985391408757E+03
    5.56560854971601E+03    1.27868018738169E+03
    5.56574491490649E+03    1.27966501266787E+03
    5.56413612053616E+03    1.27985391408757E+03


    5.56413612053616E+03    1.27985391408757E+03
    5.56399444338563E+03    1.27886522433966E+03
    5.56560854971601E+03    1.27868018738169E+03
    5.56413612053616E+03    1.27985391408757E+03


    5.56252614294599E+03    1.28004749858669E+03
    5.56399444338563E+03    1.27886522433966E+03
    5.56413612053616E+03    1.27985391408757E+03
    5.56252614294599E+03    1.28004749858669E+03


    5.56252614294599E+03    1.28004749858669E+03
    5.56237042162085E+03    1.27904351569474E+03
    5.56399444338563E+03    1.27886522433966E+03
    5.56252614294599E+03    1.28004749858669E+03


    5.56442116273570E+03    1.28183985379430E+03
    5.56449693922624E+03    1.28243686430447E+03
    5.56290218337938E+03    1.28261729095596E+03
    5.56442116273570E+03    1.28183985379430E+03


    5.56283750394435E+03    1.28202294896298E+03
    5.56442116273570E+03    1.28183985379430E+03
    5.56290218337938E+03    1.28261729095596E+03
    5.56283750394435E+03    1.28202294896298E+03


    5.55891070623882E+03    1.28284613651662E+03
    5.55984943135516E+03    1.28212899231508E+03
    5.55990989674519E+03    1.28273699027923E+03
    5.55891070623882E+03    1.28284613651662E+03


    5.55891070623882E+03    1.28284613651662E+03
    5.55884063530956E+03    1.28224166520478E+03
    5.55984943135516E+03    1.28212899231508E+03
    5.55891070623882E+03    1.28284613651662E+03


    5.55969549422541E+03    1.28109938312704E+03
    5.55984943135516E+03    1.28212899231508E+03
    5.55884063530956E+03    1.28224166520478E+03
    5.55969549422541E+03    1.28109938312704E+03


    5.55969549422541E+03    1.28109938312704E+03
    5.55884063530956E+03    1.28224166520478E+03
    5.55869650642261E+03    1.28122919727181E+03
    5.55969549422541E+03    1.28109938312704E+03


    5.55937346477013E+03    1.27908309887543E+03
    5.56030482001104E+03    1.27846072028875E+03
    5.56032817416582E+03    1.27906667638489E+03
    5.55937346477013E+03    1.27908309887543E+03


    5.55937346477013E+03    1.27908309887543E+03
    5.55931626884736E+03    1.27848145367229E+03
    5.56030482001104E+03    1.27846072028875E+03
    5.55937346477013E+03    1.27908309887543E+03


    5.56032817416582E+03    1.27906667638489E+03
    5.56130168111731E+03    1.27846682082591E+03
    5.56132810931034E+03    1.27906807792669E+03
    5.56032817416582E+03    1.27906667638489E+03


    5.56032817416582E+03    1.27906667638489E+03
    5.56030482001104E+03    1.27846072028875E+03
    5.56130168111731E+03    1.27846682082591E+03
    5.56032817416582E+03    1.27906667638489E+03


    5.56132810931034E+03    1.27906807792669E+03
    5.56231064831305E+03    1.27844327762988E+03
    5.56237042162085E+03    1.27904351569474E+03
    5.56132810931034E+03    1.27906807792669E+03


    5.56132810931034E+03    1.27906807792669E+03
    5.56130168111731E+03    1.27846682082591E+03
    5.56231064831305E+03    1.27844327762988E+03
    5.56132810931034E+03    1.27906807792669E+03


    5.55642306150013E+03    1.27944457765963E+03
    5.55733946658083E+03    1.27870349065227E+03
    5.55741358376028E+03    1.27931742705236E+03
    5.55642306150013E+03    1.27944457765963E+03


    5.55642306150013E+03    1.27944457765963E+03
    5.55634793908709E+03    1.27882815506786E+03
    5.55733946658083E+03    1.27870349065227E+03
    5.55642306150013E+03    1.27944457765963E+03


    5.55741358376028E+03    1.27931742705236E+03
    5.55832937460607E+03    1.27858453531734E+03
    5.55839841068215E+03    1.27919653592172E+03
    5.55741358376028E+03    1.27931742705236E+03


    5.55741358376028E+03    1.27931742705236E+03
    5.55733946658083E+03    1.27870349065227E+03
    5.55832937460607E+03    1.27858453531734E+03
    5.55741358376028E+03    1.27931742705236E+03


    5.56714109870253E+03    1.27789524597238E+03
    5.56721905326692E+03    1.27848161901960E+03
    5.56560854971601E+03    1.27868018738169E+03
    5.56714109870253E+03    1.27789524597238E+03


    5.56553011892479E+03    1.27809107526020E+03
    5.56714109870253E+03    1.27789524597238E+03
    5.56560854971601E+03    1.27868018738169E+03
    5.56553011892479E+03    1.27809107526020E+03


    5.56553011892479E+03    1.27809107526020E+03
    5.56560854971601E+03    1.27868018738169E+03
    5.56399444338563E+03    1.27886522433966E+03
    5.56553011892479E+03    1.27809107526020E+03


    5.56391956069216E+03    1.27827386557532E+03
    5.56553011892479E+03    1.27809107526020E+03
    5.56399444338563E+03    1.27886522433966E+03
    5.56391956069216E+03    1.27827386557532E+03


    5.56391956069216E+03    1.27827386557532E+03
    5.56399444338563E+03    1.27886522433966E+03
    5.56237042162085E+03    1.27904351569474E+03
    5.56391956069216E+03    1.27827386557532E+03


    5.56231064831305E+03    1.27844327762988E+03
    5.56391956069216E+03    1.27827386557532E+03
    5.56237042162085E+03    1.27904351569474E+03
    5.56231064831305E+03    1.27844327762988E+03


    5.55839841068215E+03    1.27919653592172E+03
    5.55931626884736E+03    1.27848145367229E+03
    5.55937346477013E+03    1.27908309887543E+03
    5.55839841068215E+03    1.27919653592172E+03


    5.55839841068215E+03    1.27919653592172E+03
    5.55832937460607E+03    1.27858453531734E+03
    5.55931626884736E+03    1.27848145367229E+03
    5.55839841068215E+03    1.27919653592172E+03


    5.55931626884736E+03    1.27848145367229E+03
    5.56027148600535E+03    1.27785780304962E+03
    5.56030482001104E+03    1.27846072028875E+03
    5.55931626884736E+03    1.27848145367229E+03


    5.55931626884736E+03    1.27848145367229E+03
    5.55926480491012E+03    1.27787453938764E+03
    5.56027148600535E+03    1.27785780304962E+03
    5.55931626884736E+03    1.27848145367229E+03


    5.56030482001104E+03    1.27846072028875E+03
    5.56126747550312E+03    1.27786479485450E+03
    5.56130168111731E+03    1.27846682082591E+03
    5.56030482001104E+03    1.27846072028875E+03


    5.56030482001104E+03    1.27846072028875E+03
    5.56027148600535E+03    1.27785780304962E+03
    5.56126747550312E+03    1.27786479485450E+03
    5.56030482001104E+03    1.27846072028875E+03


    5.56130168111731E+03    1.27846682082591E+03
    5.56225587002526E+03    1.27784390562244E+03
    5.56231064831305E+03    1.27844327762988E+03
    5.56130168111731E+03    1.27846682082591E+03


    5.56130168111731E+03    1.27846682082591E+03
    5.56126747550312E+03    1.27786479485450E+03
    5.56225587002526E+03    1.27784390562244E+03
    5.56130168111731E+03    1.27846682082591E+03


    5.55634793908709E+03    1.27882815506786E+03
    5.55726912005810E+03    1.27809030993609E+03
    5.55733946658083E+03    1.27870349065227E+03
    5.55634793908709E+03    1.27882815506786E+03


    5.55634793908709E+03    1.27882815506786E+03
    5.55627564145154E+03    1.27821296431314E+03
    5.55726912005810E+03    1.27809030993609E+03
    5.55634793908709E+03    1.27882815506786E+03


    5.55733946658083E+03    1.27870349065227E+03
    5.55826583537034E+03    1.27797382219864E+03
    5.55832937460607E+03    1.27858453531734E+03
    5.55733946658083E+03    1.27870349065227E+03


    5.55733946658083E+03    1.27870349065227E+03
    5.55726912005810E+03    1.27809030993609E+03
    5.55826583537034E+03    1.27797382219864E+03
    5.55733946658083E+03    1.27870349065227E+03


    5.56706424360448E+03    1.27731020984261E+03
    5.56714109870253E+03    1.27789524597238E+03
    5.56553011892479E+03    1.27809107526020E+03
    5.56706424360448E+03    1.27731020984261E+03


    5.56545315445701E+03    1.27750227430930E+03
    5.56706424360448E+03    1.27731020984261E+03
    5.56553011892479E+03    1.27809107526020E+03
    5.56545315445701E+03    1.27750227430930E+03


    5.56545315445701E+03    1.27750227430930E+03
    5.56553011892479E+03    1.27809107526020E+03
    5.56391956069216E+03    1.27827386557532E+03
    5.56545315445701E+03    1.27750227430930E+03


    5.56384815110147E+03    1.27768059373400E+03
    5.56545315445701E+03    1.27750227430930E+03
    5.56391956069216E+03    1.27827386557532E+03
    5.56384815110147E+03    1.27768059373400E+03


    5.56384815110147E+03    1.27768059373400E+03
    5.56391956069216E+03    1.27827386557532E+03
    5.56231064831305E+03    1.27844327762988E+03
    5.56384815110147E+03    1.27768059373400E+03


    5.56225587002526E+03    1.27784390562244E+03
    5.56384815110147E+03    1.27768059373400E+03
    5.56231064831305E+03    1.27844327762988E+03
    5.56225587002526E+03    1.27784390562244E+03


    5.55832937460607E+03    1.27858453531734E+03
    5.55926480491012E+03    1.27787453938764E+03
    5.55931626884736E+03    1.27848145367229E+03
    5.55832937460607E+03    1.27858453531734E+03


    5.55832937460607E+03    1.27858453531734E+03
    5.55826583537034E+03    1.27797382219864E+03
    5.55926480491012E+03    1.27787453938764E+03
    5.55832937460607E+03    1.27858453531734E+03


    5.55926480491012E+03    1.27787453938764E+03
    5.56024791587991E+03    1.27725567715346E+03
    5.56027148600535E+03    1.27785780304962E+03
    5.55926480491012E+03    1.27787453938764E+03


    5.55926480491012E+03    1.27787453938764E+03
    5.55921192569698E+03    1.27726467405488E+03
    5.56024791587991E+03    1.27725567715346E+03
    5.55926480491012E+03    1.27787453938764E+03


    5.56027148600535E+03    1.27785780304962E+03
    5.56124570593771E+03    1.27725889080715E+03
    5.56126747550312E+03    1.27786479485450E+03
    5.56027148600535E+03    1.27785780304962E+03


    5.56027148600535E+03    1.27785780304962E+03
    5.56024791587991E+03    1.27725567715346E+03
    5.56124570593771E+03    1.27725889080715E+03
    5.56027148600535E+03    1.27785780304962E+03


    5.56126747550312E+03    1.27786479485450E+03
    5.56219737358503E+03    1.27724775448827E+03
    5.56225587002526E+03    1.27784390562244E+03
    5.56126747550312E+03    1.27786479485450E+03


    5.56126747550312E+03    1.27786479485450E+03
    5.56124570593771E+03    1.27725889080715E+03
    5.56219737358503E+03    1.27724775448827E+03
    5.56126747550312E+03    1.27786479485450E+03


    5.55627564145154E+03    1.27821296431314E+03
    5.55719818671565E+03    1.27747783371094E+03
    5.55726912005810E+03    1.27809030993609E+03
    5.55627564145154E+03    1.27821296431314E+03


    5.55627564145154E+03    1.27821296431314E+03
    5.55620320955796E+03    1.27759888623635E+03
    5.55719818671565E+03    1.27747783371094E+03
    5.55627564145154E+03    1.27821296431314E+03


    5.55726912005810E+03    1.27809030993609E+03
    5.55820081169994E+03    1.27736458282913E+03
    5.55826583537034E+03    1.27797382219864E+03
    5.55726912005810E+03    1.27809030993609E+03


    5.55726912005810E+03    1.27809030993609E+03
    5.55719818671565E+03    1.27747783371094E+03
    5.55820081169994E+03    1.27736458282913E+03
    5.55726912005810E+03    1.27809030993609E+03


    5.55681680051907E+03    1.27438245017721E+03
    5.55693566892994E+03    1.27542124320996E+03
    5.55594771590441E+03    1.27553205377756E+03
    5.55681680051907E+03    1.27438245017721E+03


    5.55681680051907E+03    1.27438245017721E+03
    5.55594771590441E+03    1.27553205377756E+03
    5.55583251622273E+03    1.27448255062538E+03
    5.55681680051907E+03    1.27438245017721E+03


    5.55693566892994E+03    1.27542124320996E+03
    5.55706743464069E+03    1.27645282218676E+03
    5.55607523986364E+03    1.27657077491389E+03
    5.55693566892994E+03    1.27542124320996E+03


    5.55693566892994E+03    1.27542124320996E+03
    5.55607523986364E+03    1.27657077491389E+03
    5.55594771590441E+03    1.27553205377756E+03
    5.55693566892994E+03    1.27542124320996E+03


    5.55706743464069E+03    1.27645282218676E+03
    5.55719818671565E+03    1.27747783371094E+03
    5.55620320955796E+03    1.27759888623635E+03
    5.55706743464069E+03    1.27645282218676E+03


    5.55706743464069E+03    1.27645282218676E+03
    5.55620320955796E+03    1.27759888623635E+03
    5.55607523986364E+03    1.27657077491389E+03
    5.55706743464069E+03    1.27645282218676E+03


    5.55779893437869E+03    1.27429084848264E+03
    5.55792446920238E+03    1.27531916091516E+03
    5.55693566892994E+03    1.27542124320996E+03
    5.55779893437869E+03    1.27429084848264E+03


    5.55779893437869E+03    1.27429084848264E+03
    5.55693566892994E+03    1.27542124320996E+03
    5.55681680051907E+03    1.27438245017721E+03
    5.55779893437869E+03    1.27429084848264E+03


    5.55792446920238E+03    1.27531916091516E+03
    5.55806359331583E+03    1.27634256108575E+03
    5.55706743464069E+03    1.27645282218676E+03
    5.55792446920238E+03    1.27531916091516E+03


    5.55792446920238E+03    1.27531916091516E+03
    5.55706743464069E+03    1.27645282218676E+03
    5.55693566892994E+03    1.27542124320996E+03
    5.55792446920238E+03    1.27531916091516E+03


    5.55806359331583E+03    1.27634256108575E+03
    5.55820081169994E+03    1.27736458282913E+03
    5.55719818671565E+03    1.27747783371094E+03
    5.55806359331583E+03    1.27634256108575E+03


    5.55806359331583E+03    1.27634256108575E+03
    5.55719818671565E+03    1.27747783371094E+03
    5.55706743464069E+03    1.27645282218676E+03
    5.55806359331583E+03    1.27634256108575E+03


    5.55877467426141E+03    1.27420454633679E+03
    5.55891998524680E+03    1.27520550926839E+03
    5.55792446920238E+03    1.27531916091516E+03
    5.55877467426141E+03    1.27420454633679E+03


    5.55877467426141E+03    1.27420454633679E+03
    5.55792446920238E+03    1.27531916091516E+03
    5.55779893437869E+03    1.27429084848264E+03
    5.55877467426141E+03    1.27420454633679E+03


    5.55891998524680E+03    1.27520550926839E+03
    5.55906165776865E+03    1.27622764136433E+03
    5.55806359331583E+03    1.27634256108575E+03
    5.55891998524680E+03    1.27520550926839E+03


    5.55891998524680E+03    1.27520550926839E+03
    5.55806359331583E+03    1.27634256108575E+03
    5.55792446920238E+03    1.27531916091516E+03
    5.55891998524680E+03    1.27520550926839E+03


    5.56537675095394E+03    1.27691363482702E+03
    5.56686320436579E+03    1.27575741460906E+03
    5.56698850770790E+03    1.27672650135270E+03
    5.56537675095394E+03    1.27691363482702E+03


    5.56537675095394E+03    1.27691363482702E+03
    5.56524925713764E+03    1.27593407722985E+03
    5.56686320436579E+03    1.27575741460906E+03
    5.56537675095394E+03    1.27691363482702E+03


    5.56377593877136E+03    1.27708547552835E+03
    5.56524925713764E+03    1.27593407722985E+03
    5.56537675095394E+03    1.27691363482702E+03
    5.56377593877136E+03    1.27708547552835E+03


    5.56377593877136E+03    1.27708547552835E+03
    5.56364477841710E+03    1.27609264388117E+03
    5.56524925713764E+03    1.27593407722985E+03
    5.56377593877136E+03    1.27708547552835E+03


    5.56219737358503E+03    1.27724775448827E+03
    5.56364477841710E+03    1.27609264388117E+03
    5.56377593877136E+03    1.27708547552835E+03
    5.56219737358503E+03    1.27724775448827E+03


    5.56219737358503E+03    1.27724775448827E+03
    5.56204269244317E+03    1.27626178784686E+03
    5.56364477841710E+03    1.27609264388117E+03
    5.56219737358503E+03    1.27724775448827E+03


    5.56524925713764E+03    1.27593407722985E+03
    5.56674361967104E+03    1.27479521652679E+03
    5.56686320436579E+03    1.27575741460906E+03
    5.56524925713764E+03    1.27593407722985E+03


    5.56524925713764E+03    1.27593407722985E+03
    5.56512601455949E+03    1.27495891566396E+03
    5.56674361967104E+03    1.27479521652679E+03
    5.56524925713764E+03    1.27593407722985E+03


    5.56364477841710E+03    1.27609264388117E+03
    5.56512601455949E+03    1.27495891566396E+03
    5.56524925713764E+03    1.27593407722985E+03
    5.56364477841710E+03    1.27609264388117E+03


    5.56364477841710E+03    1.27609264388117E+03
    5.56351359860490E+03    1.27510498638115E+03
    5.56512601455949E+03    1.27495891566396E+03
    5.56364477841710E+03    1.27609264388117E+03


    5.56204269244317E+03    1.27626178784686E+03
    5.56351359860490E+03    1.27510498638115E+03
    5.56364477841710E+03    1.27609264388117E+03
    5.56204269244317E+03    1.27626178784686E+03


    5.56204269244317E+03    1.27626178784686E+03
    5.56190535846687E+03    1.27525906347675E+03
    5.56351359860490E+03    1.27510498638115E+03
    5.56204269244317E+03    1.27626178784686E+03


    5.56698850770790E+03    1.27672650135270E+03
    5.56706424360448E+03    1.27731020984261E+03
    5.56545315445701E+03    1.27750227430930E+03
    5.56698850770790E+03    1.27672650135270E+03


    5.56537675095394E+03    1.27691363482702E+03
    5.56698850770790E+03    1.27672650135270E+03
    5.56545315445701E+03    1.27750227430930E+03
    5.56537675095394E+03    1.27691363482702E+03


    5.56537675095394E+03    1.27691363482702E+03
    5.56545315445701E+03    1.27750227430930E+03
    5.56384815110147E+03    1.27768059373400E+03
    5.56537675095394E+03    1.27691363482702E+03


    5.56377593877136E+03    1.27708547552835E+03
    5.56537675095394E+03    1.27691363482702E+03
    5.56384815110147E+03    1.27768059373400E+03
    5.56377593877136E+03    1.27708547552835E+03


    5.56512601455949E+03    1.27495891566396E+03
    5.56663290269251E+03    1.27384090825938E+03
    5.56674361967104E+03    1.27479521652679E+03
    5.56512601455949E+03    1.27495891566396E+03


    5.56512601455949E+03    1.27495891566396E+03
    5.56501269549796E+03    1.27398875566362E+03
    5.56663290269251E+03    1.27384090825938E+03
    5.56512601455949E+03    1.27495891566396E+03


    5.56351359860490E+03    1.27510498638115E+03
    5.56501269549796E+03    1.27398875566362E+03
    5.56512601455949E+03    1.27495891566396E+03
    5.56351359860490E+03    1.27510498638115E+03


    5.56351359860490E+03    1.27510498638115E+03
    5.56339502903322E+03    1.27411859263160E+03
    5.56501269549796E+03    1.27398875566362E+03
    5.56351359860490E+03    1.27510498638115E+03


    5.56190535846687E+03    1.27525906347675E+03
    5.56339502903322E+03    1.27411859263160E+03
    5.56351359860490E+03    1.27510498638115E+03
    5.56190535846687E+03    1.27525906347675E+03


    5.56190535846687E+03    1.27525906347675E+03
    5.56177433937467E+03    1.27424343440170E+03
    5.56339502903322E+03    1.27411859263160E+03
    5.56190535846687E+03    1.27525906347675E+03


    5.56377593877136E+03    1.27708547552835E+03
    5.56384815110147E+03    1.27768059373400E+03
    5.56225587002526E+03    1.27784390562244E+03
    5.56377593877136E+03    1.27708547552835E+03


    5.56219737358503E+03    1.27724775448827E+03
    5.56377593877136E+03    1.27708547552835E+03
    5.56225587002526E+03    1.27784390562244E+03
    5.56219737358503E+03    1.27724775448827E+03


    5.55826583537034E+03    1.27797382219864E+03
    5.55921192569698E+03    1.27726467405488E+03
    5.55926480491012E+03    1.27787453938764E+03
    5.55826583537034E+03    1.27797382219864E+03


    5.55826583537034E+03    1.27797382219864E+03
    5.55820081169994E+03    1.27736458282913E+03
    5.55921192569698E+03    1.27726467405488E+03
    5.55826583537034E+03    1.27797382219864E+03


    5.55906165776865E+03    1.27622764136433E+03
    5.55921192569698E+03    1.27726467405488E+03
    5.55820081169994E+03    1.27736458282913E+03
    5.55906165776865E+03    1.27622764136433E+03


    5.55906165776865E+03    1.27622764136433E+03
    5.55820081169994E+03    1.27736458282913E+03
    5.55806359331583E+03    1.27634256108575E+03
    5.55906165776865E+03    1.27622764136433E+03


    5.55877467426141E+03    1.27420454633679E+03
    5.55972636173880E+03    1.27360650264277E+03
    5.55973455029486E+03    1.27421161653876E+03
    5.55877467426141E+03    1.27420454633679E+03


    5.55877467426141E+03    1.27420454633679E+03
    5.55873417651193E+03    1.27360355324673E+03
    5.55972636173880E+03    1.27360650264277E+03
    5.55877467426141E+03    1.27420454633679E+03


    5.55973455029486E+03    1.27421161653876E+03
    5.56072538999026E+03    1.27363394454567E+03
    5.56073559141705E+03    1.27423571183039E+03
    5.55973455029486E+03    1.27421161653876E+03


    5.55973455029486E+03    1.27421161653876E+03
    5.55972636173880E+03    1.27360650264277E+03
    5.56072538999026E+03    1.27363394454567E+03
    5.55973455029486E+03    1.27421161653876E+03


    5.56073559141705E+03    1.27423571183039E+03
    5.56173260763555E+03    1.27363784758421E+03
    5.56177433937467E+03    1.27424343440170E+03
    5.56073559141705E+03    1.27423571183039E+03


    5.56073559141705E+03    1.27423571183039E+03
    5.56072538999026E+03    1.27363394454567E+03
    5.56173260763555E+03    1.27363784758421E+03
    5.56073559141705E+03    1.27423571183039E+03


    5.55583251622273E+03    1.27448255062538E+03
    5.55675786613961E+03    1.27375789952282E+03
    5.55681680051907E+03    1.27438245017721E+03
    5.55583251622273E+03    1.27448255062538E+03


    5.55583251622273E+03    1.27448255062538E+03
    5.55577273828687E+03    1.27384971596908E+03
    5.55675786613961E+03    1.27375789952282E+03
    5.55583251622273E+03    1.27448255062538E+03


    5.55681680051907E+03    1.27438245017721E+03
    5.55774535687479E+03    1.27367416863320E+03
    5.55779893437869E+03    1.27429084848264E+03
    5.55681680051907E+03    1.27438245017721E+03


    5.55681680051907E+03    1.27438245017721E+03
    5.55675786613961E+03    1.27375789952282E+03
    5.55774535687479E+03    1.27367416863320E+03
    5.55681680051907E+03    1.27438245017721E+03


    5.56657398613507E+03    1.27327220337395E+03
    5.56663290269251E+03    1.27384090825938E+03
    5.56501269549796E+03    1.27398875566362E+03
    5.56657398613507E+03    1.27327220337395E+03


    5.56495240610378E+03    1.27340884875269E+03
    5.56657398613507E+03    1.27327220337395E+03
    5.56501269549796E+03    1.27398875566362E+03
    5.56495240610378E+03    1.27340884875269E+03


    5.56495240610378E+03    1.27340884875269E+03
    5.56501269549796E+03    1.27398875566362E+03
    5.56339502903322E+03    1.27411859263160E+03
    5.56495240610378E+03    1.27340884875269E+03


    5.56333839355963E+03    1.27352825480963E+03
    5.56495240610378E+03    1.27340884875269E+03
    5.56339502903322E+03    1.27411859263160E+03
    5.56333839355963E+03    1.27352825480963E+03


    5.56333839355963E+03    1.27352825480963E+03
    5.56339502903322E+03    1.27411859263160E+03
    5.56177433937467E+03    1.27424343440170E+03
    5.56333839355963E+03    1.27352825480963E+03


    5.56173260763555E+03    1.27363784758421E+03
    5.56333839355963E+03    1.27352825480963E+03
    5.56177433937467E+03    1.27424343440170E+03
    5.56173260763555E+03    1.27363784758421E+03


    5.55779893437869E+03    1.27429084848264E+03
    5.55873417651193E+03    1.27360355324673E+03
    5.55877467426141E+03    1.27420454633679E+03
    5.55779893437869E+03    1.27429084848264E+03


    5.55779893437869E+03    1.27429084848264E+03
    5.55774535687479E+03    1.27367416863320E+03
    5.55873417651193E+03    1.27360355324673E+03
    5.55779893437869E+03    1.27429084848264E+03


    5.55873417651193E+03    1.27360355324673E+03
    5.55970908071325E+03    1.27300456682027E+03
    5.55972636173880E+03    1.27360650264277E+03
    5.55873417651193E+03    1.27360355324673E+03


    5.55873417651193E+03    1.27360355324673E+03
    5.55870049063573E+03    1.27299842107714E+03
    5.55970908071325E+03    1.27300456682027E+03
    5.55873417651193E+03    1.27360355324673E+03


    5.55972636173880E+03    1.27360650264277E+03
    5.56070782352503E+03    1.27303131640859E+03
    5.56072538999026E+03    1.27363394454567E+03
    5.55972636173880E+03    1.27360650264277E+03


    5.55972636173880E+03    1.27360650264277E+03
    5.55970908071325E+03    1.27300456682027E+03
    5.56070782352503E+03    1.27303131640859E+03
    5.55972636173880E+03    1.27360650264277E+03


    5.56072538999026E+03    1.27363394454567E+03
    5.56169704799860E+03    1.27303265052179E+03
    5.56173260763555E+03    1.27363784758421E+03
    5.56072538999026E+03    1.27363394454567E+03


    5.56072538999026E+03    1.27363394454567E+03
    5.56070782352503E+03    1.27303131640859E+03
    5.56169704799860E+03    1.27303265052179E+03
    5.56072538999026E+03    1.27363394454567E+03


    5.55577273828687E+03    1.27384971596908E+03
    5.55670593155907E+03    1.27313369490762E+03
    5.55675786613961E+03    1.27375789952282E+03
    5.55577273828687E+03    1.27384971596908E+03


    5.55577273828687E+03    1.27384971596908E+03
    5.55571922065299E+03    1.27321676959190E+03
    5.55670593155907E+03    1.27313369490762E+03
    5.55577273828687E+03    1.27384971596908E+03


    5.55675786613961E+03    1.27375789952282E+03
    5.55769987821262E+03    1.27305917564527E+03
    5.55774535687479E+03    1.27367416863320E+03
    5.55675786613961E+03    1.27375789952282E+03


    5.55675786613961E+03    1.27375789952282E+03
    5.55670593155907E+03    1.27313369490762E+03
    5.55769987821262E+03    1.27305917564527E+03
    5.55675786613961E+03    1.27375789952282E+03


    5.56651929589043E+03    1.27270549821981E+03
    5.56657398613507E+03    1.27327220337395E+03
    5.56495240610378E+03    1.27340884875269E+03
    5.56651929589043E+03    1.27270549821981E+03


    5.56489691047102E+03    1.27282953558960E+03
    5.56651929589043E+03    1.27270549821981E+03
    5.56495240610378E+03    1.27340884875269E+03
    5.56489691047102E+03    1.27282953558960E+03


    5.56489691047102E+03    1.27282953558960E+03
    5.56495240610378E+03    1.27340884875269E+03
    5.56333839355963E+03    1.27352825480963E+03
    5.56489691047102E+03    1.27282953558960E+03


    5.56328807839724E+03    1.27293587589568E+03
    5.56489691047102E+03    1.27282953558960E+03
    5.56333839355963E+03    1.27352825480963E+03
    5.56328807839724E+03    1.27293587589568E+03


    5.56328807839724E+03    1.27293587589568E+03
    5.56333839355963E+03    1.27352825480963E+03
    5.56173260763555E+03    1.27363784758421E+03
    5.56328807839724E+03    1.27293587589568E+03


    5.56169704799860E+03    1.27303265052179E+03
    5.56328807839724E+03    1.27293587589568E+03
    5.56173260763555E+03    1.27363784758421E+03
    5.56169704799860E+03    1.27303265052179E+03


    5.55774535687479E+03    1.27367416863320E+03
    5.55870049063573E+03    1.27299842107714E+03
    5.55873417651193E+03    1.27360355324673E+03
    5.55774535687479E+03    1.27367416863320E+03


    5.55774535687479E+03    1.27367416863320E+03
    5.55769987821262E+03    1.27305917564527E+03
    5.55870049063573E+03    1.27299842107714E+03
    5.55774535687479E+03    1.27367416863320E+03


    5.55870049063573E+03    1.27299842107714E+03
    5.55970063354526E+03    1.27240320889121E+03
    5.55970908071325E+03    1.27300456682027E+03
    5.55870049063573E+03    1.27299842107714E+03


    5.55870049063573E+03    1.27299842107714E+03
    5.55866747492508E+03    1.27239148602916E+03
    5.55970063354526E+03    1.27240320889121E+03
    5.55870049063573E+03    1.27299842107714E+03


    5.55970908071325E+03    1.27300456682027E+03
    5.56069971141351E+03    1.27242624867304E+03
    5.56070782352503E+03    1.27303131640859E+03
    5.55970908071325E+03    1.27300456682027E+03


    5.55970908071325E+03    1.27300456682027E+03
    5.55970063354526E+03    1.27240320889121E+03
    5.56069971141351E+03    1.27242624867304E+03
    5.55970908071325E+03    1.27300456682027E+03


    5.56070782352503E+03    1.27303131640859E+03
    5.56166026072549E+03    1.27242949606137E+03
    5.56169704799860E+03    1.27303265052179E+03
    5.56070782352503E+03    1.27303131640859E+03


    5.56070782352503E+03    1.27303131640859E+03
    5.56069971141351E+03    1.27242624867304E+03
    5.56166026072549E+03    1.27242949606137E+03
    5.56070782352503E+03    1.27303131640859E+03


    5.55571922065299E+03    1.27321676959190E+03
    5.55665744584958E+03    1.27250964084951E+03
    5.55670593155907E+03    1.27313369490762E+03
    5.55571922065299E+03    1.27321676959190E+03


    5.55571922065299E+03    1.27321676959190E+03
    5.55566932234354E+03    1.27258350575337E+03
    5.55665744584958E+03    1.27250964084951E+03
    5.55571922065299E+03    1.27321676959190E+03


    5.55670593155907E+03    1.27313369490762E+03
    5.55765645382204E+03    1.27244572367338E+03
    5.55769987821262E+03    1.27305917564527E+03
    5.55670593155907E+03    1.27313369490762E+03


    5.55670593155907E+03    1.27313369490762E+03
    5.55665744584958E+03    1.27250964084951E+03
    5.55765645382204E+03    1.27244572367338E+03
    5.55670593155907E+03    1.27313369490762E+03


    5.55646630155454E+03    1.26936506476346E+03
    5.55650945631814E+03    1.27041566251180E+03
    5.55552341694229E+03    1.27044992083230E+03
    5.55646630155454E+03    1.26936506476346E+03


    5.55646630155454E+03    1.26936506476346E+03
    5.55552341694229E+03    1.27044992083230E+03
    5.55546630155454E+03    1.26936506476346E+03
    5.55646630155454E+03    1.26936506476346E+03


    5.55650945631814E+03    1.27041566251180E+03
    5.55657700944268E+03    1.27146517423896E+03
    5.55559114005674E+03    1.27152264176531E+03
    5.55650945631814E+03    1.27041566251180E+03


    5.55650945631814E+03    1.27041566251180E+03
    5.55559114005674E+03    1.27152264176531E+03
    5.55552341694229E+03    1.27044992083230E+03
    5.55650945631814E+03    1.27041566251180E+03


    5.55657700944268E+03    1.27146517423896E+03
    5.55665744584958E+03    1.27250964084951E+03
    5.55566932234354E+03    1.27258350575337E+03
    5.55657700944268E+03    1.27146517423896E+03


    5.55657700944268E+03    1.27146517423896E+03
    5.55566932234354E+03    1.27258350575337E+03
    5.55559114005674E+03    1.27152264176531E+03
    5.55657700944268E+03    1.27146517423896E+03


    5.55746630155454E+03    1.26936506476346E+03
    5.55750271003677E+03    1.27039031390621E+03
    5.55650945631814E+03    1.27041566251180E+03
    5.55746630155454E+03    1.26936506476346E+03


    5.55746630155454E+03    1.26936506476346E+03
    5.55650945631814E+03    1.27041566251180E+03
    5.55646630155454E+03    1.26936506476346E+03
    5.55746630155454E+03    1.26936506476346E+03


    5.55750271003677E+03    1.27039031390621E+03
    5.55757091679234E+03    1.27141810685092E+03
    5.55657700944268E+03    1.27146517423896E+03
    5.55750271003677E+03    1.27039031390621E+03


    5.55750271003677E+03    1.27039031390621E+03
    5.55657700944268E+03    1.27146517423896E+03
    5.55650945631814E+03    1.27041566251180E+03
    5.55750271003677E+03    1.27039031390621E+03


    5.55757091679234E+03    1.27141810685092E+03
    5.55765645382204E+03    1.27244572367338E+03
    5.55665744584958E+03    1.27250964084951E+03
    5.55757091679234E+03    1.27141810685092E+03


    5.55757091679234E+03    1.27141810685092E+03
    5.55665744584958E+03    1.27250964084951E+03
    5.55657700944268E+03    1.27146517423896E+03
    5.55757091679234E+03    1.27141810685092E+03


    5.55846630155454E+03    1.26936506476346E+03
    5.55850212068793E+03    1.27035825817537E+03
    5.55750271003677E+03    1.27039031390621E+03
    5.55846630155454E+03    1.26936506476346E+03


    5.55846630155454E+03    1.26936506476346E+03
    5.55750271003677E+03    1.27039031390621E+03
    5.55746630155454E+03    1.26936506476346E+03
    5.55846630155454E+03    1.26936506476346E+03


    5.55850212068793E+03    1.27035825817537E+03
    5.55857048096235E+03    1.27136675256422E+03
    5.55757091679234E+03    1.27141810685092E+03
    5.55850212068793E+03    1.27035825817537E+03


    5.55850212068793E+03    1.27035825817537E+03
    5.55757091679234E+03    1.27141810685092E+03
    5.55750271003677E+03    1.27039031390621E+03
    5.55850212068793E+03    1.27035825817537E+03


    5.56484540272583E+03    1.27225072347790E+03
    5.56639177578252E+03    1.27120434370828E+03
    5.56646923310323E+03    1.27214072899620E+03
    5.56484540272583E+03    1.27225072347790E+03


    5.56484540272583E+03    1.27225072347790E+03
    5.56476738169352E+03    1.27128763702588E+03
    5.56639177578252E+03    1.27120434370828E+03
    5.56484540272583E+03    1.27225072347790E+03


    5.56324059062849E+03    1.27234160916970E+03
    5.56476738169352E+03    1.27128763702588E+03
    5.56484540272583E+03    1.27225072347790E+03
    5.56324059062849E+03    1.27234160916970E+03


    5.56324059062849E+03    1.27234160916970E+03
    5.56316262278202E+03    1.27134923324987E+03
    5.56476738169352E+03    1.27128763702588E+03
    5.56324059062849E+03    1.27234160916970E+03


    5.56166026072549E+03    1.27242949606137E+03
    5.56316262278202E+03    1.27134923324987E+03
    5.56324059062849E+03    1.27234160916970E+03
    5.56166026072549E+03    1.27242949606137E+03


    5.56166026072549E+03    1.27242949606137E+03
    5.56156732603929E+03    1.27142171693747E+03
    5.56316262278202E+03    1.27134923324987E+03
    5.56166026072549E+03    1.27242949606137E+03


    5.56476738169352E+03    1.27128763702588E+03
    5.56632673957887E+03    1.27027749084372E+03
    5.56639177578252E+03    1.27120434370828E+03
    5.56476738169352E+03    1.27128763702588E+03


    5.56476738169352E+03    1.27128763702588E+03
    5.56470411749215E+03    1.27032745582445E+03
    5.56632673957887E+03    1.27027749084372E+03
    5.56476738169352E+03    1.27128763702588E+03


    5.56316262278202E+03    1.27134923324987E+03
    5.56470411749215E+03    1.27032745582445E+03
    5.56476738169352E+03    1.27128763702588E+03
    5.56316262278202E+03    1.27134923324987E+03


    5.56316262278202E+03    1.27134923324987E+03
    5.56310067821356E+03    1.27035814605343E+03
    5.56470411749215E+03    1.27032745582445E+03
    5.56316262278202E+03    1.27134923324987E+03


    5.56156732603929E+03    1.27142171693747E+03
    5.56310067821356E+03    1.27035814605343E+03
    5.56316262278202E+03    1.27134923324987E+03
    5.56156732603929E+03    1.27142171693747E+03


    5.56156732603929E+03    1.27142171693747E+03
    5.56150436336393E+03    1.27039866246542E+03
    5.56310067821356E+03    1.27035814605343E+03
    5.56156732603929E+03    1.27142171693747E+03


    5.56646923310323E+03    1.27214072899620E+03
    5.56651929589043E+03    1.27270549821981E+03
    5.56489691047102E+03    1.27282953558960E+03
    5.56646923310323E+03    1.27214072899620E+03


    5.56484540272583E+03    1.27225072347790E+03
    5.56646923310323E+03    1.27214072899620E+03
    5.56489691047102E+03    1.27282953558960E+03
    5.56484540272583E+03    1.27225072347790E+03


    5.56484540272583E+03    1.27225072347790E+03
    5.56489691047102E+03    1.27282953558960E+03
    5.56328807839724E+03    1.27293587589568E+03
    5.56484540272583E+03    1.27225072347790E+03


    5.56324059062849E+03    1.27234160916970E+03
    5.56484540272583E+03    1.27225072347790E+03
    5.56328807839724E+03    1.27293587589568E+03
    5.56324059062849E+03    1.27234160916970E+03


    5.56470411749215E+03    1.27032745582445E+03
    5.56626630155455E+03    1.26936506476346E+03
    5.56632673957887E+03    1.27027749084372E+03
    5.56470411749215E+03    1.27032745582445E+03


    5.56470411749215E+03    1.27032745582445E+03
    5.56466630155455E+03    1.26936506476346E+03
    5.56626630155455E+03    1.26936506476346E+03
    5.56470411749215E+03    1.27032745582445E+03


    5.56310067821356E+03    1.27035814605343E+03
    5.56466630155455E+03    1.26936506476346E+03
    5.56470411749215E+03    1.27032745582445E+03
    5.56310067821356E+03    1.27035814605343E+03


    5.56310067821356E+03    1.27035814605343E+03
    5.56306630155455E+03    1.26936506476346E+03
    5.56466630155455E+03    1.26936506476346E+03
    5.56310067821356E+03    1.27035814605343E+03


    5.56150436336393E+03    1.27039866246542E+03
    5.56306630155455E+03    1.26936506476346E+03
    5.56310067821356E+03    1.27035814605343E+03
    5.56150436336393E+03    1.27039866246542E+03


    5.56150436336393E+03    1.27039866246542E+03
    5.56146630155455E+03    1.26936506476346E+03
    5.56306630155455E+03    1.26936506476346E+03
    5.56150436336393E+03    1.27039866246542E+03


    5.56324059062849E+03    1.27234160916970E+03
    5.56328807839724E+03    1.27293587589568E+03
    5.56169704799860E+03    1.27303265052179E+03
    5.56324059062849E+03    1.27234160916970E+03


    5.56166026072549E+03    1.27242949606137E+03
    5.56324059062849E+03    1.27234160916970E+03
    5.56169704799860E+03    1.27303265052179E+03
    5.56166026072549E+03    1.27242949606137E+03


    5.55769987821262E+03    1.27305917564527E+03
    5.55866747492508E+03    1.27239148602916E+03
    5.55870049063573E+03    1.27299842107714E+03
    5.55769987821262E+03    1.27305917564527E+03


    5.55769987821262E+03    1.27305917564527E+03
    5.55765645382204E+03    1.27244572367338E+03
    5.55866747492508E+03    1.27239148602916E+03
    5.55769987821262E+03    1.27305917564527E+03


    5.55857048096235E+03    1.27136675256422E+03
    5.55866747492508E+03    1.27239148602916E+03
    5.55765645382204E+03    1.27244572367338E+03
    5.55857048096235E+03    1.27136675256422E+03


    5.55857048096235E+03    1.27136675256422E+03
    5.55765645382204E+03    1.27244572367338E+03
    5.55757091679234E+03    1.27141810685092E+03
    5.55857048096235E+03    1.27136675256422E+03


