# Gnuplot Deformed Mesh Archive
# X_deformed              Y_deformed
    5.54602643817530E+03    1.20518095992817E+03
    5.54614387956215E+03    1.20662990811687E+03
    5.54420346740290E+03    1.20855826692290E+03
    5.54420346740290E+03    1.20605826692290E+03
    5.54602643817530E+03    1.20518095992817E+03


    5.54603272330417E+03    1.20359729689507E+03
    5.54602643817530E+03    1.20518095992817E+03
    5.54420346740290E+03    1.20605826692290E+03
    5.54420346740290E+03    1.20355826692290E+03
    5.54603272330417E+03    1.20359729689507E+03


    5.54603888151128E+03    1.20201008498745E+03
    5.54603272330417E+03    1.20359729689507E+03
    5.54420346740290E+03    1.20355826692290E+03
    5.54420346740290E+03    1.20105826692290E+03
    5.54603888151128E+03    1.20201008498745E+03


    5.54620267688396E+03    1.20056922183669E+03
    5.54603888151128E+03    1.20201008498745E+03
    5.54420346740290E+03    1.20105826692290E+03
    5.54420346740290E+03    1.19855826692290E+03
    5.54620267688396E+03    1.20056922183669E+03


    5.54762803483085E+03    1.20081086425161E+03
    5.54620267688396E+03    1.20056922183669E+03
    5.54420346740290E+03    1.19855826692290E+03
    5.54676790265206E+03    1.19924829625162E+03
    5.54762803483085E+03    1.20081086425161E+03


    5.54926443979399E+03    1.20111775698649E+03
    5.54762803483085E+03    1.20081086425161E+03
    5.54676790265206E+03    1.19924829625162E+03
    5.54931545043559E+03    1.19999369656243E+03
    5.54926443979399E+03    1.20111775698649E+03


    5.55097270416619E+03    1.20170625408148E+03
    5.54926443979399E+03    1.20111775698649E+03
    5.54931545043559E+03    1.19999369656243E+03
    5.55180677825775E+03    1.20077584881592E+03
    5.55097270416619E+03    1.20170625408148E+03


    5.55242337459276E+03    1.20233750610350E+03
    5.55099180307144E+03    1.20172713786582E+03
    5.55180677825775E+03    1.20077584881592E+03
    5.55428909121596E+03    1.20149098099967E+03
    5.55242337459276E+03    1.20233750610350E+03


    5.55245515522024E+03    1.20311427451005E+03
    5.55242337459276E+03    1.20233750610350E+03
    5.55428909121596E+03    1.20149098099967E+03
    5.55424606669632E+03    1.20273897645628E+03
    5.55245515522024E+03    1.20311427451005E+03


    5.55245737749586E+03    1.20392052201118E+03
    5.55245515522024E+03    1.20311427451005E+03
    5.55424606669632E+03    1.20273897645628E+03
    5.55420776555936E+03    1.20398679316932E+03
    5.55245737749586E+03    1.20392052201118E+03


    5.55241388756890E+03    1.20472672162517E+03
    5.55245737749586E+03    1.20392052201118E+03
    5.55420776555936E+03    1.20398679316932E+03
    5.55416952528998E+03    1.20524018452213E+03
    5.55241388756890E+03    1.20472672162517E+03


    5.55233299421626E+03    1.20550489227556E+03
    5.55241388756890E+03    1.20472672162517E+03
    5.55416952528998E+03    1.20524018452213E+03
    5.55412418825662E+03    1.20649528294735E+03
    5.55233299421626E+03    1.20550489227556E+03


    5.55086959560717E+03    1.20600151465104E+03
    5.55233299421626E+03    1.20550489227556E+03
    5.55412418825662E+03    1.20649528294735E+03
    5.55160261288186E+03    1.20701920106700E+03
    5.55086959560717E+03    1.20600151465104E+03


    5.54914249212331E+03    1.20636701611817E+03
    5.55086959560717E+03    1.20600151465104E+03
    5.55160261288186E+03    1.20701920106700E+03
    5.54909233065174E+03    1.20749421293554E+03
    5.54914249212331E+03    1.20636701611817E+03


    5.54753517590199E+03    1.20648835861947E+03
    5.54914249212331E+03    1.20636701611817E+03
    5.54909233065174E+03    1.20749421293554E+03
    5.54663937941198E+03    1.20799821178605E+03
    5.54753517590199E+03    1.20648835861947E+03


    5.54614387956215E+03    1.20662990811687E+03
    5.54753517590199E+03    1.20648835861947E+03
    5.54663937941198E+03    1.20799821178605E+03
    5.54420346740290E+03    1.20855826692290E+03
    5.54614387956215E+03    1.20662990811687E+03


    5.54602643817530E+03    1.20518095992817E+03
    5.54603272330417E+03    1.20359729689507E+03
    5.54770579301679E+03    1.20363823401129E+03
    5.54771084177829E+03    1.20377631937316E+03
    5.54774008619907E+03    1.20396306632788E+03
    5.54779247856012E+03    1.20414563575127E+03
    5.54786266793529E+03    1.20431603846954E+03
    5.54602643817530E+03    1.20518095992817E+03


    5.54603272330417E+03    1.20359729689507E+03
    5.54603888151128E+03    1.20201008498745E+03
    5.54786427506402E+03    1.20297606505792E+03
    5.54782685630005E+03    1.20304282987983E+03
    5.54776273677437E+03    1.20321760751568E+03
    5.54772149963562E+03    1.20340012868149E+03
    5.54770340875763E+03    1.20358789095100E+03
    5.54770579301679E+03    1.20363823401129E+03
    5.54603272330417E+03    1.20359729689507E+03


    5.54603888151128E+03    1.20201008498745E+03
    5.54620267688396E+03    1.20056922183669E+03
    5.54814519119499E+03    1.20260175967300E+03
    5.54801765219824E+03    1.20273408671482E+03
    5.54790992711815E+03    1.20288582544595E+03
    5.54786427506402E+03    1.20297606505792E+03
    5.54603888151128E+03    1.20201008498745E+03


    5.54620267688396E+03    1.20056922183669E+03
    5.54762803483085E+03    1.20081086425161E+03
    5.54845932895566E+03    1.20238559703087E+03
    5.54844298543005E+03    1.20238974086639E+03
    5.54828231212712E+03    1.20248796393945E+03
    5.54814519119499E+03    1.20260175967300E+03
    5.54620267688396E+03    1.20056922183669E+03


    5.54921367945712E+03    1.20224388308867E+03
    5.54916356554966E+03    1.20223721742606E+03
    5.54897236198212E+03    1.20224310203182E+03
    5.54878469183499E+03    1.20227208341745E+03
    5.54860292042672E+03    1.20232406292588E+03
    5.54845932895566E+03    1.20238559703087E+03
    5.54762803483085E+03    1.20081086425161E+03
    5.54926443979399E+03    1.20111775698649E+03
    5.54921367945712E+03    1.20224388308867E+03


    5.55014827651919E+03    1.20264296803642E+03
    5.55005222458775E+03    1.20256108509179E+03
    5.54989222214199E+03    1.20245355120457E+03
    5.54972055207944E+03    1.20236640889906E+03
    5.54953986272980E+03    1.20230107438426E+03
    5.54935332394770E+03    1.20225879791306E+03
    5.54921367945712E+03    1.20224388308867E+03
    5.54926443979399E+03    1.20111775698649E+03
    5.55097270416619E+03    1.20170625408148E+03
    5.55014827651919E+03    1.20264296803642E+03


    5.55055021625867E+03    1.20316740447779E+03
    5.55054690815051E+03    1.20315752211399E+03
    5.55045482845632E+03    1.20299072435606E+03
    5.55034143207120E+03    1.20283554207905E+03
    5.55020953016767E+03    1.20269511255574E+03
    5.55014827651919E+03    1.20264296803642E+03
    5.55097270416619E+03    1.20170625408148E+03
    5.55242337459276E+03    1.20233750610350E+03
    5.55055021625867E+03    1.20316740447779E+03


    5.55066165571451E+03    1.20348430740441E+03
    5.55062160464268E+03    1.20333778986629E+03
    5.55055021625867E+03    1.20316740447779E+03
    5.55242337459276E+03    1.20233750610350E+03
    5.55245515522024E+03    1.20311427451005E+03
    5.55066165571451E+03    1.20348430740441E+03


    5.55070388662524E+03    1.20385116095614E+03
    5.55070074505924E+03    1.20371285110606E+03
    5.55067451981757E+03    1.20352503966894E+03
    5.55066165571451E+03    1.20348430740441E+03
    5.55245515522024E+03    1.20311427451005E+03
    5.55245737749586E+03    1.20392052201118E+03
    5.55070388662524E+03    1.20385116095614E+03


    5.55065632956533E+03    1.20421117748248E+03
    5.55068493810209E+03    1.20408820483837E+03
    5.55070620749064E+03    1.20390112820221E+03
    5.55070388662524E+03    1.20385116095614E+03
    5.55245737749586E+03    1.20392052201118E+03
    5.55241388756890E+03    1.20472672162517E+03
    5.55065632956533E+03    1.20421117748248E+03


    5.55054081382391E+03    1.20450833858219E+03
    5.55057633442536E+03    1.20444062125794E+03
    5.55064408760396E+03    1.20426642589956E+03
    5.55065632956533E+03    1.20421117748248E+03
    5.55241388756890E+03    1.20472672162517E+03
    5.55233299421626E+03    1.20550489227556E+03
    5.55054081382391E+03    1.20450833858219E+03


    5.55013314827317E+03    1.20498132430209E+03
    5.55025388442068E+03    1.20488374437479E+03
    5.55038136361858E+03    1.20474926064133E+03
    5.55049123132939E+03    1.20459913086442E+03
    5.55054081382391E+03    1.20450833858219E+03
    5.55233299421626E+03    1.20550489227556E+03
    5.55086959560717E+03    1.20600151465104E+03
    5.55013314827317E+03    1.20498132430209E+03


    5.54919392448409E+03    1.20523825130781E+03
    5.54924333233509E+03    1.20524409213824E+03
    5.54943047834234E+03    1.20523878390345E+03
    5.54961405381140E+03    1.20521062600346E+03
    5.54979209666530E+03    1.20515938717673E+03
    5.54996170532769E+03    1.20508587740540E+03
    5.55004095588729E+03    1.20503856667883E+03
    5.55012043236710E+03    1.20499108697128E+03
    5.55013314827317E+03    1.20498132430209E+03
    5.55086959560717E+03    1.20600151465104E+03
    5.54914249212331E+03    1.20636701611817E+03
    5.54919392448409E+03    1.20523825130781E+03


    5.54846117362779E+03    1.20498621091098E+03
    5.54852933216229E+03    1.20503085860101E+03
    5.54869794597583E+03    1.20511705535901E+03
    5.54887460560752E+03    1.20518151682620E+03
    5.54905707427736E+03    1.20522296313814E+03
    5.54919392448409E+03    1.20523825130781E+03
    5.54914249212331E+03    1.20636701611817E+03
    5.54753517590199E+03    1.20648835861947E+03
    5.54846117362779E+03    1.20498621091098E+03


    5.54814259139390E+03    1.20472088136820E+03
    5.54821471898403E+03    1.20479463969015E+03
    5.54828704065075E+03    1.20485599454711E+03
    5.54835935516889E+03    1.20491735170818E+03
    5.54843818674237E+03    1.20496919779006E+03
    5.54846117362779E+03    1.20498621091098E+03
    5.54753517590199E+03    1.20648835861947E+03
    5.54614387956215E+03    1.20662990811687E+03
    5.54814259139390E+03    1.20472088136820E+03


    5.54786266793529E+03    1.20431603846954E+03
    5.54787025983328E+03    1.20432886426832E+03
    5.54791730686210E+03    1.20441154286095E+03
    5.54796412633466E+03    1.20449455477681E+03
    5.54802080899415E+03    1.20457120961517E+03
    5.54807748579737E+03    1.20464786823946E+03
    5.54814259139390E+03    1.20472088136820E+03
    5.54614387956215E+03    1.20662990811687E+03
    5.54602643817530E+03    1.20518095992817E+03
    5.54786266793529E+03    1.20431603846954E+03


