# Gnuplot Deformed Mesh Archive
# X_deformed              Y_deformed
    5.55748338952056E+03    1.28846422288516E+03
    5.55850882555815E+03    1.28789668798330E+03
    5.55848833008173E+03    1.28849593940295E+03
    5.55748338952056E+03    1.28846422288516E+03


    5.55748338952056E+03    1.28846422288516E+03
    5.55750693334722E+03    1.28786551799043E+03
    5.55850882555815E+03    1.28789668798330E+03
    5.55748338952056E+03    1.28846422288516E+03


    5.55848833008173E+03    1.28849593940295E+03
    5.55950881190573E+03    1.28792439714573E+03
    5.55948758296535E+03    1.28852455056800E+03
    5.55848833008173E+03    1.28849593940295E+03


    5.55848833008173E+03    1.28849593940295E+03
    5.55850882555815E+03    1.28789668798330E+03
    5.55950881190573E+03    1.28792439714573E+03
    5.55848833008173E+03    1.28849593940295E+03


    5.55948758296535E+03    1.28852455056800E+03
    5.56050652763407E+03    1.28795750296769E+03
    5.56048104275121E+03    1.28855857319373E+03
    5.55948758296535E+03    1.28852455056800E+03


    5.55948758296535E+03    1.28852455056800E+03
    5.55950881190573E+03    1.28792439714573E+03
    5.56050652763407E+03    1.28795750296769E+03
    5.55948758296535E+03    1.28852455056800E+03


    5.55447141337372E+03    1.28831903526589E+03
    5.55550212149614E+03    1.28777046080186E+03
    5.55547256799394E+03    1.28837034191572E+03
    5.55447141337372E+03    1.28831903526589E+03


    5.55447141337372E+03    1.28831903526589E+03
    5.55450163912346E+03    1.28771886410914E+03
    5.55550212149614E+03    1.28777046080186E+03
    5.55447141337372E+03    1.28831903526589E+03


    5.55547256799394E+03    1.28837034191572E+03
    5.55650385498097E+03    1.28782087385085E+03
    5.55647649610237E+03    1.28842025943641E+03
    5.55547256799394E+03    1.28837034191572E+03


    5.55547256799394E+03    1.28837034191572E+03
    5.55550212149614E+03    1.28777046080186E+03
    5.55650385498097E+03    1.28782087385085E+03
    5.55547256799394E+03    1.28837034191572E+03


    5.56529886045984E+03    1.28820839012212E+03
    5.56526620262752E+03    1.28880850875135E+03
    5.56366753529519E+03    1.28872060810555E+03
    5.56529886045984E+03    1.28820839012212E+03


    5.56369969783368E+03    1.28812024238979E+03
    5.56529886045984E+03    1.28820839012212E+03
    5.56366753529519E+03    1.28872060810555E+03
    5.56369969783368E+03    1.28812024238979E+03


    5.56369969783368E+03    1.28812024238979E+03
    5.56366753529519E+03    1.28872060810555E+03
    5.56207240200526E+03    1.28863514609673E+03
    5.56369969783368E+03    1.28812024238979E+03


    5.56210243640486E+03    1.28803441179958E+03
    5.56369969783368E+03    1.28812024238979E+03
    5.56207240200526E+03    1.28863514609673E+03
    5.56210243640486E+03    1.28803441179958E+03


    5.56210243640486E+03    1.28803441179958E+03
    5.56207240200526E+03    1.28863514609673E+03
    5.56048104275121E+03    1.28855857319373E+03
    5.56210243640486E+03    1.28803441179958E+03


    5.56050652763407E+03    1.28795750296769E+03
    5.56210243640486E+03    1.28803441179958E+03
    5.56048104275121E+03    1.28855857319373E+03
    5.56050652763407E+03    1.28795750296769E+03


    5.55647649610237E+03    1.28842025943641E+03
    5.55750693334722E+03    1.28786551799043E+03
    5.55748338952056E+03    1.28846422288516E+03
    5.55647649610237E+03    1.28842025943641E+03


    5.55647649610237E+03    1.28842025943641E+03
    5.55650385498097E+03    1.28782087385085E+03
    5.55750693334722E+03    1.28786551799043E+03
    5.55647649610237E+03    1.28842025943641E+03


    5.55750693334722E+03    1.28786551799043E+03
    5.55853084284769E+03    1.28729741801298E+03
    5.55850882555815E+03    1.28789668798330E+03
    5.55750693334722E+03    1.28786551799043E+03


    5.55750693334722E+03    1.28786551799043E+03
    5.55753180366932E+03    1.28726732670434E+03
    5.55853084284769E+03    1.28729741801298E+03
    5.55750693334722E+03    1.28786551799043E+03


    5.55850882555815E+03    1.28789668798330E+03
    5.55953139630703E+03    1.28732438176133E+03
    5.55950881190573E+03    1.28792439714573E+03
    5.55850882555815E+03    1.28789668798330E+03


    5.55850882555815E+03    1.28789668798330E+03
    5.55853084284769E+03    1.28729741801298E+03
    5.55953139630703E+03    1.28732438176133E+03
    5.55850882555815E+03    1.28789668798330E+03


    5.55950881190573E+03    1.28792439714573E+03
    5.56053265545992E+03    1.28735614716412E+03
    5.56050652763407E+03    1.28795750296769E+03
    5.55950881190573E+03    1.28792439714573E+03


    5.55950881190573E+03    1.28792439714573E+03
    5.55953139630703E+03    1.28732438176133E+03
    5.56053265545992E+03    1.28735614716412E+03
    5.55950881190573E+03    1.28792439714573E+03


    5.55450163912346E+03    1.28771886410914E+03
    5.55553142579329E+03    1.28717027339848E+03
    5.55550212149614E+03    1.28777046080186E+03
    5.55450163912346E+03    1.28771886410914E+03


    5.55450163912346E+03    1.28771886410914E+03
    5.55453158951408E+03    1.28711806540193E+03
    5.55553142579329E+03    1.28717027339848E+03
    5.55450163912346E+03    1.28771886410914E+03


    5.55550212149614E+03    1.28777046080186E+03
    5.55653137933504E+03    1.28722131611438E+03
    5.55650385498097E+03    1.28782087385085E+03
    5.55550212149614E+03    1.28777046080186E+03


    5.55550212149614E+03    1.28777046080186E+03
    5.55553142579329E+03    1.28717027339848E+03
    5.55653137933504E+03    1.28722131611438E+03
    5.55550212149614E+03    1.28777046080186E+03


    5.56533151457174E+03    1.28760847709952E+03
    5.56529886045984E+03    1.28820839012212E+03
    5.56369969783368E+03    1.28812024238979E+03
    5.56533151457174E+03    1.28760847709952E+03


    5.56373180712473E+03    1.28752006772209E+03
    5.56533151457174E+03    1.28760847709952E+03
    5.56369969783368E+03    1.28812024238979E+03
    5.56373180712473E+03    1.28752006772209E+03


    5.56373180712473E+03    1.28752006772209E+03
    5.56369969783368E+03    1.28812024238979E+03
    5.56210243640486E+03    1.28803441179958E+03
    5.56373180712473E+03    1.28752006772209E+03


    5.56213259183337E+03    1.28743401757680E+03
    5.56373180712473E+03    1.28752006772209E+03
    5.56210243640486E+03    1.28803441179958E+03
    5.56213259183337E+03    1.28743401757680E+03


    5.56213259183337E+03    1.28743401757680E+03
    5.56210243640486E+03    1.28803441179958E+03
    5.56050652763407E+03    1.28795750296769E+03
    5.56213259183337E+03    1.28743401757680E+03


    5.56053265545992E+03    1.28735614716412E+03
    5.56213259183337E+03    1.28743401757680E+03
    5.56050652763407E+03    1.28795750296769E+03
    5.56053265545992E+03    1.28735614716412E+03


    5.55650385498097E+03    1.28782087385085E+03
    5.55753180366932E+03    1.28726732670434E+03
    5.55750693334722E+03    1.28786551799043E+03
    5.55650385498097E+03    1.28782087385085E+03


    5.55650385498097E+03    1.28782087385085E+03
    5.55653137933504E+03    1.28722131611438E+03
    5.55753180366932E+03    1.28726732670434E+03
    5.55650385498097E+03    1.28782087385085E+03


    5.55753180366932E+03    1.28726732670434E+03
    5.55855151651476E+03    1.28669793871407E+03
    5.55853084284769E+03    1.28729741801298E+03
    5.55753180366932E+03    1.28726732670434E+03


    5.55753180366932E+03    1.28726732670434E+03
    5.55755815797661E+03    1.28666964505234E+03
    5.55855151651476E+03    1.28669793871407E+03
    5.55753180366932E+03    1.28726732670434E+03


    5.55853084284769E+03    1.28729741801298E+03
    5.55955173823902E+03    1.28672533652896E+03
    5.55953139630703E+03    1.28732438176133E+03
    5.55853084284769E+03    1.28729741801298E+03


    5.55853084284769E+03    1.28729741801298E+03
    5.55855151651476E+03    1.28669793871407E+03
    5.55955173823902E+03    1.28672533652896E+03
    5.55853084284769E+03    1.28729741801298E+03


    5.55953139630703E+03    1.28732438176133E+03
    5.56056035744923E+03    1.28675410319463E+03
    5.56053265545992E+03    1.28735614716412E+03
    5.55953139630703E+03    1.28732438176133E+03


    5.55953139630703E+03    1.28732438176133E+03
    5.55955173823902E+03    1.28672533652896E+03
    5.56056035744923E+03    1.28675410319463E+03
    5.55953139630703E+03    1.28732438176133E+03


    5.55453158951408E+03    1.28711806540193E+03
    5.55556172473011E+03    1.28656986738854E+03
    5.55553142579329E+03    1.28717027339848E+03
    5.55453158951408E+03    1.28711806540193E+03


    5.55453158951408E+03    1.28711806540193E+03
    5.55456228496102E+03    1.28651668088082E+03
    5.55556172473011E+03    1.28656986738854E+03
    5.55453158951408E+03    1.28711806540193E+03


    5.55553142579329E+03    1.28717027339848E+03
    5.55656031135887E+03    1.28662158494510E+03
    5.55653137933504E+03    1.28722131611438E+03
    5.55553142579329E+03    1.28717027339848E+03


    5.55553142579329E+03    1.28717027339848E+03
    5.55556172473011E+03    1.28656986738854E+03
    5.55656031135887E+03    1.28662158494510E+03
    5.55553142579329E+03    1.28717027339848E+03


    5.55573547657479E+03    1.28357523297034E+03
    5.55567641591926E+03    1.28457165146619E+03
    5.55467550590844E+03    1.28451559592194E+03
    5.55573547657479E+03    1.28357523297034E+03


    5.55573547657479E+03    1.28357523297034E+03
    5.55467550590844E+03    1.28451559592194E+03
    5.55473375827029E+03    1.28351837143649E+03
    5.55573547657479E+03    1.28357523297034E+03


    5.55567641591926E+03    1.28457165146619E+03
    5.55561737595086E+03    1.28557000222179E+03
    5.55461749024944E+03    1.28551508236172E+03
    5.55567641591926E+03    1.28457165146619E+03


    5.55567641591926E+03    1.28457165146619E+03
    5.55461749024944E+03    1.28551508236172E+03
    5.55467550590844E+03    1.28451559592194E+03
    5.55567641591926E+03    1.28457165146619E+03


    5.55561737595086E+03    1.28557000222179E+03
    5.55556172473011E+03    1.28656986738854E+03
    5.55456228496102E+03    1.28651668088082E+03
    5.55561737595086E+03    1.28557000222179E+03


    5.55561737595086E+03    1.28557000222179E+03
    5.55456228496102E+03    1.28651668088082E+03
    5.55461749024944E+03    1.28551508236172E+03
    5.55561737595086E+03    1.28557000222179E+03


    5.55673974454246E+03    1.28363034183142E+03
    5.55667838446811E+03    1.28462588101374E+03
    5.55567641591926E+03    1.28457165146619E+03
    5.55673974454246E+03    1.28363034183142E+03


    5.55673974454246E+03    1.28363034183142E+03
    5.55567641591926E+03    1.28457165146619E+03
    5.55573547657479E+03    1.28357523297034E+03
    5.55673974454246E+03    1.28363034183142E+03


    5.55667838446811E+03    1.28462588101374E+03
    5.55661719422620E+03    1.28562353699547E+03
    5.55561737595086E+03    1.28557000222179E+03
    5.55667838446811E+03    1.28462588101374E+03


    5.55667838446811E+03    1.28462588101374E+03
    5.55561737595086E+03    1.28557000222179E+03
    5.55567641591926E+03    1.28457165146619E+03
    5.55667838446811E+03    1.28462588101374E+03


    5.55661719422620E+03    1.28562353699547E+03
    5.55656031135887E+03    1.28662158494510E+03
    5.55556172473011E+03    1.28656986738854E+03
    5.55661719422620E+03    1.28562353699547E+03


    5.55661719422620E+03    1.28562353699547E+03
    5.55556172473011E+03    1.28656986738854E+03
    5.55561737595086E+03    1.28557000222179E+03
    5.55661719422620E+03    1.28562353699547E+03


    5.55774779802622E+03    1.28368267106264E+03
    5.55767922250261E+03    1.28468311445417E+03
    5.55667838446811E+03    1.28462588101374E+03
    5.55774779802622E+03    1.28368267106264E+03


    5.55774779802622E+03    1.28368267106264E+03
    5.55667838446811E+03    1.28462588101374E+03
    5.55673974454246E+03    1.28363034183142E+03
    5.55774779802622E+03    1.28368267106264E+03


    5.55767922250261E+03    1.28468311445417E+03
    5.55761735667520E+03    1.28567792495987E+03
    5.55661719422620E+03    1.28562353699547E+03
    5.55767922250261E+03    1.28468311445417E+03


    5.55767922250261E+03    1.28468311445417E+03
    5.55661719422620E+03    1.28562353699547E+03
    5.55667838446811E+03    1.28462588101374E+03
    5.55767922250261E+03    1.28468311445417E+03


    5.56376433476521E+03    1.28692004028686E+03
    5.56542022356079E+03    1.28600936404459E+03
    5.56536443746492E+03    1.28700877247718E+03
    5.56376433476521E+03    1.28692004028686E+03


    5.56376433476521E+03    1.28692004028686E+03
    5.56382028684278E+03    1.28591987575614E+03
    5.56542022356079E+03    1.28600936404459E+03
    5.56376433476521E+03    1.28692004028686E+03


    5.56216379344507E+03    1.28683385605850E+03
    5.56382028684278E+03    1.28591987575614E+03
    5.56376433476521E+03    1.28692004028686E+03
    5.56216379344507E+03    1.28683385605850E+03


    5.56216379344507E+03    1.28683385605850E+03
    5.56222022823954E+03    1.28583343128239E+03
    5.56382028684278E+03    1.28591987575614E+03
    5.56216379344507E+03    1.28683385605850E+03


    5.56056035744923E+03    1.28675410319463E+03
    5.56222022823954E+03    1.28583343128239E+03
    5.56216379344507E+03    1.28683385605850E+03
    5.56056035744923E+03    1.28675410319463E+03


    5.56056035744923E+03    1.28675410319463E+03
    5.56062163982738E+03    1.28574773135527E+03
    5.56222022823954E+03    1.28583343128239E+03
    5.56056035744923E+03    1.28675410319463E+03


    5.56382028684278E+03    1.28591987575614E+03
    5.56547742311143E+03    1.28500951174096E+03
    5.56542022356079E+03    1.28600936404459E+03
    5.56382028684278E+03    1.28591987575614E+03


    5.56382028684278E+03    1.28591987575614E+03
    5.56387816437760E+03    1.28491893148290E+03
    5.56547742311143E+03    1.28500951174096E+03
    5.56382028684278E+03    1.28591987575614E+03


    5.56222022823954E+03    1.28583343128239E+03
    5.56387816437760E+03    1.28491893148290E+03
    5.56382028684278E+03    1.28591987575614E+03
    5.56222022823954E+03    1.28583343128239E+03


    5.56222022823954E+03    1.28583343128239E+03
    5.56228013764873E+03    1.28483139000029E+03
    5.56387816437760E+03    1.28491893148290E+03
    5.56222022823954E+03    1.28583343128239E+03


    5.56062163982738E+03    1.28574773135527E+03
    5.56228013764873E+03    1.28483139000029E+03
    5.56222022823954E+03    1.28583343128239E+03
    5.56062163982738E+03    1.28574773135527E+03


    5.56062163982738E+03    1.28574773135527E+03
    5.56068355597045E+03    1.28474435939659E+03
    5.56228013764873E+03    1.28483139000029E+03
    5.56062163982738E+03    1.28574773135527E+03


    5.56536443746492E+03    1.28700877247718E+03
    5.56533151457174E+03    1.28760847709952E+03
    5.56373180712473E+03    1.28752006772209E+03
    5.56536443746492E+03    1.28700877247718E+03


    5.56376433476521E+03    1.28692004028686E+03
    5.56536443746492E+03    1.28700877247718E+03
    5.56373180712473E+03    1.28752006772209E+03
    5.56376433476521E+03    1.28692004028686E+03


    5.56376433476521E+03    1.28692004028686E+03
    5.56373180712473E+03    1.28752006772209E+03
    5.56213259183337E+03    1.28743401757680E+03
    5.56376433476521E+03    1.28692004028686E+03


    5.56216379344507E+03    1.28683385605850E+03
    5.56376433476521E+03    1.28692004028686E+03
    5.56213259183337E+03    1.28743401757680E+03
    5.56216379344507E+03    1.28683385605850E+03


    5.56387816437760E+03    1.28491893148290E+03
    5.56553562442716E+03    1.28400874408242E+03
    5.56547742311143E+03    1.28500951174096E+03
    5.56387816437760E+03    1.28491893148290E+03


    5.56387816437760E+03    1.28491893148290E+03
    5.56393710111998E+03    1.28391686494134E+03
    5.56553562442716E+03    1.28400874408242E+03
    5.56387816437760E+03    1.28491893148290E+03


    5.56228013764873E+03    1.28483139000029E+03
    5.56393710111998E+03    1.28391686494134E+03
    5.56387816437760E+03    1.28491893148290E+03
    5.56228013764873E+03    1.28483139000029E+03


    5.56228013764873E+03    1.28483139000029E+03
    5.56234078352872E+03    1.28382844527187E+03
    5.56393710111998E+03    1.28391686494134E+03
    5.56228013764873E+03    1.28483139000029E+03


    5.56068355597045E+03    1.28474435939659E+03
    5.56234078352872E+03    1.28382844527187E+03
    5.56228013764873E+03    1.28483139000029E+03
    5.56068355597045E+03    1.28474435939659E+03


    5.56068355597045E+03    1.28474435939659E+03
    5.56074906598967E+03    1.28374338258943E+03
    5.56234078352872E+03    1.28382844527187E+03
    5.56068355597045E+03    1.28474435939659E+03


    5.56216379344507E+03    1.28683385605850E+03
    5.56213259183337E+03    1.28743401757680E+03
    5.56053265545992E+03    1.28735614716412E+03
    5.56216379344507E+03    1.28683385605850E+03


    5.56056035744923E+03    1.28675410319463E+03
    5.56216379344507E+03    1.28683385605850E+03
    5.56053265545992E+03    1.28735614716412E+03
    5.56056035744923E+03    1.28675410319463E+03


    5.55653137933504E+03    1.28722131611438E+03
    5.55755815797661E+03    1.28666964505234E+03
    5.55753180366932E+03    1.28726732670434E+03
    5.55653137933504E+03    1.28722131611438E+03


    5.55653137933504E+03    1.28722131611438E+03
    5.55656031135887E+03    1.28662158494510E+03
    5.55755815797661E+03    1.28666964505234E+03
    5.55653137933504E+03    1.28722131611438E+03


    5.55761735667520E+03    1.28567792495987E+03
    5.55755815797661E+03    1.28666964505234E+03
    5.55656031135887E+03    1.28662158494510E+03
    5.55761735667520E+03    1.28567792495987E+03


    5.55761735667520E+03    1.28567792495987E+03
    5.55656031135887E+03    1.28662158494510E+03
    5.55661719422620E+03    1.28562353699547E+03
    5.55761735667520E+03    1.28567792495987E+03


    5.55774779802622E+03    1.28368267106264E+03
    5.55878024931539E+03    1.28310564188933E+03
    5.55876320199516E+03    1.28370357589152E+03
    5.55774779802622E+03    1.28368267106264E+03


    5.55774779802622E+03    1.28368267106264E+03
    5.55777600910444E+03    1.28308343124535E+03
    5.55878024931539E+03    1.28310564188933E+03
    5.55774779802622E+03    1.28368267106264E+03


    5.55876320199516E+03    1.28370357589152E+03
    5.55978156821876E+03    1.28311865965292E+03
    5.55976337344975E+03    1.28371836406077E+03
    5.55876320199516E+03    1.28370357589152E+03


    5.55876320199516E+03    1.28370357589152E+03
    5.55878024931539E+03    1.28310564188933E+03
    5.55978156821876E+03    1.28311865965292E+03
    5.55876320199516E+03    1.28370357589152E+03


    5.55976337344975E+03    1.28371836406077E+03
    5.56077832535691E+03    1.28314240588720E+03
    5.56074906598967E+03    1.28374338258943E+03
    5.55976337344975E+03    1.28371836406077E+03


    5.55976337344975E+03    1.28371836406077E+03
    5.55978156821876E+03    1.28311865965292E+03
    5.56077832535691E+03    1.28314240588720E+03
    5.55976337344975E+03    1.28371836406077E+03


    5.55473375827029E+03    1.28351837143649E+03
    5.55576892147419E+03    1.28297758382945E+03
    5.55573547657479E+03    1.28357523297034E+03
    5.55473375827029E+03    1.28351837143649E+03


    5.55473375827029E+03    1.28351837143649E+03
    5.55476753870551E+03    1.28292019020292E+03
    5.55576892147419E+03    1.28297758382945E+03
    5.55473375827029E+03    1.28351837143649E+03


    5.55573547657479E+03    1.28357523297034E+03
    5.55677157399723E+03    1.28303329221003E+03
    5.55673974454246E+03    1.28363034183142E+03
    5.55573547657479E+03    1.28357523297034E+03


    5.55573547657479E+03    1.28357523297034E+03
    5.55576892147419E+03    1.28297758382945E+03
    5.55677157399723E+03    1.28303329221003E+03
    5.55573547657479E+03    1.28357523297034E+03


    5.56557095270460E+03    1.28340780395150E+03
    5.56553562442716E+03    1.28400874408242E+03
    5.56393710111998E+03    1.28391686494134E+03
    5.56557095270460E+03    1.28340780395150E+03


    5.56397238585559E+03    1.28331512760405E+03
    5.56557095270460E+03    1.28340780395150E+03
    5.56393710111998E+03    1.28391686494134E+03
    5.56397238585559E+03    1.28331512760405E+03


    5.56397238585559E+03    1.28331512760405E+03
    5.56393710111998E+03    1.28391686494134E+03
    5.56234078352872E+03    1.28382844527187E+03
    5.56397238585559E+03    1.28331512760405E+03


    5.56237496487087E+03    1.28322593974292E+03
    5.56397238585559E+03    1.28331512760405E+03
    5.56234078352872E+03    1.28382844527187E+03
    5.56237496487087E+03    1.28322593974292E+03


    5.56237496487087E+03    1.28322593974292E+03
    5.56234078352872E+03    1.28382844527187E+03
    5.56074906598967E+03    1.28374338258943E+03
    5.56237496487087E+03    1.28322593974292E+03


    5.56077832535691E+03    1.28314240588720E+03
    5.56237496487087E+03    1.28322593974292E+03
    5.56074906598967E+03    1.28374338258943E+03
    5.56077832535691E+03    1.28314240588720E+03


    5.55673974454246E+03    1.28363034183142E+03
    5.55777600910444E+03    1.28308343124535E+03
    5.55774779802622E+03    1.28368267106264E+03
    5.55673974454246E+03    1.28363034183142E+03


    5.55673974454246E+03    1.28363034183142E+03
    5.55677157399723E+03    1.28303329221003E+03
    5.55777600910444E+03    1.28308343124535E+03
    5.55673974454246E+03    1.28363034183142E+03


    5.55777600910444E+03    1.28308343124535E+03
    5.55880070897816E+03    1.28250677388018E+03
    5.55878024931539E+03    1.28310564188933E+03
    5.55777600910444E+03    1.28308343124535E+03


    5.55777600910444E+03    1.28308343124535E+03
    5.55780275367706E+03    1.28248603927782E+03
    5.55880070897816E+03    1.28250677388018E+03
    5.55777600910444E+03    1.28308343124535E+03


    5.55878024931539E+03    1.28310564188933E+03
    5.55980239552153E+03    1.28251918091737E+03
    5.55978156821876E+03    1.28311865965292E+03
    5.55878024931539E+03    1.28310564188933E+03


    5.55878024931539E+03    1.28310564188933E+03
    5.55880070897816E+03    1.28250677388018E+03
    5.55980239552153E+03    1.28251918091737E+03
    5.55878024931539E+03    1.28310564188933E+03


    5.55978156821876E+03    1.28311865965292E+03
    5.56080629912218E+03    1.28254105901769E+03
    5.56077832535691E+03    1.28314240588720E+03
    5.55978156821876E+03    1.28311865965292E+03


    5.55978156821876E+03    1.28311865965292E+03
    5.55980239552153E+03    1.28251918091737E+03
    5.56080629912218E+03    1.28254105901769E+03
    5.55978156821876E+03    1.28311865965292E+03


    5.55476753870551E+03    1.28292019020292E+03
    5.55580204371752E+03    1.28237965597521E+03
    5.55576892147419E+03    1.28297758382945E+03
    5.55476753870551E+03    1.28292019020292E+03


    5.55476753870551E+03    1.28292019020292E+03
    5.55480133535388E+03    1.28232147176880E+03
    5.55580204371752E+03    1.28237965597521E+03
    5.55476753870551E+03    1.28292019020292E+03


    5.55576892147419E+03    1.28297758382945E+03
    5.55680238159368E+03    1.28243587025908E+03
    5.55677157399723E+03    1.28303329221003E+03
    5.55576892147419E+03    1.28297758382945E+03


    5.55576892147419E+03    1.28297758382945E+03
    5.55580204371752E+03    1.28237965597521E+03
    5.55680238159368E+03    1.28243587025908E+03
    5.55576892147419E+03    1.28297758382945E+03


    5.56560670173489E+03    1.28280661210732E+03
    5.56557095270460E+03    1.28340780395150E+03
    5.56397238585559E+03    1.28331512760405E+03
    5.56560670173489E+03    1.28280661210732E+03


    5.56400801928040E+03    1.28271333216436E+03
    5.56560670173489E+03    1.28280661210732E+03
    5.56397238585559E+03    1.28331512760405E+03
    5.56400801928040E+03    1.28271333216436E+03


    5.56400801928040E+03    1.28271333216436E+03
    5.56397238585559E+03    1.28331512760405E+03
    5.56237496487087E+03    1.28322593974292E+03
    5.56400801928040E+03    1.28271333216436E+03


    5.56240870959480E+03    1.28262399204657E+03
    5.56400801928040E+03    1.28271333216436E+03
    5.56237496487087E+03    1.28322593974292E+03
    5.56240870959480E+03    1.28262399204657E+03


    5.56240870959480E+03    1.28262399204657E+03
    5.56237496487087E+03    1.28322593974292E+03
    5.56077832535691E+03    1.28314240588720E+03
    5.56240870959480E+03    1.28262399204657E+03


    5.56080629912218E+03    1.28254105901769E+03
    5.56240870959480E+03    1.28262399204657E+03
    5.56077832535691E+03    1.28314240588720E+03
    5.56080629912218E+03    1.28254105901769E+03


    5.55677157399723E+03    1.28303329221003E+03
    5.55780275367706E+03    1.28248603927782E+03
    5.55777600910444E+03    1.28308343124535E+03
    5.55677157399723E+03    1.28303329221003E+03


    5.55677157399723E+03    1.28303329221003E+03
    5.55680238159368E+03    1.28243587025908E+03
    5.55780275367706E+03    1.28248603927782E+03
    5.55677157399723E+03    1.28303329221003E+03


    5.55780275367706E+03    1.28248603927782E+03
    5.55881785231787E+03    1.28190759086047E+03
    5.55880070897816E+03    1.28250677388018E+03
    5.55780275367706E+03    1.28248603927782E+03


    5.55780275367706E+03    1.28248603927782E+03
    5.55783054656628E+03    1.28188971553841E+03
    5.55881785231787E+03    1.28190759086047E+03
    5.55780275367706E+03    1.28248603927782E+03


    5.55880070897816E+03    1.28250677388018E+03
    5.55981862594148E+03    1.28192124653470E+03
    5.55980239552153E+03    1.28251918091737E+03
    5.55880070897816E+03    1.28250677388018E+03


    5.55880070897816E+03    1.28250677388018E+03
    5.55881785231787E+03    1.28190759086047E+03
    5.55981862594148E+03    1.28192124653470E+03
    5.55880070897816E+03    1.28250677388018E+03


    5.55980239552153E+03    1.28251918091737E+03
    5.56083602899528E+03    1.28193845831732E+03
    5.56080629912218E+03    1.28254105901769E+03
    5.55980239552153E+03    1.28251918091737E+03


    5.55980239552153E+03    1.28251918091737E+03
    5.55981862594148E+03    1.28192124653470E+03
    5.56083602899528E+03    1.28193845831732E+03
    5.55980239552153E+03    1.28251918091737E+03


    5.55480133535388E+03    1.28232147176880E+03
    5.55583636576739E+03    1.28178146009176E+03
    5.55580204371752E+03    1.28237965597521E+03
    5.55480133535388E+03    1.28232147176880E+03


    5.55480133535388E+03    1.28232147176880E+03
    5.55483612056181E+03    1.28172231558949E+03
    5.55583636576739E+03    1.28178146009176E+03
    5.55480133535388E+03    1.28232147176880E+03


    5.55580204371752E+03    1.28237965597521E+03
    5.55683458966467E+03    1.28183792549554E+03
    5.55680238159368E+03    1.28243587025908E+03
    5.55580204371752E+03    1.28237965597521E+03


    5.55580204371752E+03    1.28237965597521E+03
    5.55583636576739E+03    1.28178146009176E+03
    5.55683458966467E+03    1.28183792549554E+03
    5.55580204371752E+03    1.28237965597521E+03


    5.55603088371644E+03    1.27880310159652E+03
    5.55596702406630E+03    1.27979305426811E+03
    5.55496406927307E+03    1.27973316717701E+03
    5.55603088371644E+03    1.27880310159652E+03


    5.55603088371644E+03    1.27880310159652E+03
    5.55496406927307E+03    1.27973316717701E+03
    5.55502652727760E+03    1.27874465687730E+03
    5.55603088371644E+03    1.27880310159652E+03


    5.55596702406630E+03    1.27979305426811E+03
    5.55590031429214E+03    1.28078598914701E+03
    5.55489908473516E+03    1.28072568661913E+03
    5.55596702406630E+03    1.27979305426811E+03


    5.55596702406630E+03    1.27979305426811E+03
    5.55489908473516E+03    1.28072568661913E+03
    5.55496406927307E+03    1.27973316717701E+03
    5.55596702406630E+03    1.27979305426811E+03


    5.55590031429214E+03    1.28078598914701E+03
    5.55583636576739E+03    1.28178146009176E+03
    5.55483612056181E+03    1.28172231558949E+03
    5.55590031429214E+03    1.28078598914701E+03


    5.55590031429214E+03    1.28078598914701E+03
    5.55483612056181E+03    1.28172231558949E+03
    5.55489908473516E+03    1.28072568661913E+03
    5.55590031429214E+03    1.28078598914701E+03


    5.55703785801495E+03    1.27885866915012E+03
    5.55697076192922E+03    1.27984981713793E+03
    5.55596702406630E+03    1.27979305426811E+03
    5.55703785801495E+03    1.27885866915012E+03


    5.55703785801495E+03    1.27885866915012E+03
    5.55596702406630E+03    1.27979305426811E+03
    5.55603088371644E+03    1.27880310159652E+03
    5.55703785801495E+03    1.27885866915012E+03


    5.55697076192922E+03    1.27984981713793E+03
    5.55690083844246E+03    1.28084365637530E+03
    5.55590031429214E+03    1.28078598914701E+03
    5.55697076192922E+03    1.27984981713793E+03


    5.55697076192922E+03    1.27984981713793E+03
    5.55590031429214E+03    1.28078598914701E+03
    5.55596702406630E+03    1.27979305426811E+03
    5.55697076192922E+03    1.27984981713793E+03


    5.55690083844246E+03    1.28084365637530E+03
    5.55683458966467E+03    1.28183792549554E+03
    5.55583636576739E+03    1.28178146009176E+03
    5.55690083844246E+03    1.28084365637530E+03


    5.55690083844246E+03    1.28084365637530E+03
    5.55583636576739E+03    1.28178146009176E+03
    5.55590031429214E+03    1.28078598914701E+03
    5.55690083844246E+03    1.28084365637530E+03


    5.55804932439215E+03    1.27891081043722E+03
    5.55797226363440E+03    1.27991145403343E+03
    5.55697076192922E+03    1.27984981713793E+03
    5.55804932439215E+03    1.27891081043722E+03


    5.55804932439215E+03    1.27891081043722E+03
    5.55697076192922E+03    1.27984981713793E+03
    5.55703785801495E+03    1.27885866915012E+03
    5.55804932439215E+03    1.27891081043722E+03


    5.55797226363440E+03    1.27991145403343E+03
    5.55790130369845E+03    1.28090332538833E+03
    5.55690083844246E+03    1.28084365637530E+03
    5.55797226363440E+03    1.27991145403343E+03


    5.55797226363440E+03    1.27991145403343E+03
    5.55690083844246E+03    1.28084365637530E+03
    5.55697076192922E+03    1.27984981713793E+03
    5.55797226363440E+03    1.27991145403343E+03


    5.56404432720791E+03    1.28211153582457E+03
    5.56570462434768E+03    1.28120149104925E+03
    5.56564297336011E+03    1.28220511652228E+03
    5.56404432720791E+03    1.28211153582457E+03


    5.56404432720791E+03    1.28211153582457E+03
    5.56410687799336E+03    1.28110804758138E+03
    5.56570462434768E+03    1.28120149104925E+03
    5.56404432720791E+03    1.28211153582457E+03


    5.56244354022445E+03    1.28202261792892E+03
    5.56410687799336E+03    1.28110804758138E+03
    5.56404432720791E+03    1.28211153582457E+03
    5.56244354022445E+03    1.28202261792892E+03


    5.56244354022445E+03    1.28202261792892E+03
    5.56250758230461E+03    1.28102050451555E+03
    5.56410687799336E+03    1.28110804758138E+03
    5.56244354022445E+03    1.28202261792892E+03


    5.56083602899528E+03    1.28193845831732E+03
    5.56250758230461E+03    1.28102050451555E+03
    5.56244354022445E+03    1.28202261792892E+03
    5.56083602899528E+03    1.28193845831732E+03


    5.56083602899528E+03    1.28193845831732E+03
    5.56090924067648E+03    1.28092985848365E+03
    5.56250758230461E+03    1.28102050451555E+03
    5.56083602899528E+03    1.28193845831732E+03


    5.56410687799336E+03    1.28110804758138E+03
    5.56576685339657E+03    1.28019568151946E+03
    5.56570462434768E+03    1.28120149104925E+03
    5.56410687799336E+03    1.28110804758138E+03


    5.56410687799336E+03    1.28110804758138E+03
    5.56417051741441E+03    1.28010298357373E+03
    5.56576685339657E+03    1.28019568151946E+03
    5.56410687799336E+03    1.28110804758138E+03


    5.56250758230461E+03    1.28102050451555E+03
    5.56417051741441E+03    1.28010298357373E+03
    5.56410687799336E+03    1.28110804758138E+03
    5.56250758230461E+03    1.28102050451555E+03


    5.56250758230461E+03    1.28102050451555E+03
    5.56257455974275E+03    1.28001615512147E+03
    5.56417051741441E+03    1.28010298357373E+03
    5.56250758230461E+03    1.28102050451555E+03


    5.56090924067648E+03    1.28092985848365E+03
    5.56257455974275E+03    1.28001615512147E+03
    5.56250758230461E+03    1.28102050451555E+03
    5.56090924067648E+03    1.28092985848365E+03


    5.56090924067648E+03    1.28092985848365E+03
    5.56097914593757E+03    1.27992717409387E+03
    5.56257455974275E+03    1.28001615512147E+03
    5.56090924067648E+03    1.28092985848365E+03


    5.56564297336011E+03    1.28220511652228E+03
    5.56560670173489E+03    1.28280661210732E+03
    5.56400801928040E+03    1.28271333216436E+03
    5.56564297336011E+03    1.28220511652228E+03


    5.56404432720791E+03    1.28211153582457E+03
    5.56564297336011E+03    1.28220511652228E+03
    5.56400801928040E+03    1.28271333216436E+03
    5.56404432720791E+03    1.28211153582457E+03


    5.56404432720791E+03    1.28211153582457E+03
    5.56400801928040E+03    1.28271333216436E+03
    5.56240870959480E+03    1.28262399204657E+03
    5.56404432720791E+03    1.28211153582457E+03


    5.56244354022445E+03    1.28202261792892E+03
    5.56404432720791E+03    1.28211153582457E+03
    5.56240870959480E+03    1.28262399204657E+03
    5.56244354022445E+03    1.28202261792892E+03


    5.56417051741441E+03    1.28010298357373E+03
    5.56582836966020E+03    1.27918728038134E+03
    5.56576685339657E+03    1.28019568151946E+03
    5.56417051741441E+03    1.28010298357373E+03


    5.56417051741441E+03    1.28010298357373E+03
    5.56423319761263E+03    1.27909600852338E+03
    5.56582836966020E+03    1.27918728038134E+03
    5.56417051741441E+03    1.28010298357373E+03


    5.56257455974275E+03    1.28001615512147E+03
    5.56423319761263E+03    1.27909600852338E+03
    5.56417051741441E+03    1.28010298357373E+03
    5.56257455974275E+03    1.28001615512147E+03


    5.56257455974275E+03    1.28001615512147E+03
    5.56263968158102E+03    1.27901095636920E+03
    5.56423319761263E+03    1.27909600852338E+03
    5.56257455974275E+03    1.28001615512147E+03


    5.56097914593757E+03    1.27992717409387E+03
    5.56263968158102E+03    1.27901095636920E+03
    5.56257455974275E+03    1.28001615512147E+03
    5.56097914593757E+03    1.27992717409387E+03


    5.56097914593757E+03    1.27992717409387E+03
    5.56105072317435E+03    1.27892900482835E+03
    5.56263968158102E+03    1.27901095636920E+03
    5.56097914593757E+03    1.27992717409387E+03


    5.56244354022445E+03    1.28202261792892E+03
    5.56240870959480E+03    1.28262399204657E+03
    5.56080629912218E+03    1.28254105901769E+03
    5.56244354022445E+03    1.28202261792892E+03


    5.56083602899528E+03    1.28193845831732E+03
    5.56244354022445E+03    1.28202261792892E+03
    5.56080629912218E+03    1.28254105901769E+03
    5.56083602899528E+03    1.28193845831732E+03


    5.55680238159368E+03    1.28243587025908E+03
    5.55783054656628E+03    1.28188971553841E+03
    5.55780275367706E+03    1.28248603927782E+03
    5.55680238159368E+03    1.28243587025908E+03


    5.55680238159368E+03    1.28243587025908E+03
    5.55683458966467E+03    1.28183792549554E+03
    5.55783054656628E+03    1.28188971553841E+03
    5.55680238159368E+03    1.28243587025908E+03


    5.55790130369845E+03    1.28090332538833E+03
    5.55783054656628E+03    1.28188971553841E+03
    5.55683458966467E+03    1.28183792549554E+03
    5.55790130369845E+03    1.28090332538833E+03


    5.55790130369845E+03    1.28090332538833E+03
    5.55683458966467E+03    1.28183792549554E+03
    5.55690083844246E+03    1.28084365637530E+03
    5.55790130369845E+03    1.28090332538833E+03


    5.55804932439215E+03    1.27891081043722E+03
    5.55908087692468E+03    1.27832109674448E+03
    5.55907014219798E+03    1.27891835902759E+03
    5.55804932439215E+03    1.27891081043722E+03


    5.55804932439215E+03    1.27891081043722E+03
    5.55807561447223E+03    1.27831156665411E+03
    5.55908087692468E+03    1.27832109674448E+03
    5.55804932439215E+03    1.27891081043722E+03


    5.55907014219798E+03    1.27891835902759E+03
    5.56008231971576E+03    1.27831829263533E+03
    5.56007017200877E+03    1.27891771480953E+03
    5.55907014219798E+03    1.27891835902759E+03


    5.55907014219798E+03    1.27891835902759E+03
    5.55908087692468E+03    1.27832109674448E+03
    5.56008231971576E+03    1.27831829263533E+03
    5.55907014219798E+03    1.27891835902759E+03


    5.56007017200877E+03    1.27891771480953E+03
    5.56107819794829E+03    1.27832911425476E+03
    5.56105072317435E+03    1.27892900482835E+03
    5.56007017200877E+03    1.27891771480953E+03


    5.56007017200877E+03    1.27891771480953E+03
    5.56008231971576E+03    1.27831829263533E+03
    5.56107819794829E+03    1.27832911425476E+03
    5.56007017200877E+03    1.27891771480953E+03


    5.55502652727760E+03    1.27874465687730E+03
    5.55606495164450E+03    1.27820950745652E+03
    5.55603088371644E+03    1.27880310159652E+03
    5.55502652727760E+03    1.27874465687730E+03


    5.55502652727760E+03    1.27874465687730E+03
    5.55506105726083E+03    1.27815220551419E+03
    5.55606495164450E+03    1.27820950745652E+03
    5.55502652727760E+03    1.27874465687730E+03


    5.55603088371644E+03    1.27880310159652E+03
    5.55706959041616E+03    1.27826418522251E+03
    5.55703785801495E+03    1.27885866915012E+03
    5.55603088371644E+03    1.27880310159652E+03


    5.55603088371644E+03    1.27880310159652E+03
    5.55606495164450E+03    1.27820950745652E+03
    5.55706959041616E+03    1.27826418522251E+03
    5.55603088371644E+03    1.27880310159652E+03


    5.56586420144052E+03    1.27858101675865E+03
    5.56582836966020E+03    1.27918728038134E+03
    5.56423319761263E+03    1.27909600852338E+03
    5.56586420144052E+03    1.27858101675865E+03


    5.56426924829040E+03    1.27849100391493E+03
    5.56586420144052E+03    1.27858101675865E+03
    5.56423319761263E+03    1.27909600852338E+03
    5.56426924829040E+03    1.27849100391493E+03


    5.56426924829040E+03    1.27849100391493E+03
    5.56423319761263E+03    1.27909600852338E+03
    5.56263968158102E+03    1.27901095636920E+03
    5.56426924829040E+03    1.27849100391493E+03


    5.56267410137726E+03    1.27840698442913E+03
    5.56426924829040E+03    1.27849100391493E+03
    5.56263968158102E+03    1.27901095636920E+03
    5.56267410137726E+03    1.27840698442913E+03


    5.56267410137726E+03    1.27840698442913E+03
    5.56263968158102E+03    1.27901095636920E+03
    5.56105072317435E+03    1.27892900482835E+03
    5.56267410137726E+03    1.27840698442913E+03


    5.56107819794829E+03    1.27832911425476E+03
    5.56267410137726E+03    1.27840698442913E+03
    5.56105072317435E+03    1.27892900482835E+03
    5.56107819794829E+03    1.27832911425476E+03


    5.55703785801495E+03    1.27885866915012E+03
    5.55807561447223E+03    1.27831156665411E+03
    5.55804932439215E+03    1.27891081043722E+03
    5.55703785801495E+03    1.27885866915012E+03


    5.55703785801495E+03    1.27885866915012E+03
    5.55706959041616E+03    1.27826418522251E+03
    5.55807561447223E+03    1.27831156665411E+03
    5.55703785801495E+03    1.27885866915012E+03


    5.55807561447223E+03    1.27831156665411E+03
    5.55909619888534E+03    1.27772243765213E+03
    5.55908087692468E+03    1.27832109674448E+03
    5.55807561447223E+03    1.27831156665411E+03


    5.55807561447223E+03    1.27831156665411E+03
    5.55809926984775E+03    1.27771474480192E+03
    5.55909619888534E+03    1.27772243765213E+03
    5.55807561447223E+03    1.27831156665411E+03


    5.55908087692468E+03    1.27832109674448E+03
    5.56009804231088E+03    1.27771922387216E+03
    5.56008231971576E+03    1.27831829263533E+03
    5.55908087692468E+03    1.27832109674448E+03


    5.55908087692468E+03    1.27832109674448E+03
    5.55909619888534E+03    1.27772243765213E+03
    5.56009804231088E+03    1.27771922387216E+03
    5.55908087692468E+03    1.27832109674448E+03


    5.56008231971576E+03    1.27831829263533E+03
    5.56110337676354E+03    1.27772882559825E+03
    5.56107819794829E+03    1.27832911425476E+03
    5.56008231971576E+03    1.27831829263533E+03


    5.56008231971576E+03    1.27831829263533E+03
    5.56009804231088E+03    1.27771922387216E+03
    5.56110337676354E+03    1.27772882559825E+03
    5.56008231971576E+03    1.27831829263533E+03


    5.55506105726083E+03    1.27815220551419E+03
    5.55609728639191E+03    1.27761556596676E+03
    5.55606495164450E+03    1.27820950745652E+03
    5.55506105726083E+03    1.27815220551419E+03


    5.55506105726083E+03    1.27815220551419E+03
    5.55509428883636E+03    1.27755918793774E+03
    5.55609728639191E+03    1.27761556596676E+03
    5.55506105726083E+03    1.27815220551419E+03


    5.55606495164450E+03    1.27820950745652E+03
    5.55709879619717E+03    1.27766910950267E+03
    5.55706959041616E+03    1.27826418522251E+03
    5.55606495164450E+03    1.27820950745652E+03


    5.55606495164450E+03    1.27820950745652E+03
    5.55609728639191E+03    1.27761556596676E+03
    5.55709879619717E+03    1.27766910950267E+03
    5.55606495164450E+03    1.27820950745652E+03


    5.56589952785163E+03    1.27797413862244E+03
    5.56586420144052E+03    1.27858101675865E+03
    5.56426924829040E+03    1.27849100391493E+03
    5.56589952785163E+03    1.27797413862244E+03


    5.56430462497326E+03    1.27788585627706E+03
    5.56589952785163E+03    1.27797413862244E+03
    5.56426924829040E+03    1.27849100391493E+03
    5.56430462497326E+03    1.27788585627706E+03


    5.56430462497326E+03    1.27788585627706E+03
    5.56426924829040E+03    1.27849100391493E+03
    5.56267410137726E+03    1.27840698442913E+03
    5.56430462497326E+03    1.27788585627706E+03


    5.56270692476337E+03    1.27780389183402E+03
    5.56430462497326E+03    1.27788585627706E+03
    5.56267410137726E+03    1.27840698442913E+03
    5.56270692476337E+03    1.27780389183402E+03


    5.56270692476337E+03    1.27780389183402E+03
    5.56267410137726E+03    1.27840698442913E+03
    5.56107819794829E+03    1.27832911425476E+03
    5.56270692476337E+03    1.27780389183402E+03


    5.56110337676354E+03    1.27772882559825E+03
    5.56270692476337E+03    1.27780389183402E+03
    5.56107819794829E+03    1.27832911425476E+03
    5.56110337676354E+03    1.27772882559825E+03


    5.55706959041616E+03    1.27826418522251E+03
    5.55809926984775E+03    1.27771474480192E+03
    5.55807561447223E+03    1.27831156665411E+03
    5.55706959041616E+03    1.27826418522251E+03


    5.55706959041616E+03    1.27826418522251E+03
    5.55709879619717E+03    1.27766910950267E+03
    5.55809926984775E+03    1.27771474480192E+03
    5.55706959041616E+03    1.27826418522251E+03


    5.55809926984775E+03    1.27771474480192E+03
    5.55910703288285E+03    1.27712341481933E+03
    5.55909619888534E+03    1.27772243765213E+03
    5.55809926984775E+03    1.27771474480192E+03


    5.55809926984775E+03    1.27771474480192E+03
    5.55812357575419E+03    1.27711927939766E+03
    5.55910703288285E+03    1.27712341481933E+03
    5.55809926984775E+03    1.27771474480192E+03


    5.55909619888534E+03    1.27772243765213E+03
    5.56010804868179E+03    1.27712193766486E+03
    5.56009804231088E+03    1.27771922387216E+03
    5.55909619888534E+03    1.27772243765213E+03


    5.55909619888534E+03    1.27772243765213E+03
    5.55910703288285E+03    1.27712341481933E+03
    5.56010804868179E+03    1.27712193766486E+03
    5.55909619888534E+03    1.27772243765213E+03


    5.56009804231088E+03    1.27771922387216E+03
    5.56113026462587E+03    1.27712705646881E+03
    5.56110337676354E+03    1.27772882559825E+03
    5.56009804231088E+03    1.27771922387216E+03


    5.56009804231088E+03    1.27771922387216E+03
    5.56010804868179E+03    1.27712193766486E+03
    5.56113026462587E+03    1.27712705646881E+03
    5.56009804231088E+03    1.27771922387216E+03


    5.55509428883636E+03    1.27755918793774E+03
    5.55612989087074E+03    1.27702130065800E+03
    5.55609728639191E+03    1.27761556596676E+03
    5.55509428883636E+03    1.27755918793774E+03


    5.55509428883636E+03    1.27755918793774E+03
    5.55512758212354E+03    1.27696565891936E+03
    5.55612989087074E+03    1.27702130065800E+03
    5.55509428883636E+03    1.27755918793774E+03


    5.55609728639191E+03    1.27761556596676E+03
    5.55712868429791E+03    1.27707335637469E+03
    5.55709879619717E+03    1.27766910950267E+03
    5.55609728639191E+03    1.27761556596676E+03


    5.55609728639191E+03    1.27761556596676E+03
    5.55612989087074E+03    1.27702130065800E+03
    5.55712868429791E+03    1.27707335637469E+03
    5.55609728639191E+03    1.27761556596676E+03


    5.55630519486377E+03    1.27406514365621E+03
    5.55625055705239E+03    1.27504731245623E+03
    5.55524501966602E+03    1.27499637842887E+03
    5.55630519486377E+03    1.27406514365621E+03


    5.55630519486377E+03    1.27406514365621E+03
    5.55524501966602E+03    1.27499637842887E+03
    5.55529797114768E+03    1.27401913253041E+03
    5.55630519486377E+03    1.27406514365621E+03


    5.55625055705239E+03    1.27504731245623E+03
    5.55618999100295E+03    1.27603279719380E+03
    5.55518640333575E+03    1.27597858027604E+03
    5.55625055705239E+03    1.27504731245623E+03


    5.55625055705239E+03    1.27504731245623E+03
    5.55518640333575E+03    1.27597858027604E+03
    5.55524501966602E+03    1.27499637842887E+03
    5.55625055705239E+03    1.27504731245623E+03


    5.55618999100295E+03    1.27603279719380E+03
    5.55612989087074E+03    1.27702130065800E+03
    5.55512758212354E+03    1.27696565891936E+03
    5.55618999100295E+03    1.27603279719380E+03


    5.55618999100295E+03    1.27603279719380E+03
    5.55512758212354E+03    1.27696565891936E+03
    5.55518640333575E+03    1.27597858027604E+03
    5.55618999100295E+03    1.27603279719380E+03


    5.55731340702713E+03    1.27410724833375E+03
    5.55725570500211E+03    1.27509423453693E+03
    5.55625055705239E+03    1.27504731245623E+03
    5.55731340702713E+03    1.27410724833375E+03


    5.55731340702713E+03    1.27410724833375E+03
    5.55625055705239E+03    1.27504731245623E+03
    5.55630519486377E+03    1.27406514365621E+03
    5.55731340702713E+03    1.27410724833375E+03


    5.55725570500211E+03    1.27509423453693E+03
    5.55719175666619E+03    1.27608347865909E+03
    5.55618999100295E+03    1.27603279719380E+03
    5.55725570500211E+03    1.27509423453693E+03


    5.55725570500211E+03    1.27509423453693E+03
    5.55618999100295E+03    1.27603279719380E+03
    5.55625055705239E+03    1.27504731245623E+03
    5.55725570500211E+03    1.27509423453693E+03


    5.55719175666619E+03    1.27608347865909E+03
    5.55712868429791E+03    1.27707335637469E+03
    5.55612989087074E+03    1.27702130065800E+03
    5.55719175666619E+03    1.27608347865909E+03


    5.55719175666619E+03    1.27608347865909E+03
    5.55612989087074E+03    1.27702130065800E+03
    5.55618999100295E+03    1.27603279719380E+03
    5.55719175666619E+03    1.27608347865909E+03


    5.55832455817908E+03    1.27414691707612E+03
    5.55825776605026E+03    1.27514647446504E+03
    5.55725570500211E+03    1.27509423453693E+03
    5.55832455817908E+03    1.27414691707612E+03


    5.55832455817908E+03    1.27414691707612E+03
    5.55725570500211E+03    1.27509423453693E+03
    5.55731340702713E+03    1.27410724833375E+03
    5.55832455817908E+03    1.27414691707612E+03


    5.55825776605026E+03    1.27514647446504E+03
    5.55819264633957E+03    1.27613630145714E+03
    5.55719175666619E+03    1.27608347865909E+03
    5.55825776605026E+03    1.27514647446504E+03


    5.55825776605026E+03    1.27514647446504E+03
    5.55719175666619E+03    1.27608347865909E+03
    5.55725570500211E+03    1.27509423453693E+03
    5.55825776605026E+03    1.27514647446504E+03


    5.56433974380894E+03    1.27728063442022E+03
    5.56599193544691E+03    1.27635244097286E+03
    5.56593433982229E+03    1.27736665023718E+03
    5.56433974380894E+03    1.27728063442022E+03


    5.56433974380894E+03    1.27728063442022E+03
    5.56439834628403E+03    1.27627123807899E+03
    5.56599193544691E+03    1.27635244097286E+03
    5.56433974380894E+03    1.27728063442022E+03


    5.56274011712830E+03    1.27720164791945E+03
    5.56439834628403E+03    1.27627123807899E+03
    5.56433974380894E+03    1.27728063442022E+03
    5.56274011712830E+03    1.27720164791945E+03


    5.56274011712830E+03    1.27720164791945E+03
    5.56280040492590E+03    1.27619835298932E+03
    5.56439834628403E+03    1.27627123807899E+03
    5.56274011712830E+03    1.27720164791945E+03


    5.56113026462587E+03    1.27712705646881E+03
    5.56280040492590E+03    1.27619835298932E+03
    5.56274011712830E+03    1.27720164791945E+03
    5.56113026462587E+03    1.27712705646881E+03


    5.56113026462587E+03    1.27712705646881E+03
    5.56120136374288E+03    1.27612060604187E+03
    5.56280040492590E+03    1.27619835298932E+03
    5.56113026462587E+03    1.27712705646881E+03


    5.56439834628403E+03    1.27627123807899E+03
    5.56604690249785E+03    1.27533506533845E+03
    5.56599193544691E+03    1.27635244097286E+03
    5.56439834628403E+03    1.27627123807899E+03


    5.56439834628403E+03    1.27627123807899E+03
    5.56445499467942E+03    1.27525982110397E+03
    5.56604690249785E+03    1.27533506533845E+03
    5.56439834628403E+03    1.27627123807899E+03


    5.56280040492590E+03    1.27619835298932E+03
    5.56445499467942E+03    1.27525982110397E+03
    5.56439834628403E+03    1.27627123807899E+03
    5.56280040492590E+03    1.27619835298932E+03


    5.56280040492590E+03    1.27619835298932E+03
    5.56286070166735E+03    1.27519267976477E+03
    5.56445499467942E+03    1.27525982110397E+03
    5.56280040492590E+03    1.27619835298932E+03


    5.56120136374288E+03    1.27612060604187E+03
    5.56286070166735E+03    1.27519267976477E+03
    5.56280040492590E+03    1.27619835298932E+03
    5.56120136374288E+03    1.27612060604187E+03


    5.56120136374288E+03    1.27612060604187E+03
    5.56126448924307E+03    1.27512185829736E+03
    5.56286070166735E+03    1.27519267976477E+03
    5.56120136374288E+03    1.27612060604187E+03


    5.56593433982229E+03    1.27736665023718E+03
    5.56589952785163E+03    1.27797413862244E+03
    5.56430462497326E+03    1.27788585627706E+03
    5.56593433982229E+03    1.27736665023718E+03


    5.56433974380894E+03    1.27728063442022E+03
    5.56593433982229E+03    1.27736665023718E+03
    5.56430462497326E+03    1.27788585627706E+03
    5.56433974380894E+03    1.27728063442022E+03


    5.56433974380894E+03    1.27728063442022E+03
    5.56430462497326E+03    1.27788585627706E+03
    5.56270692476337E+03    1.27780389183402E+03
    5.56433974380894E+03    1.27728063442022E+03


    5.56274011712830E+03    1.27720164791945E+03
    5.56433974380894E+03    1.27728063442022E+03
    5.56270692476337E+03    1.27780389183402E+03
    5.56274011712830E+03    1.27720164791945E+03


    5.56445499467942E+03    1.27525982110397E+03
    5.56609779350703E+03    1.27431406315419E+03
    5.56604690249785E+03    1.27533506533845E+03
    5.56445499467942E+03    1.27525982110397E+03


    5.56445499467942E+03    1.27525982110397E+03
    5.56450708173489E+03    1.27424610516160E+03
    5.56609779350703E+03    1.27431406315419E+03
    5.56445499467942E+03    1.27525982110397E+03


    5.56286070166735E+03    1.27519267976477E+03
    5.56450708173489E+03    1.27424610516160E+03
    5.56445499467942E+03    1.27525982110397E+03
    5.56286070166735E+03    1.27519267976477E+03


    5.56286070166735E+03    1.27519267976477E+03
    5.56291520211742E+03    1.27418642565790E+03
    5.56450708173489E+03    1.27424610516160E+03
    5.56286070166735E+03    1.27519267976477E+03


    5.56126448924307E+03    1.27512185829736E+03
    5.56291520211742E+03    1.27418642565790E+03
    5.56286070166735E+03    1.27519267976477E+03
    5.56126448924307E+03    1.27512185829736E+03


    5.56126448924307E+03    1.27512185829736E+03
    5.56132471210963E+03    1.27412904219465E+03
    5.56291520211742E+03    1.27418642565790E+03
    5.56126448924307E+03    1.27512185829736E+03


    5.56274011712830E+03    1.27720164791945E+03
    5.56270692476337E+03    1.27780389183402E+03
    5.56110337676354E+03    1.27772882559825E+03
    5.56274011712830E+03    1.27720164791945E+03


    5.56113026462587E+03    1.27712705646881E+03
    5.56274011712830E+03    1.27720164791945E+03
    5.56110337676354E+03    1.27772882559825E+03
    5.56113026462587E+03    1.27712705646881E+03


    5.55709879619717E+03    1.27766910950267E+03
    5.55812357575419E+03    1.27711927939766E+03
    5.55809926984775E+03    1.27771474480192E+03
    5.55709879619717E+03    1.27766910950267E+03


    5.55709879619717E+03    1.27766910950267E+03
    5.55712868429791E+03    1.27707335637469E+03
    5.55812357575419E+03    1.27711927939766E+03
    5.55709879619717E+03    1.27766910950267E+03


    5.55819264633957E+03    1.27613630145714E+03
    5.55812357575419E+03    1.27711927939766E+03
    5.55712868429791E+03    1.27707335637469E+03
    5.55819264633957E+03    1.27613630145714E+03


    5.55819264633957E+03    1.27613630145714E+03
    5.55712868429791E+03    1.27707335637469E+03
    5.55719175666619E+03    1.27608347865909E+03
    5.55819264633957E+03    1.27613630145714E+03


    5.55832455817908E+03    1.27414691707612E+03
    5.55934676500829E+03    1.27354601786096E+03
    5.55934300114220E+03    1.27414366726098E+03
    5.55832455817908E+03    1.27414691707612E+03


    5.55832455817908E+03    1.27414691707612E+03
    5.55834317295135E+03    1.27354737354952E+03
    5.55934676500829E+03    1.27354601786096E+03
    5.55832455817908E+03    1.27414691707612E+03


    5.55934300114220E+03    1.27414366726098E+03
    5.56034721167207E+03    1.27353340420269E+03
    5.56034252259086E+03    1.27413259187106E+03
    5.55934300114220E+03    1.27414366726098E+03


    5.55934300114220E+03    1.27414366726098E+03
    5.55934676500829E+03    1.27354601786096E+03
    5.56034721167207E+03    1.27353340420269E+03
    5.55934300114220E+03    1.27414366726098E+03


    5.56034252259086E+03    1.27413259187106E+03
    5.56134389408468E+03    1.27353161017278E+03
    5.56132471210963E+03    1.27412904219465E+03
    5.56034252259086E+03    1.27413259187106E+03


    5.56034252259086E+03    1.27413259187106E+03
    5.56034721167207E+03    1.27353340420269E+03
    5.56134389408468E+03    1.27353161017278E+03
    5.56034252259086E+03    1.27413259187106E+03


    5.55529797114768E+03    1.27401913253041E+03
    5.55633228402467E+03    1.27347642835341E+03
    5.55630519486377E+03    1.27406514365621E+03
    5.55529797114768E+03    1.27401913253041E+03


    5.55529797114768E+03    1.27401913253041E+03
    5.55532544804890E+03    1.27343422496535E+03
    5.55633228402467E+03    1.27347642835341E+03
    5.55529797114768E+03    1.27401913253041E+03


    5.55630519486377E+03    1.27406514365621E+03
    5.55733803390262E+03    1.27351491521902E+03
    5.55731340702713E+03    1.27410724833375E+03
    5.55630519486377E+03    1.27406514365621E+03


    5.55630519486377E+03    1.27406514365621E+03
    5.55633228402467E+03    1.27347642835341E+03
    5.55733803390262E+03    1.27351491521902E+03
    5.55630519486377E+03    1.27406514365621E+03


    5.56612487447606E+03    1.27369967836892E+03
    5.56609779350703E+03    1.27431406315419E+03
    5.56450708173489E+03    1.27424610516160E+03
    5.56612487447606E+03    1.27369967836892E+03


    5.56453479372769E+03    1.27363686938228E+03
    5.56612487447606E+03    1.27369967836892E+03
    5.56450708173489E+03    1.27424610516160E+03
    5.56453479372769E+03    1.27363686938228E+03


    5.56453479372769E+03    1.27363686938228E+03
    5.56450708173489E+03    1.27424610516160E+03
    5.56291520211742E+03    1.27418642565790E+03
    5.56453479372769E+03    1.27363686938228E+03


    5.56294123458728E+03    1.27358198444213E+03
    5.56453479372769E+03    1.27363686938228E+03
    5.56291520211742E+03    1.27418642565790E+03
    5.56294123458728E+03    1.27358198444213E+03


    5.56294123458728E+03    1.27358198444213E+03
    5.56291520211742E+03    1.27418642565790E+03
    5.56132471210963E+03    1.27412904219465E+03
    5.56294123458728E+03    1.27358198444213E+03


    5.56134389408468E+03    1.27353161017278E+03
    5.56294123458728E+03    1.27358198444213E+03
    5.56132471210963E+03    1.27412904219465E+03
    5.56134389408468E+03    1.27353161017278E+03


    5.55731340702713E+03    1.27410724833375E+03
    5.55834317295135E+03    1.27354737354952E+03
    5.55832455817908E+03    1.27414691707612E+03
    5.55731340702713E+03    1.27410724833375E+03


    5.55731340702713E+03    1.27410724833375E+03
    5.55733803390262E+03    1.27351491521902E+03
    5.55834317295135E+03    1.27354737354952E+03
    5.55731340702713E+03    1.27410724833375E+03


    5.55834317295135E+03    1.27354737354952E+03
    5.55935470822389E+03    1.27294690766090E+03
    5.55934676500829E+03    1.27354601786096E+03
    5.55834317295135E+03    1.27354737354952E+03


    5.55834317295135E+03    1.27354737354952E+03
    5.55835865664914E+03    1.27294973254895E+03
    5.55935470822389E+03    1.27294690766090E+03
    5.55834317295135E+03    1.27354737354952E+03


    5.55934676500829E+03    1.27354601786096E+03
    5.56035528608988E+03    1.27293461222471E+03
    5.56034721167207E+03    1.27353340420269E+03
    5.55934676500829E+03    1.27354601786096E+03


    5.55934676500829E+03    1.27354601786096E+03
    5.55935470822389E+03    1.27294690766090E+03
    5.56035528608988E+03    1.27293461222471E+03
    5.55934676500829E+03    1.27354601786096E+03


    5.56034721167207E+03    1.27353340420269E+03
    5.56136023905574E+03    1.27293399900018E+03
    5.56134389408468E+03    1.27353161017278E+03
    5.56034721167207E+03    1.27353340420269E+03


    5.56034721167207E+03    1.27353340420269E+03
    5.56035528608988E+03    1.27293461222471E+03
    5.56136023905574E+03    1.27293399900018E+03
    5.56034721167207E+03    1.27353340420269E+03


    5.55532544804890E+03    1.27343422496535E+03
    5.55635615573117E+03    1.27288755399386E+03
    5.55633228402467E+03    1.27347642835341E+03
    5.55532544804890E+03    1.27343422496535E+03


    5.55532544804890E+03    1.27343422496535E+03
    5.55535004740515E+03    1.27284936875275E+03
    5.55635615573117E+03    1.27288755399386E+03
    5.55532544804890E+03    1.27343422496535E+03


    5.55633228402467E+03    1.27347642835341E+03
    5.55735893814914E+03    1.27292180673915E+03
    5.55733803390262E+03    1.27351491521902E+03
    5.55633228402467E+03    1.27347642835341E+03


    5.55633228402467E+03    1.27347642835341E+03
    5.55635615573117E+03    1.27288755399386E+03
    5.55735893814914E+03    1.27292180673915E+03
    5.55633228402467E+03    1.27347642835341E+03


    5.56615001282231E+03    1.27308437440805E+03
    5.56612487447606E+03    1.27369967836892E+03
    5.56453479372769E+03    1.27363686938228E+03
    5.56615001282231E+03    1.27308437440805E+03


    5.56456030227023E+03    1.27302736068704E+03
    5.56615001282231E+03    1.27308437440805E+03
    5.56453479372769E+03    1.27363686938228E+03
    5.56456030227023E+03    1.27302736068704E+03


    5.56456030227023E+03    1.27302736068704E+03
    5.56453479372769E+03    1.27363686938228E+03
    5.56294123458728E+03    1.27358198444213E+03
    5.56456030227023E+03    1.27302736068704E+03


    5.56296436192895E+03    1.27297848141337E+03
    5.56456030227023E+03    1.27302736068704E+03
    5.56294123458728E+03    1.27358198444213E+03
    5.56296436192895E+03    1.27297848141337E+03


    5.56296436192895E+03    1.27297848141337E+03
    5.56294123458728E+03    1.27358198444213E+03
    5.56134389408468E+03    1.27353161017278E+03
    5.56296436192895E+03    1.27297848141337E+03


    5.56136023905574E+03    1.27293399900018E+03
    5.56296436192895E+03    1.27297848141337E+03
    5.56134389408468E+03    1.27353161017278E+03
    5.56136023905574E+03    1.27293399900018E+03


    5.55733803390262E+03    1.27351491521902E+03
    5.55835865664914E+03    1.27294973254895E+03
    5.55834317295135E+03    1.27354737354952E+03
    5.55733803390262E+03    1.27351491521902E+03


    5.55733803390262E+03    1.27351491521902E+03
    5.55735893814914E+03    1.27292180673915E+03
    5.55835865664914E+03    1.27294973254895E+03
    5.55733803390262E+03    1.27351491521902E+03


    5.55835865664914E+03    1.27294973254895E+03
    5.55935859096084E+03    1.27234753183238E+03
    5.55935470822389E+03    1.27294690766090E+03
    5.55835865664914E+03    1.27294973254895E+03


    5.55835865664914E+03    1.27294973254895E+03
    5.55837383230563E+03    1.27235292024062E+03
    5.55935859096084E+03    1.27234753183238E+03
    5.55835865664914E+03    1.27294973254895E+03


    5.55935470822389E+03    1.27294690766090E+03
    5.56035901481828E+03    1.27233694160705E+03
    5.56035528608988E+03    1.27293461222471E+03
    5.55935470822389E+03    1.27294690766090E+03


    5.55935470822389E+03    1.27294690766090E+03
    5.55935859096084E+03    1.27234753183238E+03
    5.56035901481828E+03    1.27233694160705E+03
    5.55935470822389E+03    1.27294690766090E+03


    5.56035528608988E+03    1.27293461222471E+03
    5.56137714830922E+03    1.27233544894647E+03
    5.56136023905574E+03    1.27293399900018E+03
    5.56035528608988E+03    1.27293461222471E+03


    5.56035528608988E+03    1.27293461222471E+03
    5.56035901481828E+03    1.27233694160705E+03
    5.56137714830922E+03    1.27233544894647E+03
    5.56035528608988E+03    1.27293461222471E+03


    5.55535004740515E+03    1.27284936875275E+03
    5.55637844216564E+03    1.27229861043081E+03
    5.55635615573117E+03    1.27288755399386E+03
    5.55535004740515E+03    1.27284936875275E+03


    5.55535004740515E+03    1.27284936875275E+03
    5.55537298314056E+03    1.27226465846110E+03
    5.55637844216564E+03    1.27229861043081E+03
    5.55535004740515E+03    1.27284936875275E+03


    5.55635615573117E+03    1.27288755399386E+03
    5.55737889815067E+03    1.27232798993194E+03
    5.55735893814914E+03    1.27292180673915E+03
    5.55635615573117E+03    1.27288755399386E+03


    5.55635615573117E+03    1.27288755399386E+03
    5.55637844216564E+03    1.27229861043081E+03
    5.55737889815067E+03    1.27232798993194E+03
    5.55635615573117E+03    1.27288755399386E+03


    5.55646630155454E+03    1.26936506476346E+03
    5.55644646548694E+03    1.27034180753129E+03
    5.55544004849235E+03    1.27032606070973E+03
    5.55646630155454E+03    1.26936506476346E+03


    5.55646630155454E+03    1.26936506476346E+03
    5.55544004849235E+03    1.27032606070973E+03
    5.55546630155454E+03    1.26936506476346E+03
    5.55646630155454E+03    1.26936506476346E+03


    5.55644646548694E+03    1.27034180753129E+03
    5.55641541472375E+03    1.27131904948825E+03
    5.55540891959338E+03    1.27129263456572E+03
    5.55644646548694E+03    1.27034180753129E+03


    5.55644646548694E+03    1.27034180753129E+03
    5.55540891959338E+03    1.27129263456572E+03
    5.55544004849235E+03    1.27032606070973E+03
    5.55644646548694E+03    1.27034180753129E+03


    5.55641541472375E+03    1.27131904948825E+03
    5.55637844216564E+03    1.27229861043081E+03
    5.55537298314056E+03    1.27226465846110E+03
    5.55641541472375E+03    1.27131904948825E+03


    5.55641541472375E+03    1.27131904948825E+03
    5.55537298314056E+03    1.27226465846110E+03
    5.55540891959338E+03    1.27129263456572E+03
    5.55641541472375E+03    1.27131904948825E+03


    5.55746630155454E+03    1.26936506476346E+03
    5.55744956641212E+03    1.27035345900640E+03
    5.55644646548694E+03    1.27034180753129E+03
    5.55746630155454E+03    1.26936506476346E+03


    5.55746630155454E+03    1.26936506476346E+03
    5.55644646548694E+03    1.27034180753129E+03
    5.55646630155454E+03    1.26936506476346E+03
    5.55746630155454E+03    1.26936506476346E+03


    5.55744956641212E+03    1.27035345900640E+03
    5.55741821520773E+03    1.27134068399191E+03
    5.55641541472375E+03    1.27131904948825E+03
    5.55744956641212E+03    1.27035345900640E+03


    5.55744956641212E+03    1.27035345900640E+03
    5.55641541472375E+03    1.27131904948825E+03
    5.55644646548694E+03    1.27034180753129E+03
    5.55744956641212E+03    1.27035345900640E+03


    5.55741821520773E+03    1.27134068399191E+03
    5.55737889815067E+03    1.27232798993194E+03
    5.55637844216564E+03    1.27229861043081E+03
    5.55741821520773E+03    1.27134068399191E+03


    5.55741821520773E+03    1.27134068399191E+03
    5.55637844216564E+03    1.27229861043081E+03
    5.55641541472375E+03    1.27131904948825E+03
    5.55741821520773E+03    1.27134068399191E+03


    5.55846630155454E+03    1.26936506476346E+03
    5.55844983730605E+03    1.27036819340860E+03
    5.55744956641212E+03    1.27035345900640E+03
    5.55846630155454E+03    1.26936506476346E+03


    5.55846630155454E+03    1.26936506476346E+03
    5.55744956641212E+03    1.27035345900640E+03
    5.55746630155454E+03    1.26936506476346E+03
    5.55846630155454E+03    1.26936506476346E+03


    5.55844983730605E+03    1.27036819340860E+03
    5.55841841553678E+03    1.27136428896660E+03
    5.55741821520773E+03    1.27134068399191E+03
    5.55844983730605E+03    1.27036819340860E+03


    5.55844983730605E+03    1.27036819340860E+03
    5.55741821520773E+03    1.27134068399191E+03
    5.55744956641212E+03    1.27035345900640E+03
    5.55844983730605E+03    1.27036819340860E+03


    5.56458397778205E+03    1.27241762168373E+03
    5.56620862738233E+03    1.27143894012390E+03
    5.56617302415984E+03    1.27246818059758E+03
    5.56458397778205E+03    1.27241762168373E+03


    5.56458397778205E+03    1.27241762168373E+03
    5.56461984011432E+03    1.27140065438807E+03
    5.56620862738233E+03    1.27143894012390E+03
    5.56458397778205E+03    1.27241762168373E+03


    5.56298618966042E+03    1.27237584611654E+03
    5.56461984011432E+03    1.27140065438807E+03
    5.56458397778205E+03    1.27241762168373E+03
    5.56298618966042E+03    1.27237584611654E+03


    5.56298618966042E+03    1.27237584611654E+03
    5.56302202754584E+03    1.27137234171153E+03
    5.56461984011432E+03    1.27140065438807E+03
    5.56298618966042E+03    1.27237584611654E+03


    5.56137714830922E+03    1.27233544894647E+03
    5.56302202754584E+03    1.27137234171153E+03
    5.56298618966042E+03    1.27237584611654E+03
    5.56137714830922E+03    1.27233544894647E+03


    5.56137714830922E+03    1.27233544894647E+03
    5.56141986569576E+03    1.27133902461726E+03
    5.56302202754584E+03    1.27137234171153E+03
    5.56137714830922E+03    1.27233544894647E+03


    5.56461984011432E+03    1.27140065438807E+03
    5.56623852124396E+03    1.27040531807612E+03
    5.56620862738233E+03    1.27143894012390E+03
    5.56461984011432E+03    1.27140065438807E+03


    5.56461984011432E+03    1.27140065438807E+03
    5.56464891947591E+03    1.27038235169529E+03
    5.56623852124396E+03    1.27040531807612E+03
    5.56461984011432E+03    1.27140065438807E+03


    5.56302202754584E+03    1.27137234171153E+03
    5.56464891947591E+03    1.27038235169529E+03
    5.56461984011432E+03    1.27140065438807E+03
    5.56302202754584E+03    1.27137234171153E+03


    5.56302202754584E+03    1.27137234171153E+03
    5.56305050033876E+03    1.27036824494540E+03
    5.56464891947591E+03    1.27038235169529E+03
    5.56302202754584E+03    1.27137234171153E+03


    5.56141986569576E+03    1.27133902461726E+03
    5.56305050033876E+03    1.27036824494540E+03
    5.56302202754584E+03    1.27137234171153E+03
    5.56141986569576E+03    1.27133902461726E+03


    5.56141986569576E+03    1.27133902461726E+03
    5.56144880646106E+03    1.27034962159493E+03
    5.56305050033876E+03    1.27036824494540E+03
    5.56141986569576E+03    1.27133902461726E+03


    5.56617302415984E+03    1.27246818059758E+03
    5.56615001282231E+03    1.27308437440805E+03
    5.56456030227023E+03    1.27302736068704E+03
    5.56617302415984E+03    1.27246818059758E+03


    5.56458397778205E+03    1.27241762168373E+03
    5.56617302415984E+03    1.27246818059758E+03
    5.56456030227023E+03    1.27302736068704E+03
    5.56458397778205E+03    1.27241762168373E+03


    5.56458397778205E+03    1.27241762168373E+03
    5.56456030227023E+03    1.27302736068704E+03
    5.56296436192895E+03    1.27297848141337E+03
    5.56458397778205E+03    1.27241762168373E+03


    5.56298618966042E+03    1.27237584611654E+03
    5.56458397778205E+03    1.27241762168373E+03
    5.56296436192895E+03    1.27297848141337E+03
    5.56298618966042E+03    1.27237584611654E+03


    5.56464891947591E+03    1.27038235169529E+03
    5.56626630155455E+03    1.26936506476346E+03
    5.56623852124396E+03    1.27040531807612E+03
    5.56464891947591E+03    1.27038235169529E+03


    5.56464891947591E+03    1.27038235169529E+03
    5.56466630155455E+03    1.26936506476346E+03
    5.56626630155455E+03    1.26936506476346E+03
    5.56464891947591E+03    1.27038235169529E+03


    5.56305050033876E+03    1.27036824494540E+03
    5.56466630155455E+03    1.26936506476346E+03
    5.56464891947591E+03    1.27038235169529E+03
    5.56305050033876E+03    1.27036824494540E+03


    5.56305050033876E+03    1.27036824494540E+03
    5.56306630155455E+03    1.26936506476346E+03
    5.56466630155455E+03    1.26936506476346E+03
    5.56305050033876E+03    1.27036824494540E+03


    5.56144880646106E+03    1.27034962159493E+03
    5.56306630155455E+03    1.26936506476346E+03
    5.56305050033876E+03    1.27036824494540E+03
    5.56144880646106E+03    1.27034962159493E+03


    5.56144880646106E+03    1.27034962159493E+03
    5.56146630155455E+03    1.26936506476346E+03
    5.56306630155455E+03    1.26936506476346E+03
    5.56144880646106E+03    1.27034962159493E+03


    5.56298618966042E+03    1.27237584611654E+03
    5.56296436192895E+03    1.27297848141337E+03
    5.56136023905574E+03    1.27293399900018E+03
    5.56298618966042E+03    1.27237584611654E+03


    5.56137714830922E+03    1.27233544894647E+03
    5.56298618966042E+03    1.27237584611654E+03
    5.56136023905574E+03    1.27293399900018E+03
    5.56137714830922E+03    1.27233544894647E+03


    5.55735893814914E+03    1.27292180673915E+03
    5.55837383230563E+03    1.27235292024062E+03
    5.55835865664914E+03    1.27294973254895E+03
    5.55735893814914E+03    1.27292180673915E+03


    5.55735893814914E+03    1.27292180673915E+03
    5.55737889815067E+03    1.27232798993194E+03
    5.55837383230563E+03    1.27235292024062E+03
    5.55735893814914E+03    1.27292180673915E+03


    5.55841841553678E+03    1.27136428896660E+03
    5.55837383230563E+03    1.27235292024062E+03
    5.55737889815067E+03    1.27232798993194E+03
    5.55841841553678E+03    1.27136428896660E+03


    5.55841841553678E+03    1.27136428896660E+03
    5.55737889815067E+03    1.27232798993194E+03
    5.55741821520773E+03    1.27134068399191E+03
    5.55841841553678E+03    1.27136428896660E+03


