# Gnuplot Deformed Mesh Archive
# X_deformed              Y_deformed
    5.55630125176925E+03    1.28834294144065E+03
    5.55735727945617E+03    1.28781445196380E+03
    5.55731213429030E+03    1.28841280307390E+03
    5.55630125176925E+03    1.28834294144065E+03


    5.55630125176925E+03    1.28834294144065E+03
    5.55635311150348E+03    1.28774579415514E+03
    5.55735727945617E+03    1.28781445196380E+03
    5.55630125176925E+03    1.28834294144065E+03


    5.55731213429030E+03    1.28841280307390E+03
    5.55835724938414E+03    1.28787548663843E+03
    5.55831048862507E+03    1.28847582458000E+03
    5.55731213429030E+03    1.28841280307390E+03


    5.55731213429030E+03    1.28841280307390E+03
    5.55735727945617E+03    1.28781445196380E+03
    5.55835724938414E+03    1.28787548663843E+03
    5.55731213429030E+03    1.28841280307390E+03


    5.55831048862507E+03    1.28847582458000E+03
    5.55935221784348E+03    1.28794840847705E+03
    5.55929608256559E+03    1.28855076585247E+03
    5.55831048862507E+03    1.28847582458000E+03


    5.55831048862507E+03    1.28847582458000E+03
    5.55835724938414E+03    1.28787548663843E+03
    5.55935221784348E+03    1.28794840847705E+03
    5.55831048862507E+03    1.28847582458000E+03


    5.55327487203918E+03    1.28802313823035E+03
    5.55434251249077E+03    1.28753641270636E+03
    5.55427741530875E+03    1.28813615083712E+03
    5.55327487203918E+03    1.28802313823035E+03


    5.55327487203918E+03    1.28802313823035E+03
    5.55334144997364E+03    1.28742276122520E+03
    5.55434251249077E+03    1.28753641270636E+03
    5.55327487203918E+03    1.28802313823035E+03


    5.55427741530875E+03    1.28813615083712E+03
    5.55534633081918E+03    1.28764745698817E+03
    5.55528606771101E+03    1.28824610362407E+03
    5.55427741530875E+03    1.28813615083712E+03


    5.55427741530875E+03    1.28813615083712E+03
    5.55434251249077E+03    1.28753641270636E+03
    5.55534633081918E+03    1.28764745698817E+03
    5.55427741530875E+03    1.28813615083712E+03


    5.56413532944111E+03    1.28850103491874E+03
    5.56406339438446E+03    1.28910129622207E+03
    5.56246632983723E+03    1.28890767841320E+03
    5.56413532944111E+03    1.28850103491874E+03


    5.56253717391548E+03    1.28830687285503E+03
    5.56413532944111E+03    1.28850103491874E+03
    5.56246632983723E+03    1.28890767841320E+03
    5.56253717391548E+03    1.28830687285503E+03


    5.56253717391548E+03    1.28830687285503E+03
    5.56246632983723E+03    1.28890767841320E+03
    5.56087704968726E+03    1.28871943216386E+03
    5.56253717391548E+03    1.28830687285503E+03


    5.56094320613683E+03    1.28811781473540E+03
    5.56253717391548E+03    1.28830687285503E+03
    5.56087704968726E+03    1.28871943216386E+03
    5.56094320613683E+03    1.28811781473540E+03


    5.56094320613683E+03    1.28811781473540E+03
    5.56087704968726E+03    1.28871943216386E+03
    5.55929608256559E+03    1.28855076585247E+03
    5.56094320613683E+03    1.28811781473540E+03


    5.55935221784348E+03    1.28794840847705E+03
    5.56094320613683E+03    1.28811781473540E+03
    5.55929608256559E+03    1.28855076585247E+03
    5.55935221784348E+03    1.28794840847705E+03


    5.55528606771101E+03    1.28824610362407E+03
    5.55635311150348E+03    1.28774579415514E+03
    5.55630125176925E+03    1.28834294144065E+03
    5.55528606771101E+03    1.28824610362407E+03


    5.55528606771101E+03    1.28824610362407E+03
    5.55534633081918E+03    1.28764745698817E+03
    5.55635311150348E+03    1.28774579415514E+03
    5.55528606771101E+03    1.28824610362407E+03


    5.55635311150348E+03    1.28774579415514E+03
    5.55740577670349E+03    1.28721605999235E+03
    5.55735727945617E+03    1.28781445196380E+03
    5.55635311150348E+03    1.28774579415514E+03


    5.55635311150348E+03    1.28774579415514E+03
    5.55640789309497E+03    1.28714977818984E+03
    5.55740577670349E+03    1.28721605999235E+03
    5.55635311150348E+03    1.28774579415514E+03


    5.55735727945617E+03    1.28781445196380E+03
    5.55840699580242E+03    1.28727545275138E+03
    5.55835724938414E+03    1.28787548663843E+03
    5.55735727945617E+03    1.28781445196380E+03


    5.55735727945617E+03    1.28781445196380E+03
    5.55740577670349E+03    1.28721605999235E+03
    5.55840699580242E+03    1.28727545275138E+03
    5.55735727945617E+03    1.28781445196380E+03


    5.55835724938414E+03    1.28787548663843E+03
    5.55940976932498E+03    1.28734542206310E+03
    5.55935221784348E+03    1.28794840847705E+03
    5.55835724938414E+03    1.28787548663843E+03


    5.55835724938414E+03    1.28787548663843E+03
    5.55840699580242E+03    1.28727545275138E+03
    5.55940976932498E+03    1.28734542206310E+03
    5.55835724938414E+03    1.28787548663843E+03


    5.55334144997364E+03    1.28742276122520E+03
    5.55440706075151E+03    1.28693599991493E+03
    5.55434251249077E+03    1.28753641270636E+03
    5.55334144997364E+03    1.28742276122520E+03


    5.55334144997364E+03    1.28742276122520E+03
    5.55340742137755E+03    1.28682100192141E+03
    5.55440706075151E+03    1.28693599991493E+03
    5.55334144997364E+03    1.28742276122520E+03


    5.55434251249077E+03    1.28753641270636E+03
    5.55540695841840E+03    1.28704843115729E+03
    5.55534633081918E+03    1.28764745698817E+03
    5.55434251249077E+03    1.28753641270636E+03


    5.55434251249077E+03    1.28753641270636E+03
    5.55440706075151E+03    1.28693599991493E+03
    5.55540695841840E+03    1.28704843115729E+03
    5.55434251249077E+03    1.28753641270636E+03


    5.56420725630285E+03    1.28790122650294E+03
    5.56413532944111E+03    1.28850103491874E+03
    5.56253717391548E+03    1.28830687285503E+03
    5.56420725630285E+03    1.28790122650294E+03


    5.56260790070616E+03    1.28770648811638E+03
    5.56420725630285E+03    1.28790122650294E+03
    5.56253717391548E+03    1.28830687285503E+03
    5.56260790070616E+03    1.28770648811638E+03


    5.56260790070616E+03    1.28770648811638E+03
    5.56253717391548E+03    1.28830687285503E+03
    5.56094320613683E+03    1.28811781473540E+03
    5.56260790070616E+03    1.28770648811638E+03


    5.56100962917546E+03    1.28751694638512E+03
    5.56260790070616E+03    1.28770648811638E+03
    5.56094320613683E+03    1.28811781473540E+03
    5.56100962917546E+03    1.28751694638512E+03


    5.56100962917546E+03    1.28751694638512E+03
    5.56094320613683E+03    1.28811781473540E+03
    5.55935221784348E+03    1.28794840847705E+03
    5.56100962917546E+03    1.28751694638512E+03


    5.55940976932498E+03    1.28734542206310E+03
    5.56100962917546E+03    1.28751694638512E+03
    5.55935221784348E+03    1.28794840847705E+03
    5.55940976932498E+03    1.28734542206310E+03


    5.55534633081918E+03    1.28764745698817E+03
    5.55640789309497E+03    1.28714977818984E+03
    5.55635311150348E+03    1.28774579415514E+03
    5.55534633081918E+03    1.28764745698817E+03


    5.55534633081918E+03    1.28764745698817E+03
    5.55540695841840E+03    1.28704843115729E+03
    5.55640789309497E+03    1.28714977818984E+03
    5.55534633081918E+03    1.28764745698817E+03


    5.55640789309497E+03    1.28714977818984E+03
    5.55745131436800E+03    1.28661720693505E+03
    5.55740577670349E+03    1.28721605999235E+03
    5.55640789309497E+03    1.28714977818984E+03


    5.55640789309497E+03    1.28714977818984E+03
    5.55646594344471E+03    1.28655488479011E+03
    5.55745131436800E+03    1.28661720693505E+03
    5.55640789309497E+03    1.28714977818984E+03


    5.55740577670349E+03    1.28721605999235E+03
    5.55845180275765E+03    1.28667755580778E+03
    5.55840699580242E+03    1.28727545275138E+03
    5.55740577670349E+03    1.28721605999235E+03


    5.55740577670349E+03    1.28721605999235E+03
    5.55745131436800E+03    1.28661720693505E+03
    5.55845180275765E+03    1.28667755580778E+03
    5.55740577670349E+03    1.28721605999235E+03


    5.55840699580242E+03    1.28727545275138E+03
    5.55947078819944E+03    1.28674091983344E+03
    5.55940976932498E+03    1.28734542206310E+03
    5.55840699580242E+03    1.28727545275138E+03


    5.55840699580242E+03    1.28727545275138E+03
    5.55845180275765E+03    1.28667755580778E+03
    5.55947078819944E+03    1.28674091983344E+03
    5.55840699580242E+03    1.28727545275138E+03


    5.55340742137755E+03    1.28682100192141E+03
    5.55447379989437E+03    1.28633510560122E+03
    5.55440706075151E+03    1.28693599991493E+03
    5.55340742137755E+03    1.28682100192141E+03


    5.55340742137755E+03    1.28682100192141E+03
    5.55347503390899E+03    1.28621795225164E+03
    5.55447379989437E+03    1.28633510560122E+03
    5.55340742137755E+03    1.28682100192141E+03


    5.55440706075151E+03    1.28693599991493E+03
    5.55547068667671E+03    1.28644902330784E+03
    5.55540695841840E+03    1.28704843115729E+03
    5.55440706075151E+03    1.28693599991493E+03


    5.55440706075151E+03    1.28693599991493E+03
    5.55447379989437E+03    1.28633510560122E+03
    5.55547068667671E+03    1.28644902330784E+03
    5.55440706075151E+03    1.28693599991493E+03


    5.55485652121736E+03    1.28334692431064E+03
    5.55472642894545E+03    1.28433903536990E+03
    5.55372442447439E+03    1.28421556242436E+03
    5.55485652121736E+03    1.28334692431064E+03


    5.55485652121736E+03    1.28334692431064E+03
    5.55372442447439E+03    1.28421556242436E+03
    5.55385273632649E+03    1.28322167602045E+03
    5.55485652121736E+03    1.28334692431064E+03


    5.55472642894545E+03    1.28433903536990E+03
    5.55459638224088E+03    1.28533540259695E+03
    5.55359663400513E+03    1.28521443121079E+03
    5.55472642894545E+03    1.28433903536990E+03


    5.55472642894545E+03    1.28433903536990E+03
    5.55359663400513E+03    1.28521443121079E+03
    5.55372442447439E+03    1.28421556242436E+03
    5.55472642894545E+03    1.28433903536990E+03


    5.55459638224088E+03    1.28533540259695E+03
    5.55447379989437E+03    1.28633510560122E+03
    5.55347503390899E+03    1.28621795225164E+03
    5.55459638224088E+03    1.28533540259695E+03


    5.55459638224088E+03    1.28533540259695E+03
    5.55347503390899E+03    1.28621795225164E+03
    5.55359663400513E+03    1.28521443121079E+03
    5.55459638224088E+03    1.28533540259695E+03


    5.55586592222391E+03    1.28346831200733E+03
    5.55573076504688E+03    1.28445848621211E+03
    5.55472642894545E+03    1.28433903536990E+03
    5.55586592222391E+03    1.28346831200733E+03


    5.55586592222391E+03    1.28346831200733E+03
    5.55472642894545E+03    1.28433903536990E+03
    5.55485652121736E+03    1.28334692431064E+03
    5.55586592222391E+03    1.28346831200733E+03


    5.55573076504688E+03    1.28445848621211E+03
    5.55559598195793E+03    1.28545332306824E+03
    5.55459638224088E+03    1.28533540259695E+03
    5.55573076504688E+03    1.28445848621211E+03


    5.55573076504688E+03    1.28445848621211E+03
    5.55459638224088E+03    1.28533540259695E+03
    5.55472642894545E+03    1.28433903536990E+03
    5.55573076504688E+03    1.28445848621211E+03


    5.55559598195793E+03    1.28545332306824E+03
    5.55547068667671E+03    1.28644902330784E+03
    5.55447379989437E+03    1.28633510560122E+03
    5.55559598195793E+03    1.28545332306824E+03


    5.55559598195793E+03    1.28545332306824E+03
    5.55447379989437E+03    1.28633510560122E+03
    5.55459638224088E+03    1.28533540259695E+03
    5.55559598195793E+03    1.28545332306824E+03


    5.55688366154614E+03    1.28358357704315E+03
    5.55673261097647E+03    1.28458455369693E+03
    5.55573076504688E+03    1.28445848621211E+03
    5.55688366154614E+03    1.28358357704315E+03


    5.55688366154614E+03    1.28358357704315E+03
    5.55573076504688E+03    1.28445848621211E+03
    5.55586592222391E+03    1.28346831200733E+03
    5.55688366154614E+03    1.28358357704315E+03


    5.55673261097647E+03    1.28458455369693E+03
    5.55659633978258E+03    1.28557312285355E+03
    5.55559598195793E+03    1.28545332306824E+03
    5.55673261097647E+03    1.28458455369693E+03


    5.55673261097647E+03    1.28458455369693E+03
    5.55559598195793E+03    1.28545332306824E+03
    5.55573076504688E+03    1.28445848621211E+03
    5.55673261097647E+03    1.28458455369693E+03


    5.56267954899066E+03    1.28710642768510E+03
    5.56440265464070E+03    1.28630318016731E+03
    5.56427977520620E+03    1.28730187712813E+03
    5.56267954899066E+03    1.28710642768510E+03


    5.56267954899066E+03    1.28710642768510E+03
    5.56280279403125E+03    1.28610606527503E+03
    5.56440265464070E+03    1.28630318016731E+03
    5.56267954899066E+03    1.28710642768510E+03


    5.56107835663060E+03    1.28691659061051E+03
    5.56280279403125E+03    1.28610606527503E+03
    5.56267954899066E+03    1.28710642768510E+03
    5.56107835663060E+03    1.28691659061051E+03


    5.56107835663060E+03    1.28691659061051E+03
    5.56120266494653E+03    1.28591565496073E+03
    5.56280279403125E+03    1.28610606527503E+03
    5.56107835663060E+03    1.28691659061051E+03


    5.55947078819944E+03    1.28674091983344E+03
    5.56120266494653E+03    1.28591565496073E+03
    5.56107835663060E+03    1.28691659061051E+03
    5.55947078819944E+03    1.28674091983344E+03


    5.55947078819944E+03    1.28674091983344E+03
    5.55960577423590E+03    1.28572688465128E+03
    5.56120266494653E+03    1.28591565496073E+03
    5.55947078819944E+03    1.28674091983344E+03


    5.56280279403125E+03    1.28610606527503E+03
    5.56452864747682E+03    1.28530350549652E+03
    5.56440265464070E+03    1.28630318016731E+03
    5.56280279403125E+03    1.28610606527503E+03


    5.56280279403125E+03    1.28610606527503E+03
    5.56293028025586E+03    1.28510398533451E+03
    5.56452864747682E+03    1.28530350549652E+03
    5.56280279403125E+03    1.28610606527503E+03


    5.56120266494653E+03    1.28591565496073E+03
    5.56293028025586E+03    1.28510398533451E+03
    5.56280279403125E+03    1.28610606527503E+03
    5.56120266494653E+03    1.28591565496073E+03


    5.56120266494653E+03    1.28591565496073E+03
    5.56133462675900E+03    1.28491115865055E+03
    5.56293028025586E+03    1.28510398533451E+03
    5.56120266494653E+03    1.28591565496073E+03


    5.55960577423590E+03    1.28572688465128E+03
    5.56133462675900E+03    1.28491115865055E+03
    5.56120266494653E+03    1.28591565496073E+03
    5.55960577423590E+03    1.28572688465128E+03


    5.55960577423590E+03    1.28572688465128E+03
    5.55974215625955E+03    1.28471945727411E+03
    5.56133462675900E+03    1.28491115865055E+03
    5.55960577423590E+03    1.28572688465128E+03


    5.56427977520620E+03    1.28730187712813E+03
    5.56420725630285E+03    1.28790122650294E+03
    5.56260790070616E+03    1.28770648811638E+03
    5.56427977520620E+03    1.28730187712813E+03


    5.56267954899066E+03    1.28710642768510E+03
    5.56427977520620E+03    1.28730187712813E+03
    5.56260790070616E+03    1.28770648811638E+03
    5.56267954899066E+03    1.28710642768510E+03


    5.56267954899066E+03    1.28710642768510E+03
    5.56260790070616E+03    1.28770648811638E+03
    5.56100962917546E+03    1.28751694638512E+03
    5.56267954899066E+03    1.28710642768510E+03


    5.56107835663060E+03    1.28691659061051E+03
    5.56267954899066E+03    1.28710642768510E+03
    5.56100962917546E+03    1.28751694638512E+03
    5.56107835663060E+03    1.28691659061051E+03


    5.56293028025586E+03    1.28510398533451E+03
    5.56465684689017E+03    1.28430181458331E+03
    5.56452864747682E+03    1.28530350549652E+03
    5.56293028025586E+03    1.28510398533451E+03


    5.56293028025586E+03    1.28510398533451E+03
    5.56306009958560E+03    1.28409943338559E+03
    5.56465684689017E+03    1.28430181458331E+03
    5.56293028025586E+03    1.28510398533451E+03


    5.56133462675900E+03    1.28491115865055E+03
    5.56306009958560E+03    1.28409943338559E+03
    5.56293028025586E+03    1.28510398533451E+03
    5.56133462675900E+03    1.28491115865055E+03


    5.56133462675900E+03    1.28491115865055E+03
    5.56146821078778E+03    1.28390467232889E+03
    5.56306009958560E+03    1.28409943338559E+03
    5.56133462675900E+03    1.28491115865055E+03


    5.55974215625955E+03    1.28471945727411E+03
    5.56146821078778E+03    1.28390467232889E+03
    5.56133462675900E+03    1.28491115865055E+03
    5.55974215625955E+03    1.28471945727411E+03


    5.55974215625955E+03    1.28471945727411E+03
    5.55988645447561E+03    1.28371730567146E+03
    5.56146821078778E+03    1.28390467232889E+03
    5.55974215625955E+03    1.28471945727411E+03


    5.56107835663060E+03    1.28691659061051E+03
    5.56100962917546E+03    1.28751694638512E+03
    5.55940976932498E+03    1.28734542206310E+03
    5.56107835663060E+03    1.28691659061051E+03


    5.55947078819944E+03    1.28674091983344E+03
    5.56107835663060E+03    1.28691659061051E+03
    5.55940976932498E+03    1.28734542206310E+03
    5.55947078819944E+03    1.28674091983344E+03


    5.55540695841840E+03    1.28704843115729E+03
    5.55646594344471E+03    1.28655488479011E+03
    5.55640789309497E+03    1.28714977818984E+03
    5.55540695841840E+03    1.28704843115729E+03


    5.55540695841840E+03    1.28704843115729E+03
    5.55547068667671E+03    1.28644902330784E+03
    5.55646594344471E+03    1.28655488479011E+03
    5.55540695841840E+03    1.28704843115729E+03


    5.55659633978258E+03    1.28557312285355E+03
    5.55646594344471E+03    1.28655488479011E+03
    5.55547068667671E+03    1.28644902330784E+03
    5.55659633978258E+03    1.28557312285355E+03


    5.55659633978258E+03    1.28557312285355E+03
    5.55547068667671E+03    1.28644902330784E+03
    5.55559598195793E+03    1.28545332306824E+03
    5.55659633978258E+03    1.28557312285355E+03


    5.55688366154614E+03    1.28358357704315E+03
    5.55795514165241E+03    1.28303417463651E+03
    5.55791759170314E+03    1.28362962388531E+03
    5.55688366154614E+03    1.28358357704315E+03


    5.55688366154614E+03    1.28358357704315E+03
    5.55694580178526E+03    1.28298525148946E+03
    5.55795514165241E+03    1.28303417463651E+03
    5.55688366154614E+03    1.28358357704315E+03


    5.55791759170314E+03    1.28362962388531E+03
    5.55895804678669E+03    1.28306284872462E+03
    5.55891796936433E+03    1.28366219762696E+03
    5.55791759170314E+03    1.28362962388531E+03


    5.55791759170314E+03    1.28362962388531E+03
    5.55795514165241E+03    1.28303417463651E+03
    5.55895804678669E+03    1.28306284872462E+03
    5.55791759170314E+03    1.28362962388531E+03


    5.55891796936433E+03    1.28366219762696E+03
    5.55995090376971E+03    1.28311515429994E+03
    5.55988645447561E+03    1.28371730567146E+03
    5.55891796936433E+03    1.28366219762696E+03


    5.55891796936433E+03    1.28366219762696E+03
    5.55895804678669E+03    1.28306284872462E+03
    5.55995090376971E+03    1.28311515429994E+03
    5.55891796936433E+03    1.28366219762696E+03


    5.55385273632649E+03    1.28322167602045E+03
    5.55493018993821E+03    1.28275210252276E+03
    5.55485652121736E+03    1.28334692431064E+03
    5.55385273632649E+03    1.28322167602045E+03


    5.55385273632649E+03    1.28322167602045E+03
    5.55392714412849E+03    1.28262568219775E+03
    5.55493018993821E+03    1.28275210252276E+03
    5.55385273632649E+03    1.28322167602045E+03


    5.55485652121736E+03    1.28334692431064E+03
    5.55593603262224E+03    1.28287481077461E+03
    5.55586592222391E+03    1.28346831200733E+03
    5.55485652121736E+03    1.28334692431064E+03


    5.55485652121736E+03    1.28334692431064E+03
    5.55493018993821E+03    1.28275210252276E+03
    5.55593603262224E+03    1.28287481077461E+03
    5.55485652121736E+03    1.28334692431064E+03


    5.56473466410762E+03    1.28369974376702E+03
    5.56465684689017E+03    1.28430181458331E+03
    5.56306009958560E+03    1.28409943338559E+03
    5.56473466410762E+03    1.28369974376702E+03


    5.56313782089392E+03    1.28349560657140E+03
    5.56473466410762E+03    1.28369974376702E+03
    5.56306009958560E+03    1.28409943338559E+03
    5.56313782089392E+03    1.28349560657140E+03


    5.56313782089392E+03    1.28349560657140E+03
    5.56306009958560E+03    1.28409943338559E+03
    5.56146821078778E+03    1.28390467232889E+03
    5.56313782089392E+03    1.28349560657140E+03


    5.56154350166319E+03    1.28329915342717E+03
    5.56313782089392E+03    1.28349560657140E+03
    5.56146821078778E+03    1.28390467232889E+03
    5.56154350166319E+03    1.28329915342717E+03


    5.56154350166319E+03    1.28329915342717E+03
    5.56146821078778E+03    1.28390467232889E+03
    5.55988645447561E+03    1.28371730567146E+03
    5.56154350166319E+03    1.28329915342717E+03


    5.55995090376971E+03    1.28311515429994E+03
    5.56154350166319E+03    1.28329915342717E+03
    5.55988645447561E+03    1.28371730567146E+03
    5.55995090376971E+03    1.28311515429994E+03


    5.55586592222391E+03    1.28346831200733E+03
    5.55694580178526E+03    1.28298525148946E+03
    5.55688366154614E+03    1.28358357704315E+03
    5.55586592222391E+03    1.28346831200733E+03


    5.55586592222391E+03    1.28346831200733E+03
    5.55593603262224E+03    1.28287481077461E+03
    5.55694580178526E+03    1.28298525148946E+03
    5.55586592222391E+03    1.28346831200733E+03


    5.55694580178526E+03    1.28298525148946E+03
    5.55800020793195E+03    1.28243666806060E+03
    5.55795514165241E+03    1.28303417463651E+03
    5.55694580178526E+03    1.28298525148946E+03


    5.55694580178526E+03    1.28298525148946E+03
    5.55700471176827E+03    1.28239099617457E+03
    5.55800020793195E+03    1.28243666806060E+03
    5.55694580178526E+03    1.28298525148946E+03


    5.55795514165241E+03    1.28303417463651E+03
    5.55900392286292E+03    1.28246399690824E+03
    5.55895804678669E+03    1.28306284872462E+03
    5.55795514165241E+03    1.28303417463651E+03


    5.55795514165241E+03    1.28303417463651E+03
    5.55800020793195E+03    1.28243666806060E+03
    5.55900392286292E+03    1.28246399690824E+03
    5.55795514165241E+03    1.28303417463651E+03


    5.55895804678669E+03    1.28306284872462E+03
    5.56001252128216E+03    1.28251218756494E+03
    5.55995090376971E+03    1.28311515429994E+03
    5.55895804678669E+03    1.28306284872462E+03


    5.55895804678669E+03    1.28306284872462E+03
    5.55900392286292E+03    1.28246399690824E+03
    5.56001252128216E+03    1.28251218756494E+03
    5.55895804678669E+03    1.28306284872462E+03


    5.55392714412849E+03    1.28262568219775E+03
    5.55500314794803E+03    1.28215666681599E+03
    5.55493018993821E+03    1.28275210252276E+03
    5.55392714412849E+03    1.28262568219775E+03


    5.55392714412849E+03    1.28262568219775E+03
    5.55400158764303E+03    1.28202850508916E+03
    5.55500314794803E+03    1.28215666681599E+03
    5.55392714412849E+03    1.28262568219775E+03


    5.55493018993821E+03    1.28275210252276E+03
    5.55600389218420E+03    1.28228048941559E+03
    5.55593603262224E+03    1.28287481077461E+03
    5.55493018993821E+03    1.28275210252276E+03


    5.55493018993821E+03    1.28275210252276E+03
    5.55500314794803E+03    1.28215666681599E+03
    5.55600389218420E+03    1.28228048941559E+03
    5.55493018993821E+03    1.28275210252276E+03


    5.56481340811287E+03    1.28309711850465E+03
    5.56473466410762E+03    1.28369974376702E+03
    5.56313782089392E+03    1.28349560657140E+03
    5.56481340811287E+03    1.28309711850465E+03


    5.56321631025621E+03    1.28289165177568E+03
    5.56481340811287E+03    1.28309711850465E+03
    5.56313782089392E+03    1.28349560657140E+03
    5.56321631025621E+03    1.28289165177568E+03


    5.56321631025621E+03    1.28289165177568E+03
    5.56313782089392E+03    1.28349560657140E+03
    5.56154350166319E+03    1.28329915342717E+03
    5.56321631025621E+03    1.28289165177568E+03


    5.56161783080432E+03    1.28269486325734E+03
    5.56321631025621E+03    1.28289165177568E+03
    5.56154350166319E+03    1.28329915342717E+03
    5.56161783080432E+03    1.28269486325734E+03


    5.56161783080432E+03    1.28269486325734E+03
    5.56154350166319E+03    1.28329915342717E+03
    5.55995090376971E+03    1.28311515429994E+03
    5.56161783080432E+03    1.28269486325734E+03


    5.56001252128216E+03    1.28251218756494E+03
    5.56161783080432E+03    1.28269486325734E+03
    5.55995090376971E+03    1.28311515429994E+03
    5.56001252128216E+03    1.28251218756494E+03


    5.55593603262224E+03    1.28287481077461E+03
    5.55700471176827E+03    1.28239099617457E+03
    5.55694580178526E+03    1.28298525148946E+03
    5.55593603262224E+03    1.28287481077461E+03


    5.55593603262224E+03    1.28287481077461E+03
    5.55600389218420E+03    1.28228048941559E+03
    5.55700471176827E+03    1.28239099617457E+03
    5.55593603262224E+03    1.28287481077461E+03


    5.55700471176827E+03    1.28239099617457E+03
    5.55803796938229E+03    1.28183846761433E+03
    5.55800020793195E+03    1.28243666806060E+03
    5.55700471176827E+03    1.28239099617457E+03


    5.55700471176827E+03    1.28239099617457E+03
    5.55706593086699E+03    1.28179909383433E+03
    5.55803796938229E+03    1.28183846761433E+03
    5.55700471176827E+03    1.28239099617457E+03


    5.55800020793195E+03    1.28243666806060E+03
    5.55903967343471E+03    1.28186854682135E+03
    5.55900392286292E+03    1.28246399690824E+03
    5.55800020793195E+03    1.28243666806060E+03


    5.55800020793195E+03    1.28243666806060E+03
    5.55803796938229E+03    1.28183846761433E+03
    5.55903967343471E+03    1.28186854682135E+03
    5.55800020793195E+03    1.28243666806060E+03


    5.55900392286292E+03    1.28246399690824E+03
    5.56007800695448E+03    1.28190645903015E+03
    5.56001252128216E+03    1.28251218756494E+03
    5.55900392286292E+03    1.28246399690824E+03


    5.55900392286292E+03    1.28246399690824E+03
    5.55903967343471E+03    1.28186854682135E+03
    5.56007800695448E+03    1.28190645903015E+03
    5.55900392286292E+03    1.28246399690824E+03


    5.55400158764303E+03    1.28202850508916E+03
    5.55507874875881E+03    1.28156064072416E+03
    5.55500314794803E+03    1.28215666681599E+03
    5.55400158764303E+03    1.28202850508916E+03


    5.55400158764303E+03    1.28202850508916E+03
    5.55407820864711E+03    1.28143036376395E+03
    5.55507874875881E+03    1.28156064072416E+03
    5.55400158764303E+03    1.28202850508916E+03


    5.55500314794803E+03    1.28215666681599E+03
    5.55607483655641E+03    1.28168501646289E+03
    5.55600389218420E+03    1.28228048941559E+03
    5.55500314794803E+03    1.28215666681599E+03


    5.55500314794803E+03    1.28215666681599E+03
    5.55507874875881E+03    1.28156064072416E+03
    5.55607483655641E+03    1.28168501646289E+03
    5.55500314794803E+03    1.28215666681599E+03


    5.55550721135695E+03    1.27860831023435E+03
    5.55536654839115E+03    1.27958617909193E+03
    5.55436003989982E+03    1.27945426643928E+03
    5.55550721135695E+03    1.27860831023435E+03


    5.55550721135695E+03    1.27860831023435E+03
    5.55436003989982E+03    1.27945426643928E+03
    5.55449761547588E+03    1.27847957467876E+03
    5.55550721135695E+03    1.27860831023435E+03


    5.55536654839115E+03    1.27958617909193E+03
    5.55521960748775E+03    1.28057061682553E+03
    5.55421689915580E+03    1.28043778909475E+03
    5.55536654839115E+03    1.27958617909193E+03


    5.55536654839115E+03    1.27958617909193E+03
    5.55421689915580E+03    1.28043778909475E+03
    5.55436003989982E+03    1.27945426643928E+03
    5.55536654839115E+03    1.27958617909193E+03


    5.55521960748775E+03    1.28057061682553E+03
    5.55507874875881E+03    1.28156064072416E+03
    5.55407820864711E+03    1.28143036376395E+03
    5.55521960748775E+03    1.28057061682553E+03


    5.55521960748775E+03    1.28057061682553E+03
    5.55407820864711E+03    1.28143036376395E+03
    5.55421689915580E+03    1.28043778909475E+03
    5.55521960748775E+03    1.28057061682553E+03


    5.55652257356941E+03    1.27873070828814E+03
    5.55637478174167E+03    1.27971121005591E+03
    5.55536654839115E+03    1.27958617909193E+03
    5.55652257356941E+03    1.27873070828814E+03


    5.55652257356941E+03    1.27873070828814E+03
    5.55536654839115E+03    1.27958617909193E+03
    5.55550721135695E+03    1.27860831023435E+03
    5.55652257356941E+03    1.27873070828814E+03


    5.55637478174167E+03    1.27971121005591E+03
    5.55622076202804E+03    1.28069763981021E+03
    5.55521960748775E+03    1.28057061682553E+03
    5.55637478174167E+03    1.27971121005591E+03


    5.55637478174167E+03    1.27971121005591E+03
    5.55521960748775E+03    1.28057061682553E+03
    5.55536654839115E+03    1.27958617909193E+03
    5.55637478174167E+03    1.27971121005591E+03


    5.55622076202804E+03    1.28069763981021E+03
    5.55607483655641E+03    1.28168501646289E+03
    5.55507874875881E+03    1.28156064072416E+03
    5.55622076202804E+03    1.28069763981021E+03


    5.55622076202804E+03    1.28069763981021E+03
    5.55507874875881E+03    1.28156064072416E+03
    5.55521960748775E+03    1.28057061682553E+03
    5.55622076202804E+03    1.28069763981021E+03


    5.55754783043536E+03    1.27884555934148E+03
    5.55737808953154E+03    1.27984697698393E+03
    5.55637478174167E+03    1.27971121005591E+03
    5.55754783043536E+03    1.27884555934148E+03


    5.55754783043536E+03    1.27884555934148E+03
    5.55637478174167E+03    1.27971121005591E+03
    5.55652257356941E+03    1.27873070828814E+03
    5.55754783043536E+03    1.27884555934148E+03


    5.55737808953154E+03    1.27984697698393E+03
    5.55722178684241E+03    1.28082907210463E+03
    5.55622076202804E+03    1.28069763981021E+03
    5.55737808953154E+03    1.27984697698393E+03


    5.55737808953154E+03    1.27984697698393E+03
    5.55622076202804E+03    1.28069763981021E+03
    5.55637478174167E+03    1.27971121005591E+03
    5.55737808953154E+03    1.27984697698393E+03


    5.56329628533835E+03    1.28228769499731E+03
    5.56502910120082E+03    1.28148583840501E+03
    5.56489330323235E+03    1.28249382419553E+03
    5.56329628533835E+03    1.28228769499731E+03


    5.56329628533835E+03    1.28228769499731E+03
    5.56343406528197E+03    1.28128001148149E+03
    5.56502910120082E+03    1.28148583840501E+03
    5.56329628533835E+03    1.28228769499731E+03


    5.56169455185835E+03    1.28209183650314E+03
    5.56343406528197E+03    1.28128001148149E+03
    5.56329628533835E+03    1.28228769499731E+03
    5.56169455185835E+03    1.28209183650314E+03


    5.56169455185835E+03    1.28209183650314E+03
    5.56183561666079E+03    1.28108718131020E+03
    5.56343406528197E+03    1.28128001148149E+03
    5.56169455185835E+03    1.28209183650314E+03


    5.56007800695448E+03    1.28190645903015E+03
    5.56183561666079E+03    1.28108718131020E+03
    5.56169455185835E+03    1.28209183650314E+03
    5.56007800695448E+03    1.28190645903015E+03


    5.56007800695448E+03    1.28190645903015E+03
    5.56023926953870E+03    1.28088751626884E+03
    5.56183561666079E+03    1.28108718131020E+03
    5.56007800695448E+03    1.28190645903015E+03


    5.56343406528197E+03    1.28128001148149E+03
    5.56516617245876E+03    1.28047304181612E+03
    5.56502910120082E+03    1.28148583840501E+03
    5.56343406528197E+03    1.28128001148149E+03


    5.56343406528197E+03    1.28128001148149E+03
    5.56357424315150E+03    1.28026885704621E+03
    5.56516617245876E+03    1.28047304181612E+03
    5.56343406528197E+03    1.28128001148149E+03


    5.56183561666079E+03    1.28108718131020E+03
    5.56357424315150E+03    1.28026885704621E+03
    5.56343406528197E+03    1.28128001148149E+03
    5.56183561666079E+03    1.28108718131020E+03


    5.56183561666079E+03    1.28108718131020E+03
    5.56198314714476E+03    1.28007760094655E+03
    5.56357424315150E+03    1.28026885704621E+03
    5.56183561666079E+03    1.28108718131020E+03


    5.56023926953870E+03    1.28088751626884E+03
    5.56198314714476E+03    1.28007760094655E+03
    5.56183561666079E+03    1.28108718131020E+03
    5.56023926953870E+03    1.28088751626884E+03


    5.56023926953870E+03    1.28088751626884E+03
    5.56039324910685E+03    1.27988160339229E+03
    5.56198314714476E+03    1.28007760094655E+03
    5.56023926953870E+03    1.28088751626884E+03


    5.56489330323235E+03    1.28249382419553E+03
    5.56481340811287E+03    1.28309711850465E+03
    5.56321631025621E+03    1.28289165177568E+03
    5.56489330323235E+03    1.28249382419553E+03


    5.56329628533835E+03    1.28228769499731E+03
    5.56489330323235E+03    1.28249382419553E+03
    5.56321631025621E+03    1.28289165177568E+03
    5.56329628533835E+03    1.28228769499731E+03


    5.56329628533835E+03    1.28228769499731E+03
    5.56321631025621E+03    1.28289165177568E+03
    5.56161783080432E+03    1.28269486325734E+03
    5.56329628533835E+03    1.28228769499731E+03


    5.56169455185835E+03    1.28209183650314E+03
    5.56329628533835E+03    1.28228769499731E+03
    5.56161783080432E+03    1.28269486325734E+03
    5.56169455185835E+03    1.28209183650314E+03


    5.56357424315150E+03    1.28026885704621E+03
    5.56530167367224E+03    1.27945453671937E+03
    5.56516617245876E+03    1.28047304181612E+03
    5.56357424315150E+03    1.28026885704621E+03


    5.56357424315150E+03    1.28026885704621E+03
    5.56371230815124E+03    1.27925349317767E+03
    5.56530167367224E+03    1.27945453671937E+03
    5.56357424315150E+03    1.28026885704621E+03


    5.56198314714476E+03    1.28007760094655E+03
    5.56371230815124E+03    1.27925349317767E+03
    5.56357424315150E+03    1.28026885704621E+03
    5.56198314714476E+03    1.28007760094655E+03


    5.56198314714476E+03    1.28007760094655E+03
    5.56212659031880E+03    1.27906614971074E+03
    5.56371230815124E+03    1.27925349317767E+03
    5.56198314714476E+03    1.28007760094655E+03


    5.56039324910685E+03    1.27988160339229E+03
    5.56212659031880E+03    1.27906614971074E+03
    5.56198314714476E+03    1.28007760094655E+03
    5.56039324910685E+03    1.27988160339229E+03


    5.56039324910685E+03    1.27988160339229E+03
    5.56055091151790E+03    1.27888563593150E+03
    5.56212659031880E+03    1.27906614971074E+03
    5.56039324910685E+03    1.27988160339229E+03


    5.56169455185835E+03    1.28209183650314E+03
    5.56161783080432E+03    1.28269486325734E+03
    5.56001252128216E+03    1.28251218756494E+03
    5.56169455185835E+03    1.28209183650314E+03


    5.56007800695448E+03    1.28190645903015E+03
    5.56169455185835E+03    1.28209183650314E+03
    5.56001252128216E+03    1.28251218756494E+03
    5.56007800695448E+03    1.28190645903015E+03


    5.55600389218420E+03    1.28228048941559E+03
    5.55706593086699E+03    1.28179909383433E+03
    5.55700471176827E+03    1.28239099617457E+03
    5.55600389218420E+03    1.28228048941559E+03


    5.55600389218420E+03    1.28228048941559E+03
    5.55607483655641E+03    1.28168501646289E+03
    5.55706593086699E+03    1.28179909383433E+03
    5.55600389218420E+03    1.28228048941559E+03


    5.55722178684241E+03    1.28082907210463E+03
    5.55706593086699E+03    1.28179909383433E+03
    5.55607483655641E+03    1.28168501646289E+03
    5.55722178684241E+03    1.28082907210463E+03


    5.55722178684241E+03    1.28082907210463E+03
    5.55607483655641E+03    1.28168501646289E+03
    5.55622076202804E+03    1.28069763981021E+03
    5.55722178684241E+03    1.28082907210463E+03


    5.55754783043536E+03    1.27884555934148E+03
    5.55861733086002E+03    1.27826821688005E+03
    5.55859368559277E+03    1.27886218654043E+03
    5.55754783043536E+03    1.27884555934148E+03


    5.55754783043536E+03    1.27884555934148E+03
    5.55760573931252E+03    1.27824722505229E+03
    5.55861733086002E+03    1.27826821688005E+03
    5.55754783043536E+03    1.27884555934148E+03


    5.55859368559277E+03    1.27886218654043E+03
    5.55962050888046E+03    1.27826204029893E+03
    5.55959375125668E+03    1.27886076752823E+03
    5.55859368559277E+03    1.27886218654043E+03


    5.55859368559277E+03    1.27886218654043E+03
    5.55861733086002E+03    1.27826821688005E+03
    5.55962050888046E+03    1.27826204029893E+03
    5.55859368559277E+03    1.27886218654043E+03


    5.55959375125668E+03    1.27886076752823E+03
    5.56061142990750E+03    1.27828587696386E+03
    5.56055091151790E+03    1.27888563593150E+03
    5.55959375125668E+03    1.27886076752823E+03


    5.55959375125668E+03    1.27886076752823E+03
    5.55962050888046E+03    1.27826204029893E+03
    5.56061142990750E+03    1.27828587696386E+03
    5.55959375125668E+03    1.27886076752823E+03


    5.55449761547588E+03    1.27847957467876E+03
    5.55558225241636E+03    1.27802242035342E+03
    5.55550721135695E+03    1.27860831023435E+03
    5.55449761547588E+03    1.27847957467876E+03


    5.55449761547588E+03    1.27847957467876E+03
    5.55457367429925E+03    1.27789620198020E+03
    5.55558225241636E+03    1.27802242035342E+03
    5.55449761547588E+03    1.27847957467876E+03


    5.55550721135695E+03    1.27860831023435E+03
    5.55659247018888E+03    1.27814285848156E+03
    5.55652257356941E+03    1.27873070828814E+03
    5.55550721135695E+03    1.27860831023435E+03


    5.55550721135695E+03    1.27860831023435E+03
    5.55558225241636E+03    1.27802242035342E+03
    5.55659247018888E+03    1.27814285848156E+03
    5.55550721135695E+03    1.27860831023435E+03


    5.56538059995008E+03    1.27884073990491E+03
    5.56530167367224E+03    1.27945453671937E+03
    5.56371230815124E+03    1.27925349317767E+03
    5.56538059995008E+03    1.27884073990491E+03


    5.56379171659213E+03    1.27864246958038E+03
    5.56538059995008E+03    1.27884073990491E+03
    5.56371230815124E+03    1.27925349317767E+03
    5.56379171659213E+03    1.27864246958038E+03


    5.56379171659213E+03    1.27864246958038E+03
    5.56371230815124E+03    1.27925349317767E+03
    5.56212659031880E+03    1.27906614971074E+03
    5.56379171659213E+03    1.27864246958038E+03


    5.56220240643446E+03    1.27845740076099E+03
    5.56379171659213E+03    1.27864246958038E+03
    5.56212659031880E+03    1.27906614971074E+03
    5.56220240643446E+03    1.27845740076099E+03


    5.56220240643446E+03    1.27845740076099E+03
    5.56212659031880E+03    1.27906614971074E+03
    5.56055091151790E+03    1.27888563593150E+03
    5.56220240643446E+03    1.27845740076099E+03


    5.56061142990750E+03    1.27828587696386E+03
    5.56220240643446E+03    1.27845740076099E+03
    5.56055091151790E+03    1.27888563593150E+03
    5.56061142990750E+03    1.27828587696386E+03


    5.55652257356941E+03    1.27873070828814E+03
    5.55760573931252E+03    1.27824722505229E+03
    5.55754783043536E+03    1.27884555934148E+03
    5.55652257356941E+03    1.27873070828814E+03


    5.55652257356941E+03    1.27873070828814E+03
    5.55659247018888E+03    1.27814285848156E+03
    5.55760573931252E+03    1.27824722505229E+03
    5.55652257356941E+03    1.27873070828814E+03


    5.55760573931252E+03    1.27824722505229E+03
    5.55865108037829E+03    1.27767117048294E+03
    5.55861733086002E+03    1.27826821688005E+03
    5.55760573931252E+03    1.27824722505229E+03


    5.55760573931252E+03    1.27824722505229E+03
    5.55765784475421E+03    1.27765422552436E+03
    5.55865108037829E+03    1.27767117048294E+03
    5.55760573931252E+03    1.27824722505229E+03


    5.55861733086002E+03    1.27826821688005E+03
    5.55965514087193E+03    1.27766409152431E+03
    5.55962050888046E+03    1.27826204029893E+03
    5.55861733086002E+03    1.27826821688005E+03


    5.55861733086002E+03    1.27826821688005E+03
    5.55865108037829E+03    1.27767117048294E+03
    5.55965514087193E+03    1.27766409152431E+03
    5.55861733086002E+03    1.27826821688005E+03


    5.55962050888046E+03    1.27826204029893E+03
    5.56066689101353E+03    1.27768524114327E+03
    5.56061142990750E+03    1.27828587696386E+03
    5.55962050888046E+03    1.27826204029893E+03


    5.55962050888046E+03    1.27826204029893E+03
    5.55965514087193E+03    1.27766409152431E+03
    5.56066689101353E+03    1.27768524114327E+03
    5.55962050888046E+03    1.27826204029893E+03


    5.55457367429925E+03    1.27789620198020E+03
    5.55565347581735E+03    1.27743576536888E+03
    5.55558225241636E+03    1.27802242035342E+03
    5.55457367429925E+03    1.27789620198020E+03


    5.55457367429925E+03    1.27789620198020E+03
    5.55464687313392E+03    1.27731158208959E+03
    5.55565347581735E+03    1.27743576536888E+03
    5.55457367429925E+03    1.27789620198020E+03


    5.55558225241636E+03    1.27802242035342E+03
    5.55665680144918E+03    1.27755370514062E+03
    5.55659247018888E+03    1.27814285848156E+03
    5.55558225241636E+03    1.27802242035342E+03


    5.55558225241636E+03    1.27802242035342E+03
    5.55565347581735E+03    1.27743576536888E+03
    5.55665680144918E+03    1.27755370514062E+03
    5.55558225241636E+03    1.27802242035342E+03


    5.56545841305660E+03    1.27822558950813E+03
    5.56538059995008E+03    1.27884073990491E+03
    5.56379171659213E+03    1.27864246958038E+03
    5.56545841305660E+03    1.27822558950813E+03


    5.56386964043169E+03    1.27803113093371E+03
    5.56545841305660E+03    1.27822558950813E+03
    5.56379171659213E+03    1.27864246958038E+03
    5.56386964043169E+03    1.27803113093371E+03


    5.56386964043169E+03    1.27803113093371E+03
    5.56379171659213E+03    1.27864246958038E+03
    5.56220240643446E+03    1.27845740076099E+03
    5.56386964043169E+03    1.27803113093371E+03


    5.56227470615468E+03    1.27785058873495E+03
    5.56386964043169E+03    1.27803113093371E+03
    5.56220240643446E+03    1.27845740076099E+03
    5.56227470615468E+03    1.27785058873495E+03


    5.56227470615468E+03    1.27785058873495E+03
    5.56220240643446E+03    1.27845740076099E+03
    5.56061142990750E+03    1.27828587696386E+03
    5.56227470615468E+03    1.27785058873495E+03


    5.56066689101353E+03    1.27768524114327E+03
    5.56227470615468E+03    1.27785058873495E+03
    5.56061142990750E+03    1.27828587696386E+03
    5.56066689101353E+03    1.27768524114327E+03


    5.55659247018888E+03    1.27814285848156E+03
    5.55765784475421E+03    1.27765422552436E+03
    5.55760573931252E+03    1.27824722505229E+03
    5.55659247018888E+03    1.27814285848156E+03


    5.55659247018888E+03    1.27814285848156E+03
    5.55665680144918E+03    1.27755370514062E+03
    5.55765784475421E+03    1.27765422552436E+03
    5.55659247018888E+03    1.27814285848156E+03


    5.55765784475421E+03    1.27765422552436E+03
    5.55867494430830E+03    1.27707332287864E+03
    5.55865108037829E+03    1.27767117048294E+03
    5.55765784475421E+03    1.27765422552436E+03


    5.55765784475421E+03    1.27765422552436E+03
    5.55771138311340E+03    1.27706421382972E+03
    5.55867494430830E+03    1.27707332287864E+03
    5.55765784475421E+03    1.27765422552436E+03


    5.55865108037829E+03    1.27767117048294E+03
    5.55967718179772E+03    1.27707006916635E+03
    5.55965514087193E+03    1.27766409152431E+03
    5.55865108037829E+03    1.27767117048294E+03


    5.55865108037829E+03    1.27767117048294E+03
    5.55867494430830E+03    1.27707332287864E+03
    5.55967718179772E+03    1.27707006916635E+03
    5.55865108037829E+03    1.27767117048294E+03


    5.55965514087193E+03    1.27766409152431E+03
    5.56072611661925E+03    1.27708134430085E+03
    5.56066689101353E+03    1.27768524114327E+03
    5.55965514087193E+03    1.27766409152431E+03


    5.55965514087193E+03    1.27766409152431E+03
    5.55967718179772E+03    1.27707006916635E+03
    5.56072611661925E+03    1.27708134430085E+03
    5.55965514087193E+03    1.27766409152431E+03


    5.55464687313392E+03    1.27731158208959E+03
    5.55572529335283E+03    1.27684839711173E+03
    5.55565347581735E+03    1.27743576536888E+03
    5.55464687313392E+03    1.27731158208959E+03


    5.55464687313392E+03    1.27731158208959E+03
    5.55472020790017E+03    1.27672583565136E+03
    5.55572529335283E+03    1.27684839711173E+03
    5.55464687313392E+03    1.27731158208959E+03


    5.55565347581735E+03    1.27743576536888E+03
    5.55672263564780E+03    1.27696305968002E+03
    5.55665680144918E+03    1.27755370514062E+03
    5.55565347581735E+03    1.27743576536888E+03


    5.55565347581735E+03    1.27743576536888E+03
    5.55572529335283E+03    1.27684839711173E+03
    5.55672263564780E+03    1.27696305968002E+03
    5.55565347581735E+03    1.27743576536888E+03


    5.55611143357633E+03    1.27394496961321E+03
    5.55599108345576E+03    1.27490569302042E+03
    5.55497888631424E+03    1.27479350118516E+03
    5.55611143357633E+03    1.27394496961321E+03


    5.55611143357633E+03    1.27394496961321E+03
    5.55497888631424E+03    1.27479350118516E+03
    5.55509552197444E+03    1.27384362140036E+03
    5.55611143357633E+03    1.27394496961321E+03


    5.55599108345576E+03    1.27490569302042E+03
    5.55585767526885E+03    1.27587372040770E+03
    5.55484977275282E+03    1.27575429738499E+03
    5.55599108345576E+03    1.27490569302042E+03


    5.55599108345576E+03    1.27490569302042E+03
    5.55484977275282E+03    1.27575429738499E+03
    5.55497888631424E+03    1.27479350118516E+03
    5.55599108345576E+03    1.27490569302042E+03


    5.55585767526885E+03    1.27587372040770E+03
    5.55572529335283E+03    1.27684839711173E+03
    5.55472020790017E+03    1.27672583565136E+03
    5.55585767526885E+03    1.27587372040770E+03


    5.55585767526885E+03    1.27587372040770E+03
    5.55472020790017E+03    1.27672583565136E+03
    5.55484977275282E+03    1.27575429738499E+03
    5.55585767526885E+03    1.27587372040770E+03


    5.55712952242040E+03    1.27403771313442E+03
    5.55700242278934E+03    1.27500904778387E+03
    5.55599108345576E+03    1.27490569302042E+03
    5.55712952242040E+03    1.27403771313442E+03


    5.55712952242040E+03    1.27403771313442E+03
    5.55599108345576E+03    1.27490569302042E+03
    5.55611143357633E+03    1.27394496961321E+03
    5.55712952242040E+03    1.27403771313442E+03


    5.55700242278934E+03    1.27500904778387E+03
    5.55686156447632E+03    1.27598535592720E+03
    5.55585767526885E+03    1.27587372040770E+03
    5.55700242278934E+03    1.27500904778387E+03


    5.55700242278934E+03    1.27500904778387E+03
    5.55585767526885E+03    1.27587372040770E+03
    5.55599108345576E+03    1.27490569302042E+03
    5.55700242278934E+03    1.27500904778387E+03


    5.55686156447632E+03    1.27598535592720E+03
    5.55672263564780E+03    1.27696305968002E+03
    5.55572529335283E+03    1.27684839711173E+03
    5.55686156447632E+03    1.27598535592720E+03


    5.55686156447632E+03    1.27598535592720E+03
    5.55572529335283E+03    1.27684839711173E+03
    5.55585767526885E+03    1.27587372040770E+03
    5.55686156447632E+03    1.27598535592720E+03


    5.55815408494308E+03    1.27412509104737E+03
    5.55800696263799E+03    1.27512411611270E+03
    5.55700242278934E+03    1.27500904778387E+03
    5.55815408494308E+03    1.27412509104737E+03


    5.55815408494308E+03    1.27412509104737E+03
    5.55700242278934E+03    1.27500904778387E+03
    5.55712952242040E+03    1.27403771313442E+03
    5.55815408494308E+03    1.27412509104737E+03


    5.55800696263799E+03    1.27512411611270E+03
    5.55786352415034E+03    1.27610170813741E+03
    5.55686156447632E+03    1.27598535592720E+03
    5.55800696263799E+03    1.27512411611270E+03


    5.55800696263799E+03    1.27512411611270E+03
    5.55686156447632E+03    1.27598535592720E+03
    5.55700242278934E+03    1.27500904778387E+03
    5.55800696263799E+03    1.27512411611270E+03


    5.56394699631403E+03    1.27741962880571E+03
    5.56566195827469E+03    1.27657779632833E+03
    5.56553509301066E+03    1.27760909492232E+03
    5.56394699631403E+03    1.27741962880571E+03


    5.56394699631403E+03    1.27741962880571E+03
    5.56407607935679E+03    1.27639893158575E+03
    5.56566195827469E+03    1.27657779632833E+03
    5.56394699631403E+03    1.27741962880571E+03


    5.56234781862057E+03    1.27724564608842E+03
    5.56407607935679E+03    1.27639893158575E+03
    5.56394699631403E+03    1.27741962880571E+03
    5.56234781862057E+03    1.27724564608842E+03


    5.56234781862057E+03    1.27724564608842E+03
    5.56248061390514E+03    1.27623838838118E+03
    5.56407607935679E+03    1.27639893158575E+03
    5.56234781862057E+03    1.27724564608842E+03


    5.56072611661925E+03    1.27708134430085E+03
    5.56248061390514E+03    1.27623838838118E+03
    5.56234781862057E+03    1.27724564608842E+03
    5.56072611661925E+03    1.27708134430085E+03


    5.56072611661925E+03    1.27708134430085E+03
    5.56088272588100E+03    1.27606713601468E+03
    5.56248061390514E+03    1.27623838838118E+03
    5.56072611661925E+03    1.27708134430085E+03


    5.56407607935679E+03    1.27639893158575E+03
    5.56578303360770E+03    1.27553952320494E+03
    5.56566195827469E+03    1.27657779632833E+03
    5.56407607935679E+03    1.27639893158575E+03


    5.56407607935679E+03    1.27639893158575E+03
    5.56420085816918E+03    1.27537378353743E+03
    5.56578303360770E+03    1.27553952320494E+03
    5.56407607935679E+03    1.27639893158575E+03


    5.56248061390514E+03    1.27623838838118E+03
    5.56420085816918E+03    1.27537378353743E+03
    5.56407607935679E+03    1.27639893158575E+03
    5.56248061390514E+03    1.27623838838118E+03


    5.56248061390514E+03    1.27623838838118E+03
    5.56261342889021E+03    1.27522589203039E+03
    5.56420085816918E+03    1.27537378353743E+03
    5.56248061390514E+03    1.27623838838118E+03


    5.56088272588100E+03    1.27606713601468E+03
    5.56261342889021E+03    1.27522589203039E+03
    5.56248061390514E+03    1.27623838838118E+03
    5.56088272588100E+03    1.27606713601468E+03


    5.56088272588100E+03    1.27606713601468E+03
    5.56102177174259E+03    1.27506989434440E+03
    5.56261342889021E+03    1.27522589203039E+03
    5.56088272588100E+03    1.27606713601468E+03


    5.56553509301066E+03    1.27760909492232E+03
    5.56545841305660E+03    1.27822558950813E+03
    5.56386964043169E+03    1.27803113093371E+03
    5.56553509301066E+03    1.27760909492232E+03


    5.56394699631403E+03    1.27741962880571E+03
    5.56553509301066E+03    1.27760909492232E+03
    5.56386964043169E+03    1.27803113093371E+03
    5.56394699631403E+03    1.27741962880571E+03


    5.56394699631403E+03    1.27741962880571E+03
    5.56386964043169E+03    1.27803113093371E+03
    5.56227470615468E+03    1.27785058873495E+03
    5.56394699631403E+03    1.27741962880571E+03


    5.56234781862057E+03    1.27724564608842E+03
    5.56394699631403E+03    1.27741962880571E+03
    5.56227470615468E+03    1.27785058873495E+03
    5.56234781862057E+03    1.27724564608842E+03


    5.56420085816918E+03    1.27537378353743E+03
    5.56589513068729E+03    1.27449326191916E+03
    5.56578303360770E+03    1.27553952320494E+03
    5.56420085816918E+03    1.27537378353743E+03


    5.56420085816918E+03    1.27537378353743E+03
    5.56431558976707E+03    1.27434357157842E+03
    5.56589513068729E+03    1.27449326191916E+03
    5.56420085816918E+03    1.27537378353743E+03


    5.56261342889021E+03    1.27522589203039E+03
    5.56431558976707E+03    1.27434357157842E+03
    5.56420085816918E+03    1.27537378353743E+03
    5.56261342889021E+03    1.27522589203039E+03


    5.56261342889021E+03    1.27522589203039E+03
    5.56273347644651E+03    1.27421211617631E+03
    5.56431558976707E+03    1.27434357157842E+03
    5.56261342889021E+03    1.27522589203039E+03


    5.56102177174259E+03    1.27506989434440E+03
    5.56273347644651E+03    1.27421211617631E+03
    5.56261342889021E+03    1.27522589203039E+03
    5.56102177174259E+03    1.27506989434440E+03


    5.56102177174259E+03    1.27506989434440E+03
    5.56115442400425E+03    1.27408571823784E+03
    5.56273347644651E+03    1.27421211617631E+03
    5.56102177174259E+03    1.27506989434440E+03


    5.56234781862057E+03    1.27724564608842E+03
    5.56227470615468E+03    1.27785058873495E+03
    5.56066689101353E+03    1.27768524114327E+03
    5.56234781862057E+03    1.27724564608842E+03


    5.56072611661925E+03    1.27708134430085E+03
    5.56234781862057E+03    1.27724564608842E+03
    5.56066689101353E+03    1.27768524114327E+03
    5.56072611661925E+03    1.27708134430085E+03


    5.55665680144918E+03    1.27755370514062E+03
    5.55771138311340E+03    1.27706421382972E+03
    5.55765784475421E+03    1.27765422552436E+03
    5.55665680144918E+03    1.27755370514062E+03


    5.55665680144918E+03    1.27755370514062E+03
    5.55672263564780E+03    1.27696305968002E+03
    5.55771138311340E+03    1.27706421382972E+03
    5.55665680144918E+03    1.27755370514062E+03


    5.55786352415034E+03    1.27610170813741E+03
    5.55771138311340E+03    1.27706421382972E+03
    5.55672263564780E+03    1.27696305968002E+03
    5.55786352415034E+03    1.27610170813741E+03


    5.55786352415034E+03    1.27610170813741E+03
    5.55672263564780E+03    1.27696305968002E+03
    5.55686156447632E+03    1.27598535592720E+03
    5.55786352415034E+03    1.27610170813741E+03


    5.55815408494308E+03    1.27412509104737E+03
    5.55920299968739E+03    1.27352311035579E+03
    5.55919470905995E+03    1.27411793271444E+03
    5.55815408494308E+03    1.27412509104737E+03


    5.55815408494308E+03    1.27412509104737E+03
    5.55819508750213E+03    1.27352609651642E+03
    5.55920299968739E+03    1.27352311035579E+03
    5.55815408494308E+03    1.27412509104737E+03


    5.55919470905995E+03    1.27411793271444E+03
    5.56020398354890E+03    1.27349532638612E+03
    5.56019365496004E+03    1.27409353707197E+03
    5.55919470905995E+03    1.27411793271444E+03


    5.55919470905995E+03    1.27411793271444E+03
    5.55920299968739E+03    1.27352311035579E+03
    5.56020398354890E+03    1.27349532638612E+03
    5.55919470905995E+03    1.27411793271444E+03


    5.56019365496004E+03    1.27409353707197E+03
    5.56119667593476E+03    1.27349137469571E+03
    5.56115442400425E+03    1.27408571823784E+03
    5.56019365496004E+03    1.27409353707197E+03


    5.56019365496004E+03    1.27409353707197E+03
    5.56020398354890E+03    1.27349532638612E+03
    5.56119667593476E+03    1.27349137469571E+03
    5.56019365496004E+03    1.27409353707197E+03


    5.55509552197444E+03    1.27384362140036E+03
    5.55617110258024E+03    1.27336982629459E+03
    5.55611143357633E+03    1.27394496961321E+03
    5.55509552197444E+03    1.27384362140036E+03


    5.55509552197444E+03    1.27384362140036E+03
    5.55515604504980E+03    1.27327686534477E+03
    5.55617110258024E+03    1.27336982629459E+03
    5.55509552197444E+03    1.27384362140036E+03


    5.55611143357633E+03    1.27394496961321E+03
    5.55718376777465E+03    1.27345460090028E+03
    5.55712952242040E+03    1.27403771313442E+03
    5.55611143357633E+03    1.27394496961321E+03


    5.55611143357633E+03    1.27394496961321E+03
    5.55617110258024E+03    1.27336982629459E+03
    5.55718376777465E+03    1.27345460090028E+03
    5.55611143357633E+03    1.27394496961321E+03


    5.56595478164703E+03    1.27386157670705E+03
    5.56589513068729E+03    1.27449326191916E+03
    5.56431558976707E+03    1.27434357157842E+03
    5.56595478164703E+03    1.27386157670705E+03


    5.56437663067612E+03    1.27372322802648E+03
    5.56595478164703E+03    1.27386157670705E+03
    5.56431558976707E+03    1.27434357157842E+03
    5.56437663067612E+03    1.27372322802648E+03


    5.56437663067612E+03    1.27372322802648E+03
    5.56431558976707E+03    1.27434357157842E+03
    5.56273347644651E+03    1.27421211617631E+03
    5.56437663067612E+03    1.27372322802648E+03


    5.56279081788840E+03    1.27360233355801E+03
    5.56437663067612E+03    1.27372322802648E+03
    5.56273347644651E+03    1.27421211617631E+03
    5.56279081788840E+03    1.27360233355801E+03


    5.56279081788840E+03    1.27360233355801E+03
    5.56273347644651E+03    1.27421211617631E+03
    5.56115442400425E+03    1.27408571823784E+03
    5.56279081788840E+03    1.27360233355801E+03


    5.56119667593476E+03    1.27349137469571E+03
    5.56279081788840E+03    1.27360233355801E+03
    5.56115442400425E+03    1.27408571823784E+03
    5.56119667593476E+03    1.27349137469571E+03


    5.55712952242040E+03    1.27403771313442E+03
    5.55819508750213E+03    1.27352609651642E+03
    5.55815408494308E+03    1.27412509104737E+03
    5.55712952242040E+03    1.27403771313442E+03


    5.55712952242040E+03    1.27403771313442E+03
    5.55718376777465E+03    1.27345460090028E+03
    5.55819508750213E+03    1.27352609651642E+03
    5.55712952242040E+03    1.27403771313442E+03


    5.55819508750213E+03    1.27352609651642E+03
    5.55922049612310E+03    1.27292507030856E+03
    5.55920299968739E+03    1.27352311035579E+03
    5.55819508750213E+03    1.27352609651642E+03


    5.55819508750213E+03    1.27352609651642E+03
    5.55822919327702E+03    1.27293129265916E+03
    5.55922049612310E+03    1.27292507030856E+03
    5.55819508750213E+03    1.27352609651642E+03


    5.55920299968739E+03    1.27352311035579E+03
    5.56022176898232E+03    1.27289798728326E+03
    5.56020398354890E+03    1.27349532638612E+03
    5.55920299968739E+03    1.27352311035579E+03


    5.55920299968739E+03    1.27352311035579E+03
    5.55922049612310E+03    1.27292507030856E+03
    5.56022176898232E+03    1.27289798728326E+03
    5.55920299968739E+03    1.27352311035579E+03


    5.56020398354890E+03    1.27349532638612E+03
    5.56123267882705E+03    1.27289663654018E+03
    5.56119667593476E+03    1.27349137469571E+03
    5.56020398354890E+03    1.27349532638612E+03


    5.56020398354890E+03    1.27349532638612E+03
    5.56022176898232E+03    1.27289798728326E+03
    5.56123267882705E+03    1.27289663654018E+03
    5.56020398354890E+03    1.27349532638612E+03


    5.55515604504980E+03    1.27327686534477E+03
    5.55622368453186E+03    1.27279433262337E+03
    5.55617110258024E+03    1.27336982629459E+03
    5.55515604504980E+03    1.27327686534477E+03


    5.55515604504980E+03    1.27327686534477E+03
    5.55521022978772E+03    1.27271022240269E+03
    5.55622368453186E+03    1.27279433262337E+03
    5.55515604504980E+03    1.27327686534477E+03


    5.55617110258024E+03    1.27336982629459E+03
    5.55722981333405E+03    1.27286978077769E+03
    5.55718376777465E+03    1.27345460090028E+03
    5.55617110258024E+03    1.27336982629459E+03


    5.55617110258024E+03    1.27336982629459E+03
    5.55622368453186E+03    1.27279433262337E+03
    5.55722981333405E+03    1.27286978077769E+03
    5.55617110258024E+03    1.27336982629459E+03


    5.56601015361245E+03    1.27322786683674E+03
    5.56595478164703E+03    1.27386157670705E+03
    5.56437663067612E+03    1.27372322802648E+03
    5.56601015361245E+03    1.27322786683674E+03


    5.56443281806893E+03    1.27310228332554E+03
    5.56601015361245E+03    1.27322786683674E+03
    5.56437663067612E+03    1.27372322802648E+03
    5.56443281806893E+03    1.27310228332554E+03


    5.56443281806893E+03    1.27310228332554E+03
    5.56437663067612E+03    1.27372322802648E+03
    5.56279081788840E+03    1.27360233355801E+03
    5.56443281806893E+03    1.27310228332554E+03


    5.56284176023561E+03    1.27299461747417E+03
    5.56443281806893E+03    1.27310228332554E+03
    5.56279081788840E+03    1.27360233355801E+03
    5.56284176023561E+03    1.27299461747417E+03


    5.56284176023561E+03    1.27299461747417E+03
    5.56279081788840E+03    1.27360233355801E+03
    5.56119667593476E+03    1.27349137469571E+03
    5.56284176023561E+03    1.27299461747417E+03


    5.56123267882705E+03    1.27289663654018E+03
    5.56284176023561E+03    1.27299461747417E+03
    5.56119667593476E+03    1.27349137469571E+03
    5.56123267882705E+03    1.27289663654018E+03


    5.55718376777465E+03    1.27345460090028E+03
    5.55822919327702E+03    1.27293129265916E+03
    5.55819508750213E+03    1.27352609651642E+03
    5.55718376777465E+03    1.27345460090028E+03


    5.55718376777465E+03    1.27345460090028E+03
    5.55722981333405E+03    1.27286978077769E+03
    5.55822919327702E+03    1.27293129265916E+03
    5.55718376777465E+03    1.27345460090028E+03


    5.55822919327702E+03    1.27293129265916E+03
    5.55922904858610E+03    1.27232644516438E+03
    5.55922049612310E+03    1.27292507030856E+03
    5.55822919327702E+03    1.27293129265916E+03


    5.55822919327702E+03    1.27293129265916E+03
    5.55826262053265E+03    1.27233831415337E+03
    5.55922904858610E+03    1.27232644516438E+03
    5.55822919327702E+03    1.27293129265916E+03


    5.55922049612310E+03    1.27292507030856E+03
    5.56022998221234E+03    1.27230311818875E+03
    5.56022176898232E+03    1.27289798728326E+03
    5.55922049612310E+03    1.27292507030856E+03


    5.55922049612310E+03    1.27292507030856E+03
    5.55922904858610E+03    1.27232644516438E+03
    5.56022998221234E+03    1.27230311818875E+03
    5.55922049612310E+03    1.27292507030856E+03


    5.56022176898232E+03    1.27289798728326E+03
    5.56126992465815E+03    1.27229983032131E+03
    5.56123267882705E+03    1.27289663654018E+03
    5.56022176898232E+03    1.27289798728326E+03


    5.56022176898232E+03    1.27289798728326E+03
    5.56022998221234E+03    1.27230311818875E+03
    5.56126992465815E+03    1.27229983032131E+03
    5.56022176898232E+03    1.27289798728326E+03


    5.55521022978772E+03    1.27271022240269E+03
    5.55627277462182E+03    1.27221868651833E+03
    5.55622368453186E+03    1.27279433262337E+03
    5.55521022978772E+03    1.27271022240269E+03


    5.55521022978772E+03    1.27271022240269E+03
    5.55526075008587E+03    1.27214390087915E+03
    5.55627277462182E+03    1.27221868651833E+03
    5.55521022978772E+03    1.27271022240269E+03


    5.55622368453186E+03    1.27279433262337E+03
    5.55727377901513E+03    1.27228340043008E+03
    5.55722981333405E+03    1.27286978077769E+03
    5.55622368453186E+03    1.27279433262337E+03


    5.55622368453186E+03    1.27279433262337E+03
    5.55627277462182E+03    1.27221868651833E+03
    5.55727377901513E+03    1.27228340043008E+03
    5.55622368453186E+03    1.27279433262337E+03


    5.55646630155454E+03    1.26936506476346E+03
    5.55642260886138E+03    1.27031383630783E+03
    5.55540847421629E+03    1.27027915095304E+03
    5.55646630155454E+03    1.26936506476346E+03


    5.55646630155454E+03    1.26936506476346E+03
    5.55540847421629E+03    1.27027915095304E+03
    5.55546630155454E+03    1.26936506476346E+03
    5.55646630155454E+03    1.26936506476346E+03


    5.55642260886138E+03    1.27031383630783E+03
    5.55635421367865E+03    1.27126370741075E+03
    5.55533990692470E+03    1.27120552354446E+03
    5.55642260886138E+03    1.27031383630783E+03


    5.55642260886138E+03    1.27031383630783E+03
    5.55533990692470E+03    1.27120552354446E+03
    5.55540847421629E+03    1.27027915095304E+03
    5.55642260886138E+03    1.27031383630783E+03


    5.55635421367865E+03    1.27126370741075E+03
    5.55627277462182E+03    1.27221868651833E+03
    5.55526075008587E+03    1.27214390087915E+03
    5.55635421367865E+03    1.27126370741075E+03


    5.55635421367865E+03    1.27126370741075E+03
    5.55526075008587E+03    1.27214390087915E+03
    5.55533990692470E+03    1.27120552354446E+03
    5.55635421367865E+03    1.27126370741075E+03


    5.55746630155454E+03    1.26936506476346E+03
    5.55742943923600E+03    1.27033950088697E+03
    5.55642260886138E+03    1.27031383630783E+03
    5.55746630155454E+03    1.26936506476346E+03


    5.55746630155454E+03    1.26936506476346E+03
    5.55642260886138E+03    1.27031383630783E+03
    5.55646630155454E+03    1.26936506476346E+03
    5.55746630155454E+03    1.26936506476346E+03


    5.55742943923600E+03    1.27033950088697E+03
    5.55736038227464E+03    1.27131136149971E+03
    5.55635421367865E+03    1.27126370741075E+03
    5.55742943923600E+03    1.27033950088697E+03


    5.55742943923600E+03    1.27033950088697E+03
    5.55635421367865E+03    1.27126370741075E+03
    5.55642260886138E+03    1.27031383630783E+03
    5.55742943923600E+03    1.27033950088697E+03


    5.55736038227464E+03    1.27131136149971E+03
    5.55727377901513E+03    1.27228340043008E+03
    5.55627277462182E+03    1.27221868651833E+03
    5.55736038227464E+03    1.27131136149971E+03


    5.55736038227464E+03    1.27131136149971E+03
    5.55627277462182E+03    1.27221868651833E+03
    5.55635421367865E+03    1.27126370741075E+03
    5.55736038227464E+03    1.27131136149971E+03


    5.55846630155454E+03    1.26936506476346E+03
    5.55843003593115E+03    1.27037195619653E+03
    5.55742943923600E+03    1.27033950088697E+03
    5.55846630155454E+03    1.26936506476346E+03


    5.55846630155454E+03    1.26936506476346E+03
    5.55742943923600E+03    1.27033950088697E+03
    5.55746630155454E+03    1.26936506476346E+03
    5.55846630155454E+03    1.26936506476346E+03


    5.55843003593115E+03    1.27037195619653E+03
    5.55836082353731E+03    1.27136335592406E+03
    5.55736038227464E+03    1.27131136149971E+03
    5.55843003593115E+03    1.27037195619653E+03


    5.55843003593115E+03    1.27037195619653E+03
    5.55736038227464E+03    1.27131136149971E+03
    5.55742943923600E+03    1.27033950088697E+03
    5.55843003593115E+03    1.27037195619653E+03


    5.56448496786464E+03    1.27248083132753E+03
    5.56613926327455E+03    1.27152778922681E+03
    5.56606084043859E+03    1.27259219690428E+03
    5.56448496786464E+03    1.27248083132753E+03


    5.56448496786464E+03    1.27248083132753E+03
    5.56456396143893E+03    1.27144345764753E+03
    5.56613926327455E+03    1.27152778922681E+03
    5.56448496786464E+03    1.27248083132753E+03


    5.56288983994538E+03    1.27238881273415E+03
    5.56456396143893E+03    1.27144345764753E+03
    5.56448496786464E+03    1.27248083132753E+03
    5.56288983994538E+03    1.27238881273415E+03


    5.56288983994538E+03    1.27238881273415E+03
    5.56296877967087E+03    1.27138109361886E+03
    5.56456396143893E+03    1.27144345764753E+03
    5.56288983994538E+03    1.27238881273415E+03


    5.56126992465815E+03    1.27229983032131E+03
    5.56296877967087E+03    1.27138109361886E+03
    5.56288983994538E+03    1.27238881273415E+03
    5.56126992465815E+03    1.27229983032131E+03


    5.56126992465815E+03    1.27229983032131E+03
    5.56136401778690E+03    1.27130770641298E+03
    5.56296877967087E+03    1.27138109361886E+03
    5.56126992465815E+03    1.27229983032131E+03


    5.56456396143893E+03    1.27144345764753E+03
    5.56620511016266E+03    1.27045373030313E+03
    5.56613926327455E+03    1.27152778922681E+03
    5.56456396143893E+03    1.27144345764753E+03


    5.56456396143893E+03    1.27144345764753E+03
    5.56462801423653E+03    1.27040314250262E+03
    5.56620511016266E+03    1.27045373030313E+03
    5.56456396143893E+03    1.27144345764753E+03


    5.56296877967087E+03    1.27138109361886E+03
    5.56462801423653E+03    1.27040314250262E+03
    5.56456396143893E+03    1.27144345764753E+03
    5.56296877967087E+03    1.27138109361886E+03


    5.56296877967087E+03    1.27138109361886E+03
    5.56303149638616E+03    1.27037206971608E+03
    5.56462801423653E+03    1.27040314250262E+03
    5.56296877967087E+03    1.27138109361886E+03


    5.56136401778690E+03    1.27130770641298E+03
    5.56303149638616E+03    1.27037206971608E+03
    5.56296877967087E+03    1.27138109361886E+03
    5.56136401778690E+03    1.27130770641298E+03


    5.56136401778690E+03    1.27130770641298E+03
    5.56142776529993E+03    1.27033104826192E+03
    5.56303149638616E+03    1.27037206971608E+03
    5.56136401778690E+03    1.27130770641298E+03


    5.56606084043859E+03    1.27259219690428E+03
    5.56601015361245E+03    1.27322786683674E+03
    5.56443281806893E+03    1.27310228332554E+03
    5.56606084043859E+03    1.27259219690428E+03


    5.56448496786464E+03    1.27248083132753E+03
    5.56606084043859E+03    1.27259219690428E+03
    5.56443281806893E+03    1.27310228332554E+03
    5.56448496786464E+03    1.27248083132753E+03


    5.56448496786464E+03    1.27248083132753E+03
    5.56443281806893E+03    1.27310228332554E+03
    5.56284176023561E+03    1.27299461747417E+03
    5.56448496786464E+03    1.27248083132753E+03


    5.56288983994538E+03    1.27238881273415E+03
    5.56448496786464E+03    1.27248083132753E+03
    5.56284176023561E+03    1.27299461747417E+03
    5.56288983994538E+03    1.27238881273415E+03


    5.56462801423653E+03    1.27040314250262E+03
    5.56626630155455E+03    1.26936506476346E+03
    5.56620511016266E+03    1.27045373030313E+03
    5.56462801423653E+03    1.27040314250262E+03


    5.56462801423653E+03    1.27040314250262E+03
    5.56466630155455E+03    1.26936506476346E+03
    5.56626630155455E+03    1.26936506476346E+03
    5.56462801423653E+03    1.27040314250262E+03


    5.56303149638616E+03    1.27037206971608E+03
    5.56466630155455E+03    1.26936506476346E+03
    5.56462801423653E+03    1.27040314250262E+03
    5.56303149638616E+03    1.27037206971608E+03


    5.56303149638616E+03    1.27037206971608E+03
    5.56306630155455E+03    1.26936506476346E+03
    5.56466630155455E+03    1.26936506476346E+03
    5.56303149638616E+03    1.27037206971608E+03


    5.56142776529993E+03    1.27033104826192E+03
    5.56306630155455E+03    1.26936506476346E+03
    5.56303149638616E+03    1.27037206971608E+03
    5.56142776529993E+03    1.27033104826192E+03


    5.56142776529993E+03    1.27033104826192E+03
    5.56146630155455E+03    1.26936506476346E+03
    5.56306630155455E+03    1.26936506476346E+03
    5.56142776529993E+03    1.27033104826192E+03


    5.56288983994538E+03    1.27238881273415E+03
    5.56284176023561E+03    1.27299461747417E+03
    5.56123267882705E+03    1.27289663654018E+03
    5.56288983994538E+03    1.27238881273415E+03


    5.56126992465815E+03    1.27229983032131E+03
    5.56288983994538E+03    1.27238881273415E+03
    5.56123267882705E+03    1.27289663654018E+03
    5.56126992465815E+03    1.27229983032131E+03


    5.55722981333405E+03    1.27286978077769E+03
    5.55826262053265E+03    1.27233831415337E+03
    5.55822919327702E+03    1.27293129265916E+03
    5.55722981333405E+03    1.27286978077769E+03


    5.55722981333405E+03    1.27286978077769E+03
    5.55727377901513E+03    1.27228340043008E+03
    5.55826262053265E+03    1.27233831415337E+03
    5.55722981333405E+03    1.27286978077769E+03


    5.55836082353731E+03    1.27136335592406E+03
    5.55826262053265E+03    1.27233831415337E+03
    5.55727377901513E+03    1.27228340043008E+03
    5.55836082353731E+03    1.27136335592406E+03


    5.55836082353731E+03    1.27136335592406E+03
    5.55727377901513E+03    1.27228340043008E+03
    5.55736038227464E+03    1.27131136149971E+03
    5.55836082353731E+03    1.27136335592406E+03


