# Gnuplot Deformed Mesh Archive
# X_deformed              Y_deformed
    5.55653722807066E+03    1.28836715143367E+03
    5.55758714910524E+03    1.28783086777634E+03
    5.55754692446791E+03    1.28842939860469E+03
    5.55653722807066E+03    1.28836715143367E+03


    5.55653722807066E+03    1.28836715143367E+03
    5.55658343543220E+03    1.28776969322089E+03
    5.55758714910524E+03    1.28783086777634E+03
    5.55653722807066E+03    1.28836715143367E+03


    5.55754692446791E+03    1.28842939860469E+03
    5.55858712231086E+03    1.28788525006964E+03
    5.55854545816945E+03    1.28848555117779E+03
    5.55754692446791E+03    1.28842939860469E+03


    5.55754692446791E+03    1.28842939860469E+03
    5.55758714910524E+03    1.28783086777634E+03
    5.55858712231086E+03    1.28788525006964E+03
    5.55754692446791E+03    1.28842939860469E+03


    5.55854545816945E+03    1.28848555117779E+03
    5.55958263917531E+03    1.28795022390360E+03
    5.55953262227647E+03    1.28855232434048E+03
    5.55854545816945E+03    1.28848555117779E+03


    5.55854545816945E+03    1.28848555117779E+03
    5.55858712231086E+03    1.28788525006964E+03
    5.55958263917531E+03    1.28795022390360E+03
    5.55854545816945E+03    1.28848555117779E+03


    5.55351372355906E+03    1.28808220468683E+03
    5.55457399164272E+03    1.28758313298398E+03
    5.55451598962883E+03    1.28818289965678E+03
    5.55351372355906E+03    1.28808220468683E+03


    5.55351372355906E+03    1.28808220468683E+03
    5.55357304493303E+03    1.28748186877278E+03
    5.55457399164272E+03    1.28758313298398E+03
    5.55351372355906E+03    1.28808220468683E+03


    5.55451598962883E+03    1.28818289965678E+03
    5.55557739379825E+03    1.28768207416354E+03
    5.55552369897570E+03    1.28828086830730E+03
    5.55451598962883E+03    1.28818289965678E+03


    5.55451598962883E+03    1.28818289965678E+03
    5.55457399164272E+03    1.28758313298398E+03
    5.55557739379825E+03    1.28768207416354E+03
    5.55451598962883E+03    1.28818289965678E+03


    5.56436759149861E+03    1.28844261766859E+03
    5.56430349689382E+03    1.28904285049156E+03
    5.56270611240138E+03    1.28887033576066E+03
    5.56436759149861E+03    1.28844261766859E+03


    5.56276923493731E+03    1.28826961800308E+03
    5.56436759149861E+03    1.28844261766859E+03
    5.56270611240138E+03    1.28887033576066E+03
    5.56276923493731E+03    1.28826961800308E+03


    5.56276923493731E+03    1.28826961800308E+03
    5.56270611240138E+03    1.28887033576066E+03
    5.56111566385770E+03    1.28870260712435E+03
    5.56276923493731E+03    1.28826961800308E+03


    5.56117460968589E+03    1.28810116598503E+03
    5.56276923493731E+03    1.28826961800308E+03
    5.56111566385770E+03    1.28870260712435E+03
    5.56117460968589E+03    1.28810116598503E+03


    5.56117460968589E+03    1.28810116598503E+03
    5.56111566385770E+03    1.28870260712435E+03
    5.55953262227647E+03    1.28855232434048E+03
    5.56117460968589E+03    1.28810116598503E+03


    5.55958263917531E+03    1.28795022390360E+03
    5.56117460968589E+03    1.28810116598503E+03
    5.55953262227647E+03    1.28855232434048E+03
    5.55958263917531E+03    1.28795022390360E+03


    5.55552369897570E+03    1.28828086830730E+03
    5.55658343543220E+03    1.28776969322089E+03
    5.55653722807066E+03    1.28836715143367E+03
    5.55552369897570E+03    1.28828086830730E+03


    5.55552369897570E+03    1.28828086830730E+03
    5.55557739379825E+03    1.28768207416354E+03
    5.55658343543220E+03    1.28776969322089E+03
    5.55552369897570E+03    1.28828086830730E+03


    5.55658343543220E+03    1.28776969322089E+03
    5.55763036046900E+03    1.28723230054027E+03
    5.55758714910524E+03    1.28783086777634E+03
    5.55658343543220E+03    1.28776969322089E+03


    5.55658343543220E+03    1.28776969322089E+03
    5.55663224618762E+03    1.28717324302180E+03
    5.55763036046900E+03    1.28723230054027E+03
    5.55658343543220E+03    1.28776969322089E+03


    5.55758714910524E+03    1.28783086777634E+03
    5.55863144669411E+03    1.28728521987606E+03
    5.55858712231086E+03    1.28788525006964E+03
    5.55758714910524E+03    1.28783086777634E+03


    5.55758714910524E+03    1.28783086777634E+03
    5.55763036046900E+03    1.28723230054027E+03
    5.55863144669411E+03    1.28728521987606E+03
    5.55758714910524E+03    1.28783086777634E+03


    5.55858712231086E+03    1.28788525006964E+03
    5.55963391792080E+03    1.28734756298929E+03
    5.55958263917531E+03    1.28795022390360E+03
    5.55858712231086E+03    1.28788525006964E+03


    5.55858712231086E+03    1.28788525006964E+03
    5.55863144669411E+03    1.28728521987606E+03
    5.55963391792080E+03    1.28734756298929E+03
    5.55858712231086E+03    1.28788525006964E+03


    5.55357304493303E+03    1.28748186877278E+03
    5.55463150456416E+03    1.28698276518412E+03
    5.55457399164272E+03    1.28758313298398E+03
    5.55357304493303E+03    1.28748186877278E+03


    5.55357304493303E+03    1.28748186877278E+03
    5.55363182588432E+03    1.28688030122163E+03
    5.55463150456416E+03    1.28698276518412E+03
    5.55357304493303E+03    1.28748186877278E+03


    5.55457399164272E+03    1.28758313298398E+03
    5.55563141338470E+03    1.28708294215459E+03
    5.55557739379825E+03    1.28768207416354E+03
    5.55457399164272E+03    1.28758313298398E+03


    5.55457399164272E+03    1.28758313298398E+03
    5.55463150456416E+03    1.28698276518412E+03
    5.55563141338470E+03    1.28708294215459E+03
    5.55457399164272E+03    1.28758313298398E+03


    5.56443167880168E+03    1.28784278837136E+03
    5.56436759149861E+03    1.28844261766859E+03
    5.56276923493731E+03    1.28826961800308E+03
    5.56443167880168E+03    1.28784278837136E+03


    5.56283225296924E+03    1.28766927519843E+03
    5.56443167880168E+03    1.28784278837136E+03
    5.56276923493731E+03    1.28826961800308E+03
    5.56283225296924E+03    1.28766927519843E+03


    5.56283225296924E+03    1.28766927519843E+03
    5.56276923493731E+03    1.28826961800308E+03
    5.56117460968589E+03    1.28810116598503E+03
    5.56283225296924E+03    1.28766927519843E+03


    5.56123379304666E+03    1.28750039227927E+03
    5.56283225296924E+03    1.28766927519843E+03
    5.56117460968589E+03    1.28810116598503E+03
    5.56123379304666E+03    1.28750039227927E+03


    5.56123379304666E+03    1.28750039227927E+03
    5.56117460968589E+03    1.28810116598503E+03
    5.55958263917531E+03    1.28795022390360E+03
    5.56123379304666E+03    1.28750039227927E+03


    5.55963391792080E+03    1.28734756298929E+03
    5.56123379304666E+03    1.28750039227927E+03
    5.55958263917531E+03    1.28795022390360E+03
    5.55963391792080E+03    1.28734756298929E+03


    5.55557739379825E+03    1.28768207416354E+03
    5.55663224618762E+03    1.28717324302180E+03
    5.55658343543220E+03    1.28776969322089E+03
    5.55557739379825E+03    1.28768207416354E+03


    5.55557739379825E+03    1.28768207416354E+03
    5.55563141338470E+03    1.28708294215459E+03
    5.55663224618762E+03    1.28717324302180E+03
    5.55557739379825E+03    1.28768207416354E+03


    5.55663224618762E+03    1.28717324302180E+03
    5.55767093482517E+03    1.28663332247370E+03
    5.55763036046900E+03    1.28723230054027E+03
    5.55663224618762E+03    1.28717324302180E+03


    5.55663224618762E+03    1.28717324302180E+03
    5.55668396942797E+03    1.28657779303595E+03
    5.55767093482517E+03    1.28663332247370E+03
    5.55663224618762E+03    1.28717324302180E+03


    5.55763036046900E+03    1.28723230054027E+03
    5.55867136998355E+03    1.28668709371303E+03
    5.55863144669411E+03    1.28728521987606E+03
    5.55763036046900E+03    1.28723230054027E+03


    5.55763036046900E+03    1.28723230054027E+03
    5.55767093482517E+03    1.28663332247370E+03
    5.55867136998355E+03    1.28668709371303E+03
    5.55763036046900E+03    1.28723230054027E+03


    5.55863144669411E+03    1.28728521987606E+03
    5.55968828613605E+03    1.28674355147329E+03
    5.55963391792080E+03    1.28734756298929E+03
    5.55863144669411E+03    1.28728521987606E+03


    5.55863144669411E+03    1.28728521987606E+03
    5.55867136998355E+03    1.28668709371303E+03
    5.55968828613605E+03    1.28674355147329E+03
    5.55863144669411E+03    1.28728521987606E+03


    5.55363182588432E+03    1.28688030122163E+03
    5.55469096957587E+03    1.28638196834477E+03
    5.55463150456416E+03    1.28698276518412E+03
    5.55363182588432E+03    1.28688030122163E+03


    5.55363182588432E+03    1.28688030122163E+03
    5.55369206909095E+03    1.28627758394597E+03
    5.55469096957587E+03    1.28638196834477E+03
    5.55363182588432E+03    1.28688030122163E+03


    5.55463150456416E+03    1.28698276518412E+03
    5.55568819567863E+03    1.28648346976459E+03
    5.55563141338470E+03    1.28708294215459E+03
    5.55463150456416E+03    1.28698276518412E+03


    5.55463150456416E+03    1.28698276518412E+03
    5.55469096957587E+03    1.28638196834477E+03
    5.55568819567863E+03    1.28648346976459E+03
    5.55463150456416E+03    1.28698276518412E+03


    5.55503197677160E+03    1.28339249889198E+03
    5.55491606370858E+03    1.28438546979431E+03
    5.55391427771179E+03    1.28427545459427E+03
    5.55503197677160E+03    1.28339249889198E+03


    5.55503197677160E+03    1.28339249889198E+03
    5.55391427771179E+03    1.28427545459427E+03
    5.55402860440914E+03    1.28328090184827E+03
    5.55503197677160E+03    1.28339249889198E+03


    5.55491606370858E+03    1.28438546979431E+03
    5.55480019124636E+03    1.28538223296991E+03
    5.55380041556996E+03    1.28527444667559E+03
    5.55491606370858E+03    1.28438546979431E+03


    5.55491606370858E+03    1.28438546979431E+03
    5.55380041556996E+03    1.28527444667559E+03
    5.55391427771179E+03    1.28427545459427E+03
    5.55491606370858E+03    1.28438546979431E+03


    5.55480019124636E+03    1.28538223296991E+03
    5.55469096957587E+03    1.28638196834477E+03
    5.55369206909095E+03    1.28627758394597E+03
    5.55480019124636E+03    1.28538223296991E+03


    5.55480019124636E+03    1.28538223296991E+03
    5.55369206909095E+03    1.28627758394597E+03
    5.55380041556996E+03    1.28527444667559E+03
    5.55480019124636E+03    1.28538223296991E+03


    5.55604035312978E+03    1.28350065612168E+03
    5.55591992720325E+03    1.28449190127403E+03
    5.55491606370858E+03    1.28438546979431E+03
    5.55604035312978E+03    1.28350065612168E+03


    5.55604035312978E+03    1.28350065612168E+03
    5.55491606370858E+03    1.28438546979431E+03
    5.55503197677160E+03    1.28339249889198E+03
    5.55604035312978E+03    1.28350065612168E+03


    5.55591992720325E+03    1.28449190127403E+03
    5.55579983459164E+03    1.28548730087916E+03
    5.55480019124636E+03    1.28538223296991E+03
    5.55591992720325E+03    1.28449190127403E+03


    5.55591992720325E+03    1.28449190127403E+03
    5.55480019124636E+03    1.28538223296991E+03
    5.55491606370858E+03    1.28438546979431E+03
    5.55591992720325E+03    1.28449190127403E+03


    5.55579983459164E+03    1.28548730087916E+03
    5.55568819567863E+03    1.28648346976459E+03
    5.55469096957587E+03    1.28638196834477E+03
    5.55579983459164E+03    1.28548730087916E+03


    5.55579983459164E+03    1.28548730087916E+03
    5.55469096957587E+03    1.28638196834477E+03
    5.55480019124636E+03    1.28538223296991E+03
    5.55579983459164E+03    1.28548730087916E+03


    5.55705615898161E+03    1.28360335802061E+03
    5.55692157193856E+03    1.28460422822549E+03
    5.55591992720325E+03    1.28449190127403E+03
    5.55705615898161E+03    1.28360335802061E+03


    5.55705615898161E+03    1.28360335802061E+03
    5.55591992720325E+03    1.28449190127403E+03
    5.55604035312978E+03    1.28350065612168E+03
    5.55705615898161E+03    1.28360335802061E+03


    5.55692157193856E+03    1.28460422822549E+03
    5.55680015341574E+03    1.28559404326946E+03
    5.55579983459164E+03    1.28548730087916E+03
    5.55692157193856E+03    1.28460422822549E+03


    5.55692157193856E+03    1.28460422822549E+03
    5.55579983459164E+03    1.28548730087916E+03
    5.55591992720325E+03    1.28449190127403E+03
    5.55692157193856E+03    1.28460422822549E+03


    5.56289609205817E+03    1.28706922135376E+03
    5.56460577999553E+03    1.28624452909906E+03
    5.56449629361770E+03    1.28724336808265E+03
    5.56289609205817E+03    1.28706922135376E+03


    5.56289609205817E+03    1.28706922135376E+03
    5.56300590419342E+03    1.28606889844402E+03
    5.56460577999553E+03    1.28624452909906E+03
    5.56289609205817E+03    1.28706922135376E+03


    5.56129502965758E+03    1.28690007528177E+03
    5.56300590419342E+03    1.28606889844402E+03
    5.56289609205817E+03    1.28706922135376E+03
    5.56129502965758E+03    1.28690007528177E+03


    5.56129502965758E+03    1.28690007528177E+03
    5.56140578917809E+03    1.28589924161171E+03
    5.56300590419342E+03    1.28606889844402E+03
    5.56129502965758E+03    1.28690007528177E+03


    5.55968828613605E+03    1.28674355147329E+03
    5.56140578917809E+03    1.28589924161171E+03
    5.56129502965758E+03    1.28690007528177E+03
    5.55968828613605E+03    1.28674355147329E+03


    5.55968828613605E+03    1.28674355147329E+03
    5.55980855957520E+03    1.28573104603442E+03
    5.56140578917809E+03    1.28589924161171E+03
    5.55968828613605E+03    1.28674355147329E+03


    5.56300590419342E+03    1.28606889844402E+03
    5.56471804043451E+03    1.28524481896951E+03
    5.56460577999553E+03    1.28624452909906E+03
    5.56300590419342E+03    1.28606889844402E+03


    5.56300590419342E+03    1.28606889844402E+03
    5.56311949525129E+03    1.28506704520345E+03
    5.56471804043451E+03    1.28524481896951E+03
    5.56300590419342E+03    1.28606889844402E+03


    5.56140578917809E+03    1.28589924161171E+03
    5.56311949525129E+03    1.28506704520345E+03
    5.56300590419342E+03    1.28606889844402E+03
    5.56140578917809E+03    1.28589924161171E+03


    5.56140578917809E+03    1.28589924161171E+03
    5.56152336801394E+03    1.28489523537001E+03
    5.56311949525129E+03    1.28506704520345E+03
    5.56140578917809E+03    1.28589924161171E+03


    5.55980855957520E+03    1.28573104603442E+03
    5.56152336801394E+03    1.28489523537001E+03
    5.56140578917809E+03    1.28589924161171E+03
    5.55980855957520E+03    1.28573104603442E+03


    5.55980855957520E+03    1.28573104603442E+03
    5.55993007684806E+03    1.28472442819290E+03
    5.56152336801394E+03    1.28489523537001E+03
    5.55980855957520E+03    1.28573104603442E+03


    5.56449629361770E+03    1.28724336808265E+03
    5.56443167880168E+03    1.28784278837136E+03
    5.56283225296924E+03    1.28766927519843E+03
    5.56449629361770E+03    1.28724336808265E+03


    5.56289609205817E+03    1.28706922135376E+03
    5.56449629361770E+03    1.28724336808265E+03
    5.56283225296924E+03    1.28766927519843E+03
    5.56289609205817E+03    1.28706922135376E+03


    5.56289609205817E+03    1.28706922135376E+03
    5.56283225296924E+03    1.28766927519843E+03
    5.56123379304666E+03    1.28750039227927E+03
    5.56289609205817E+03    1.28706922135376E+03


    5.56129502965758E+03    1.28690007528177E+03
    5.56289609205817E+03    1.28706922135376E+03
    5.56123379304666E+03    1.28750039227927E+03
    5.56129502965758E+03    1.28690007528177E+03


    5.56311949525129E+03    1.28506704520345E+03
    5.56483226694820E+03    1.28424331235480E+03
    5.56471804043451E+03    1.28524481896951E+03
    5.56311949525129E+03    1.28506704520345E+03


    5.56311949525129E+03    1.28506704520345E+03
    5.56323516512105E+03    1.28406298938727E+03
    5.56483226694820E+03    1.28424331235480E+03
    5.56311949525129E+03    1.28506704520345E+03


    5.56152336801394E+03    1.28489523537001E+03
    5.56323516512105E+03    1.28406298938727E+03
    5.56311949525129E+03    1.28506704520345E+03
    5.56152336801394E+03    1.28489523537001E+03


    5.56152336801394E+03    1.28489523537001E+03
    5.56164239225511E+03    1.28388945601509E+03
    5.56323516512105E+03    1.28406298938727E+03
    5.56152336801394E+03    1.28489523537001E+03


    5.55993007684806E+03    1.28472442819290E+03
    5.56164239225511E+03    1.28388945601509E+03
    5.56152336801394E+03    1.28489523537001E+03
    5.55993007684806E+03    1.28472442819290E+03


    5.55993007684806E+03    1.28472442819290E+03
    5.56005864750000E+03    1.28372251110090E+03
    5.56164239225511E+03    1.28388945601509E+03
    5.55993007684806E+03    1.28472442819290E+03


    5.56129502965758E+03    1.28690007528177E+03
    5.56123379304666E+03    1.28750039227927E+03
    5.55963391792080E+03    1.28734756298929E+03
    5.56129502965758E+03    1.28690007528177E+03


    5.55968828613605E+03    1.28674355147329E+03
    5.56129502965758E+03    1.28690007528177E+03
    5.55963391792080E+03    1.28734756298929E+03
    5.55968828613605E+03    1.28674355147329E+03


    5.55563141338470E+03    1.28708294215459E+03
    5.55668396942797E+03    1.28657779303595E+03
    5.55663224618762E+03    1.28717324302180E+03
    5.55563141338470E+03    1.28708294215459E+03


    5.55563141338470E+03    1.28708294215459E+03
    5.55568819567863E+03    1.28648346976459E+03
    5.55668396942797E+03    1.28657779303595E+03
    5.55563141338470E+03    1.28708294215459E+03


    5.55680015341574E+03    1.28559404326946E+03
    5.55668396942797E+03    1.28657779303595E+03
    5.55568819567863E+03    1.28648346976459E+03
    5.55680015341574E+03    1.28559404326946E+03


    5.55680015341574E+03    1.28559404326946E+03
    5.55568819567863E+03    1.28648346976459E+03
    5.55579983459164E+03    1.28548730087916E+03
    5.55680015341574E+03    1.28559404326946E+03


    5.55705615898161E+03    1.28360335802061E+03
    5.55811984822265E+03    1.28304844080640E+03
    5.55808639097287E+03    1.28364438605739E+03
    5.55705615898161E+03    1.28360335802061E+03


    5.55705615898161E+03    1.28360335802061E+03
    5.55711152634009E+03    1.28300484996319E+03
    5.55811984822265E+03    1.28304844080640E+03
    5.55705615898161E+03    1.28360335802061E+03


    5.55808639097287E+03    1.28364438605739E+03
    5.55912243671625E+03    1.28307398960598E+03
    5.55908672747146E+03    1.28367340947371E+03
    5.55808639097287E+03    1.28364438605739E+03


    5.55808639097287E+03    1.28364438605739E+03
    5.55811984822265E+03    1.28304844080640E+03
    5.55912243671625E+03    1.28307398960598E+03
    5.55808639097287E+03    1.28364438605739E+03


    5.55908672747146E+03    1.28367340947371E+03
    5.56011607224152E+03    1.28312059421484E+03
    5.56005864750000E+03    1.28372251110090E+03
    5.55908672747146E+03    1.28367340947371E+03


    5.55908672747146E+03    1.28367340947371E+03
    5.55912243671625E+03    1.28307398960598E+03
    5.56011607224152E+03    1.28312059421484E+03
    5.55908672747146E+03    1.28367340947371E+03


    5.55402860440914E+03    1.28328090184827E+03
    5.55509761608251E+03    1.28279711271276E+03
    5.55503197677160E+03    1.28339249889198E+03
    5.55402860440914E+03    1.28328090184827E+03


    5.55402860440914E+03    1.28328090184827E+03
    5.55409490224617E+03    1.28268447137838E+03
    5.55509761608251E+03    1.28279711271276E+03
    5.55402860440914E+03    1.28328090184827E+03


    5.55503197677160E+03    1.28339249889198E+03
    5.55610282195210E+03    1.28290644656573E+03
    5.55604035312978E+03    1.28350065612168E+03
    5.55503197677160E+03    1.28339249889198E+03


    5.55503197677160E+03    1.28339249889198E+03
    5.55509761608251E+03    1.28279711271276E+03
    5.55610282195210E+03    1.28290644656573E+03
    5.55503197677160E+03    1.28339249889198E+03


    5.56490160259665E+03    1.28364146724398E+03
    5.56483226694820E+03    1.28424331235480E+03
    5.56323516512105E+03    1.28406298938727E+03
    5.56490160259665E+03    1.28364146724398E+03


    5.56330441531383E+03    1.28345957967086E+03
    5.56490160259665E+03    1.28364146724398E+03
    5.56323516512105E+03    1.28406298938727E+03
    5.56330441531383E+03    1.28345957967086E+03


    5.56330441531383E+03    1.28345957967086E+03
    5.56323516512105E+03    1.28406298938727E+03
    5.56164239225511E+03    1.28388945601509E+03
    5.56330441531383E+03    1.28345957967086E+03


    5.56170947691632E+03    1.28328453863765E+03
    5.56330441531383E+03    1.28345957967086E+03
    5.56164239225511E+03    1.28388945601509E+03
    5.56170947691632E+03    1.28328453863765E+03


    5.56170947691632E+03    1.28328453863765E+03
    5.56164239225511E+03    1.28388945601509E+03
    5.56005864750000E+03    1.28372251110090E+03
    5.56170947691632E+03    1.28328453863765E+03


    5.56011607224152E+03    1.28312059421484E+03
    5.56170947691632E+03    1.28328453863765E+03
    5.56005864750000E+03    1.28372251110090E+03
    5.56011607224152E+03    1.28312059421484E+03


    5.55604035312978E+03    1.28350065612168E+03
    5.55711152634009E+03    1.28300484996319E+03
    5.55705615898161E+03    1.28360335802061E+03
    5.55604035312978E+03    1.28350065612168E+03


    5.55604035312978E+03    1.28350065612168E+03
    5.55610282195210E+03    1.28290644656573E+03
    5.55711152634009E+03    1.28300484996319E+03
    5.55604035312978E+03    1.28350065612168E+03


    5.55711152634009E+03    1.28300484996319E+03
    5.55816000257174E+03    1.28245066246353E+03
    5.55811984822265E+03    1.28304844080640E+03
    5.55711152634009E+03    1.28300484996319E+03


    5.55711152634009E+03    1.28300484996319E+03
    5.55716401551929E+03    1.28240996851511E+03
    5.55816000257174E+03    1.28245066246353E+03
    5.55711152634009E+03    1.28300484996319E+03


    5.55811984822265E+03    1.28304844080640E+03
    5.55916331259948E+03    1.28247501264508E+03
    5.55912243671625E+03    1.28307398960598E+03
    5.55811984822265E+03    1.28304844080640E+03


    5.55811984822265E+03    1.28304844080640E+03
    5.55816000257174E+03    1.28245066246353E+03
    5.55916331259948E+03    1.28247501264508E+03
    5.55811984822265E+03    1.28304844080640E+03


    5.55912243671625E+03    1.28307398960598E+03
    5.56017097384712E+03    1.28251795083460E+03
    5.56011607224152E+03    1.28312059421484E+03
    5.55912243671625E+03    1.28307398960598E+03


    5.55912243671625E+03    1.28307398960598E+03
    5.55916331259948E+03    1.28247501264508E+03
    5.56017097384712E+03    1.28251795083460E+03
    5.55912243671625E+03    1.28307398960598E+03


    5.55409490224617E+03    1.28268447137838E+03
    5.55516262214525E+03    1.28220117952780E+03
    5.55509761608251E+03    1.28279711271276E+03
    5.55409490224617E+03    1.28268447137838E+03


    5.55409490224617E+03    1.28268447137838E+03
    5.55416123190332E+03    1.28208698659305E+03
    5.55516262214525E+03    1.28220117952780E+03
    5.55409490224617E+03    1.28268447137838E+03


    5.55509761608251E+03    1.28279711271276E+03
    5.55616328526453E+03    1.28231150627188E+03
    5.55610282195210E+03    1.28290644656573E+03
    5.55509761608251E+03    1.28279711271276E+03


    5.55509761608251E+03    1.28279711271276E+03
    5.55516262214525E+03    1.28220117952780E+03
    5.55616328526453E+03    1.28231150627188E+03
    5.55509761608251E+03    1.28279711271276E+03


    5.56497176401906E+03    1.28303912811808E+03
    5.56490160259665E+03    1.28364146724398E+03
    5.56330441531383E+03    1.28345957967086E+03
    5.56497176401906E+03    1.28303912811808E+03


    5.56337434984771E+03    1.28285605592206E+03
    5.56497176401906E+03    1.28303912811808E+03
    5.56330441531383E+03    1.28345957967086E+03
    5.56337434984771E+03    1.28285605592206E+03


    5.56337434984771E+03    1.28285605592206E+03
    5.56330441531383E+03    1.28345957967086E+03
    5.56170947691632E+03    1.28328453863765E+03
    5.56337434984771E+03    1.28285605592206E+03


    5.56177570466600E+03    1.28268071606834E+03
    5.56337434984771E+03    1.28285605592206E+03
    5.56170947691632E+03    1.28328453863765E+03
    5.56177570466600E+03    1.28268071606834E+03


    5.56177570466600E+03    1.28268071606834E+03
    5.56170947691632E+03    1.28328453863765E+03
    5.56011607224152E+03    1.28312059421484E+03
    5.56177570466600E+03    1.28268071606834E+03


    5.56017097384712E+03    1.28251795083460E+03
    5.56177570466600E+03    1.28268071606834E+03
    5.56011607224152E+03    1.28312059421484E+03
    5.56017097384712E+03    1.28251795083460E+03


    5.55610282195210E+03    1.28290644656573E+03
    5.55716401551929E+03    1.28240996851511E+03
    5.55711152634009E+03    1.28300484996319E+03
    5.55610282195210E+03    1.28290644656573E+03


    5.55610282195210E+03    1.28290644656573E+03
    5.55616328526453E+03    1.28231150627188E+03
    5.55716401551929E+03    1.28240996851511E+03
    5.55610282195210E+03    1.28290644656573E+03


    5.55716401551929E+03    1.28240996851511E+03
    5.55819364827036E+03    1.28185226587765E+03
    5.55816000257174E+03    1.28245066246353E+03
    5.55716401551929E+03    1.28240996851511E+03


    5.55716401551929E+03    1.28240996851511E+03
    5.55721856213565E+03    1.28181718358279E+03
    5.55819364827036E+03    1.28185226587765E+03
    5.55716401551929E+03    1.28240996851511E+03


    5.55816000257174E+03    1.28245066246353E+03
    5.55919516659218E+03    1.28187906664734E+03
    5.55916331259948E+03    1.28247501264508E+03
    5.55816000257174E+03    1.28245066246353E+03


    5.55816000257174E+03    1.28245066246353E+03
    5.55819364827036E+03    1.28185226587765E+03
    5.55919516659218E+03    1.28187906664734E+03
    5.55816000257174E+03    1.28245066246353E+03


    5.55916331259948E+03    1.28247501264508E+03
    5.56022932200839E+03    1.28191284667273E+03
    5.56017097384712E+03    1.28251795083460E+03
    5.55916331259948E+03    1.28247501264508E+03


    5.55916331259948E+03    1.28247501264508E+03
    5.55919516659218E+03    1.28187906664734E+03
    5.56022932200839E+03    1.28191284667273E+03
    5.55916331259948E+03    1.28247501264508E+03


    5.55416123190332E+03    1.28208698659305E+03
    5.55522998296089E+03    1.28160472030591E+03
    5.55516262214525E+03    1.28220117952780E+03
    5.55416123190332E+03    1.28208698659305E+03


    5.55416123190332E+03    1.28208698659305E+03
    5.55422950171784E+03    1.28148864268441E+03
    5.55522998296089E+03    1.28160472030591E+03
    5.55416123190332E+03    1.28208698659305E+03


    5.55516262214525E+03    1.28220117952780E+03
    5.55622649716303E+03    1.28171553990057E+03
    5.55616328526453E+03    1.28231150627188E+03
    5.55516262214525E+03    1.28220117952780E+03


    5.55516262214525E+03    1.28220117952780E+03
    5.55522998296089E+03    1.28160472030591E+03
    5.55622649716303E+03    1.28171553990057E+03
    5.55516262214525E+03    1.28220117952780E+03


    5.55561174593120E+03    1.27864719415049E+03
    5.55548641431096E+03    1.27962747515821E+03
    5.55448061520272E+03    1.27950994012408E+03
    5.55561174593120E+03    1.27864719415049E+03


    5.55561174593120E+03    1.27864719415049E+03
    5.55448061520272E+03    1.27950994012408E+03
    5.55460319593857E+03    1.27853248993057E+03
    5.55561174593120E+03    1.27864719415049E+03


    5.55548641431096E+03    1.27962747515821E+03
    5.55535548900736E+03    1.28061360907732E+03
    5.55435307586593E+03    1.28049525870260E+03
    5.55548641431096E+03    1.27962747515821E+03


    5.55548641431096E+03    1.27962747515821E+03
    5.55435307586593E+03    1.28049525870260E+03
    5.55448061520272E+03    1.27950994012408E+03
    5.55548641431096E+03    1.27962747515821E+03


    5.55535548900736E+03    1.28061360907732E+03
    5.55522998296089E+03    1.28160472030591E+03
    5.55422950171784E+03    1.28148864268441E+03
    5.55535548900736E+03    1.28061360907732E+03


    5.55535548900736E+03    1.28061360907732E+03
    5.55422950171784E+03    1.28148864268441E+03
    5.55435307586593E+03    1.28049525870260E+03
    5.55535548900736E+03    1.28061360907732E+03


    5.55662543376273E+03    1.27875625161497E+03
    5.55649375027999E+03    1.27973887856284E+03
    5.55548641431096E+03    1.27962747515821E+03
    5.55662543376273E+03    1.27875625161497E+03


    5.55662543376273E+03    1.27875625161497E+03
    5.55548641431096E+03    1.27962747515821E+03
    5.55561174593120E+03    1.27864719415049E+03
    5.55662543376273E+03    1.27875625161497E+03


    5.55649375027999E+03    1.27973887856284E+03
    5.55635651771030E+03    1.28072678738539E+03
    5.55535548900736E+03    1.28061360907732E+03
    5.55649375027999E+03    1.27973887856284E+03


    5.55649375027999E+03    1.27973887856284E+03
    5.55535548900736E+03    1.28061360907732E+03
    5.55548641431096E+03    1.27962747515821E+03
    5.55649375027999E+03    1.27973887856284E+03


    5.55635651771030E+03    1.28072678738539E+03
    5.55622649716303E+03    1.28171553990057E+03
    5.55522998296089E+03    1.28160472030591E+03
    5.55635651771030E+03    1.28072678738539E+03


    5.55635651771030E+03    1.28072678738539E+03
    5.55522998296089E+03    1.28160472030591E+03
    5.55535548900736E+03    1.28061360907732E+03
    5.55635651771030E+03    1.28072678738539E+03


    5.55764793779507E+03    1.27885858465280E+03
    5.55749669754235E+03    1.27985984778147E+03
    5.55649375027999E+03    1.27973887856284E+03
    5.55764793779507E+03    1.27885858465280E+03


    5.55764793779507E+03    1.27885858465280E+03
    5.55649375027999E+03    1.27973887856284E+03
    5.55662543376273E+03    1.27875625161497E+03
    5.55764793779507E+03    1.27885858465280E+03


    5.55749669754235E+03    1.27985984778147E+03
    5.55735743082659E+03    1.28084389441720E+03
    5.55635651771030E+03    1.28072678738539E+03
    5.55749669754235E+03    1.27985984778147E+03


    5.55749669754235E+03    1.27985984778147E+03
    5.55635651771030E+03    1.28072678738539E+03
    5.55649375027999E+03    1.27973887856284E+03
    5.55749669754235E+03    1.27985984778147E+03


    5.56344560816768E+03    1.28225253040672E+03
    5.56516394796765E+03    1.28142907747571E+03
    5.56504295109177E+03    1.28243619286716E+03
    5.56344560816768E+03    1.28225253040672E+03


    5.56344560816768E+03    1.28225253040672E+03
    5.56356837099634E+03    1.28124568434400E+03
    5.56516394796765E+03    1.28142907747571E+03
    5.56344560816768E+03    1.28225253040672E+03


    5.56184406362568E+03    1.28207801921060E+03
    5.56356837099634E+03    1.28124568434400E+03
    5.56344560816768E+03    1.28225253040672E+03
    5.56184406362568E+03    1.28207801921060E+03


    5.56184406362568E+03    1.28207801921060E+03
    5.56196975328499E+03    1.28107387140332E+03
    5.56356837099634E+03    1.28124568434400E+03
    5.56184406362568E+03    1.28207801921060E+03


    5.56022932200839E+03    1.28191284667273E+03
    5.56196975328499E+03    1.28107387140332E+03
    5.56184406362568E+03    1.28207801921060E+03
    5.56022932200839E+03    1.28191284667273E+03


    5.56022932200839E+03    1.28191284667273E+03
    5.56037300802304E+03    1.28089596854882E+03
    5.56196975328499E+03    1.28107387140332E+03
    5.56022932200839E+03    1.28191284667273E+03


    5.56356837099634E+03    1.28124568434400E+03
    5.56528607935275E+03    1.28041767563152E+03
    5.56516394796765E+03    1.28142907747571E+03
    5.56356837099634E+03    1.28124568434400E+03


    5.56356837099634E+03    1.28124568434400E+03
    5.56369327039264E+03    1.28023574566939E+03
    5.56528607935275E+03    1.28041767563152E+03
    5.56356837099634E+03    1.28124568434400E+03


    5.56196975328499E+03    1.28107387140332E+03
    5.56369327039264E+03    1.28023574566939E+03
    5.56356837099634E+03    1.28124568434400E+03
    5.56196975328499E+03    1.28107387140332E+03


    5.56196975328499E+03    1.28107387140332E+03
    5.56210120390873E+03    1.28006533523680E+03
    5.56369327039264E+03    1.28023574566939E+03
    5.56196975328499E+03    1.28107387140332E+03


    5.56037300802304E+03    1.28089596854882E+03
    5.56210120390873E+03    1.28006533523680E+03
    5.56196975328499E+03    1.28107387140332E+03
    5.56037300802304E+03    1.28089596854882E+03


    5.56037300802304E+03    1.28089596854882E+03
    5.56051020482285E+03    1.27989070013723E+03
    5.56210120390873E+03    1.28006533523680E+03
    5.56037300802304E+03    1.28089596854882E+03


    5.56504295109177E+03    1.28243619286716E+03
    5.56497176401906E+03    1.28303912811808E+03
    5.56337434984771E+03    1.28285605592206E+03
    5.56504295109177E+03    1.28243619286716E+03


    5.56344560816768E+03    1.28225253040672E+03
    5.56504295109177E+03    1.28243619286716E+03
    5.56337434984771E+03    1.28285605592206E+03
    5.56344560816768E+03    1.28225253040672E+03


    5.56344560816768E+03    1.28225253040672E+03
    5.56337434984771E+03    1.28285605592206E+03
    5.56177570466600E+03    1.28268071606834E+03
    5.56344560816768E+03    1.28225253040672E+03


    5.56184406362568E+03    1.28207801921060E+03
    5.56344560816768E+03    1.28225253040672E+03
    5.56177570466600E+03    1.28268071606834E+03
    5.56184406362568E+03    1.28207801921060E+03


    5.56369327039264E+03    1.28023574566939E+03
    5.56540681181800E+03    1.27940118746959E+03
    5.56528607935275E+03    1.28041767563152E+03
    5.56369327039264E+03    1.28023574566939E+03


    5.56369327039264E+03    1.28023574566939E+03
    5.56381628720816E+03    1.27922205636228E+03
    5.56540681181800E+03    1.27940118746959E+03
    5.56369327039264E+03    1.28023574566939E+03


    5.56210120390873E+03    1.28006533523680E+03
    5.56381628720816E+03    1.27922205636228E+03
    5.56369327039264E+03    1.28023574566939E+03
    5.56210120390873E+03    1.28006533523680E+03


    5.56210120390873E+03    1.28006533523680E+03
    5.56222901271264E+03    1.27905513211098E+03
    5.56381628720816E+03    1.27922205636228E+03
    5.56210120390873E+03    1.28006533523680E+03


    5.56051020482285E+03    1.27989070013723E+03
    5.56222901271264E+03    1.27905513211098E+03
    5.56210120390873E+03    1.28006533523680E+03
    5.56051020482285E+03    1.27989070013723E+03


    5.56051020482285E+03    1.27989070013723E+03
    5.56065068305971E+03    1.27889429315597E+03
    5.56222901271264E+03    1.27905513211098E+03
    5.56051020482285E+03    1.27989070013723E+03


    5.56184406362568E+03    1.28207801921060E+03
    5.56177570466600E+03    1.28268071606834E+03
    5.56017097384712E+03    1.28251795083460E+03
    5.56184406362568E+03    1.28207801921060E+03


    5.56022932200839E+03    1.28191284667273E+03
    5.56184406362568E+03    1.28207801921060E+03
    5.56017097384712E+03    1.28251795083460E+03
    5.56022932200839E+03    1.28191284667273E+03


    5.55616328526453E+03    1.28231150627188E+03
    5.55721856213565E+03    1.28181718358279E+03
    5.55716401551929E+03    1.28240996851511E+03
    5.55616328526453E+03    1.28231150627188E+03


    5.55616328526453E+03    1.28231150627188E+03
    5.55622649716303E+03    1.28171553990057E+03
    5.55721856213565E+03    1.28181718358279E+03
    5.55616328526453E+03    1.28231150627188E+03


    5.55735743082659E+03    1.28084389441720E+03
    5.55721856213565E+03    1.28181718358279E+03
    5.55622649716303E+03    1.28171553990057E+03
    5.55735743082659E+03    1.28084389441720E+03


    5.55735743082659E+03    1.28084389441720E+03
    5.55622649716303E+03    1.28171553990057E+03
    5.55635651771030E+03    1.28072678738539E+03
    5.55735743082659E+03    1.28084389441720E+03


    5.55764793779507E+03    1.27885858465280E+03
    5.55870986312688E+03    1.27827877266749E+03
    5.55868879503949E+03    1.27887339959555E+03
    5.55764793779507E+03    1.27885858465280E+03


    5.55764793779507E+03    1.27885858465280E+03
    5.55769953498243E+03    1.27826006881200E+03
    5.55870986312688E+03    1.27827877266749E+03
    5.55764793779507E+03    1.27885858465280E+03


    5.55868879503949E+03    1.27887339959555E+03
    5.55971269476382E+03    1.27827326929342E+03
    5.55968885354646E+03    1.27887213524642E+03
    5.55868879503949E+03    1.27887339959555E+03


    5.55868879503949E+03    1.27887339959555E+03
    5.55870986312688E+03    1.27827877266749E+03
    5.55971269476382E+03    1.27827326929342E+03
    5.55868879503949E+03    1.27887339959555E+03


    5.55968885354646E+03    1.27887213524642E+03
    5.56070460533969E+03    1.27829450791739E+03
    5.56065068305971E+03    1.27889429315597E+03
    5.55968885354646E+03    1.27887213524642E+03


    5.55968885354646E+03    1.27887213524642E+03
    5.55971269476382E+03    1.27827326929342E+03
    5.56070460533969E+03    1.27829450791739E+03
    5.55968885354646E+03    1.27887213524642E+03


    5.55460319593857E+03    1.27853248993057E+03
    5.55567860800472E+03    1.27805976635864E+03
    5.55561174593120E+03    1.27864719415049E+03
    5.55460319593857E+03    1.27853248993057E+03


    5.55460319593857E+03    1.27853248993057E+03
    5.55467096484641E+03    1.27794730496463E+03
    5.55567860800472E+03    1.27805976635864E+03
    5.55460319593857E+03    1.27853248993057E+03


    5.55561174593120E+03    1.27864719415049E+03
    5.55668771210669E+03    1.27816707751658E+03
    5.55662543376273E+03    1.27875625161497E+03
    5.55561174593120E+03    1.27864719415049E+03


    5.55561174593120E+03    1.27864719415049E+03
    5.55567860800472E+03    1.27805976635864E+03
    5.55668771210669E+03    1.27816707751658E+03
    5.55561174593120E+03    1.27864719415049E+03


    5.56547713564649E+03    1.27878889441789E+03
    5.56540681181800E+03    1.27940118746959E+03
    5.56381628720816E+03    1.27922205636228E+03
    5.56547713564649E+03    1.27878889441789E+03


    5.56388704064708E+03    1.27861223426518E+03
    5.56547713564649E+03    1.27878889441789E+03
    5.56381628720816E+03    1.27922205636228E+03
    5.56388704064708E+03    1.27861223426518E+03


    5.56388704064708E+03    1.27861223426518E+03
    5.56381628720816E+03    1.27922205636228E+03
    5.56222901271264E+03    1.27905513211098E+03
    5.56388704064708E+03    1.27861223426518E+03


    5.56229656536633E+03    1.27844733673968E+03
    5.56388704064708E+03    1.27861223426518E+03
    5.56222901271264E+03    1.27905513211098E+03
    5.56229656536633E+03    1.27844733673968E+03


    5.56229656536633E+03    1.27844733673968E+03
    5.56222901271264E+03    1.27905513211098E+03
    5.56065068305971E+03    1.27889429315597E+03
    5.56229656536633E+03    1.27844733673968E+03


    5.56070460533969E+03    1.27829450791739E+03
    5.56229656536633E+03    1.27844733673968E+03
    5.56065068305971E+03    1.27889429315597E+03
    5.56070460533969E+03    1.27829450791739E+03


    5.55662543376273E+03    1.27875625161497E+03
    5.55769953498243E+03    1.27826006881200E+03
    5.55764793779507E+03    1.27885858465280E+03
    5.55662543376273E+03    1.27875625161497E+03


    5.55662543376273E+03    1.27875625161497E+03
    5.55668771210669E+03    1.27816707751658E+03
    5.55769953498243E+03    1.27826006881200E+03
    5.55662543376273E+03    1.27875625161497E+03


    5.55769953498243E+03    1.27826006881200E+03
    5.55873993416785E+03    1.27768140434693E+03
    5.55870986312688E+03    1.27827877266749E+03
    5.55769953498243E+03    1.27826006881200E+03


    5.55769953498243E+03    1.27826006881200E+03
    5.55774596127092E+03    1.27766630627828E+03
    5.55873993416785E+03    1.27768140434693E+03
    5.55769953498243E+03    1.27826006881200E+03


    5.55870986312688E+03    1.27827877266749E+03
    5.55974355209417E+03    1.27767509694861E+03
    5.55971269476382E+03    1.27827326929342E+03
    5.55870986312688E+03    1.27827877266749E+03


    5.55870986312688E+03    1.27827877266749E+03
    5.55873993416785E+03    1.27768140434693E+03
    5.55974355209417E+03    1.27767509694861E+03
    5.55870986312688E+03    1.27827877266749E+03


    5.55971269476382E+03    1.27827326929342E+03
    5.56075402154700E+03    1.27769394139709E+03
    5.56070460533969E+03    1.27829450791739E+03
    5.55971269476382E+03    1.27827326929342E+03


    5.55971269476382E+03    1.27827326929342E+03
    5.55974355209417E+03    1.27767509694861E+03
    5.56075402154700E+03    1.27769394139709E+03
    5.55971269476382E+03    1.27827326929342E+03


    5.55467096484641E+03    1.27794730496463E+03
    5.55574206851967E+03    1.27747165685448E+03
    5.55567860800472E+03    1.27805976635864E+03
    5.55467096484641E+03    1.27794730496463E+03


    5.55467096484641E+03    1.27794730496463E+03
    5.55473618548566E+03    1.27736100874244E+03
    5.55574206851967E+03    1.27747165685448E+03
    5.55467096484641E+03    1.27794730496463E+03


    5.55567860800472E+03    1.27805976635864E+03
    5.55674503167933E+03    1.27757674196056E+03
    5.55668771210669E+03    1.27816707751658E+03
    5.55567860800472E+03    1.27805976635864E+03


    5.55567860800472E+03    1.27805976635864E+03
    5.55574206851967E+03    1.27747165685448E+03
    5.55674503167933E+03    1.27757674196056E+03
    5.55567860800472E+03    1.27805976635864E+03


    5.56554646763206E+03    1.27817539531552E+03
    5.56547713564649E+03    1.27878889441789E+03
    5.56388704064708E+03    1.27861223426518E+03
    5.56554646763206E+03    1.27817539531552E+03


    5.56395647129651E+03    1.27800213145702E+03
    5.56554646763206E+03    1.27817539531552E+03
    5.56388704064708E+03    1.27861223426518E+03
    5.56395647129651E+03    1.27800213145702E+03


    5.56395647129651E+03    1.27800213145702E+03
    5.56388704064708E+03    1.27861223426518E+03
    5.56229656536633E+03    1.27844733673968E+03
    5.56395647129651E+03    1.27800213145702E+03


    5.56236098488875E+03    1.27784126718004E+03
    5.56395647129651E+03    1.27800213145702E+03
    5.56229656536633E+03    1.27844733673968E+03
    5.56236098488875E+03    1.27784126718004E+03


    5.56236098488875E+03    1.27784126718004E+03
    5.56229656536633E+03    1.27844733673968E+03
    5.56070460533969E+03    1.27829450791739E+03
    5.56236098488875E+03    1.27784126718004E+03


    5.56075402154700E+03    1.27769394139709E+03
    5.56236098488875E+03    1.27784126718004E+03
    5.56070460533969E+03    1.27829450791739E+03
    5.56075402154700E+03    1.27769394139709E+03


    5.55668771210669E+03    1.27816707751658E+03
    5.55774596127092E+03    1.27766630627828E+03
    5.55769953498243E+03    1.27826006881200E+03
    5.55668771210669E+03    1.27816707751658E+03


    5.55668771210669E+03    1.27816707751658E+03
    5.55674503167933E+03    1.27757674196056E+03
    5.55774596127092E+03    1.27766630627828E+03
    5.55668771210669E+03    1.27816707751658E+03


    5.55774596127092E+03    1.27766630627828E+03
    5.55876119708518E+03    1.27708332214555E+03
    5.55873993416785E+03    1.27768140434693E+03
    5.55774596127092E+03    1.27766630627828E+03


    5.55774596127092E+03    1.27766630627828E+03
    5.55779366429825E+03    1.27707520592353E+03
    5.55876119708518E+03    1.27708332214555E+03
    5.55774596127092E+03    1.27766630627828E+03


    5.55873993416785E+03    1.27768140434693E+03
    5.55976319070285E+03    1.27708042306667E+03
    5.55974355209417E+03    1.27767509694861E+03
    5.55873993416785E+03    1.27768140434693E+03


    5.55873993416785E+03    1.27768140434693E+03
    5.55876119708518E+03    1.27708332214555E+03
    5.55976319070285E+03    1.27708042306667E+03
    5.55873993416785E+03    1.27768140434693E+03


    5.55974355209417E+03    1.27767509694861E+03
    5.56080679194809E+03    1.27709046928507E+03
    5.56075402154700E+03    1.27769394139709E+03
    5.55974355209417E+03    1.27767509694861E+03


    5.55974355209417E+03    1.27767509694861E+03
    5.55976319070285E+03    1.27708042306667E+03
    5.56080679194809E+03    1.27709046928507E+03
    5.55974355209417E+03    1.27767509694861E+03


    5.55473618548566E+03    1.27736100874244E+03
    5.55580605841234E+03    1.27688291181977E+03
    5.55574206851967E+03    1.27747165685448E+03
    5.55473618548566E+03    1.27736100874244E+03


    5.55473618548566E+03    1.27736100874244E+03
    5.55480152724084E+03    1.27677370875897E+03
    5.55580605841234E+03    1.27688291181977E+03
    5.55473618548566E+03    1.27736100874244E+03


    5.55574206851967E+03    1.27747165685448E+03
    5.55680369037982E+03    1.27698507691620E+03
    5.55674503167933E+03    1.27757674196056E+03
    5.55574206851967E+03    1.27747165685448E+03


    5.55574206851967E+03    1.27747165685448E+03
    5.55580605841234E+03    1.27688291181977E+03
    5.55680369037982E+03    1.27698507691620E+03
    5.55574206851967E+03    1.27747165685448E+03


    5.55615011187073E+03    1.27396895854864E+03
    5.55604287912812E+03    1.27493396284823E+03
    5.55503201139544E+03    1.27483399919104E+03
    5.55615011187073E+03    1.27396895854864E+03


    5.55615011187073E+03    1.27396895854864E+03
    5.55503201139544E+03    1.27483399919104E+03
    5.55513593452964E+03    1.27387865662978E+03
    5.55615011187073E+03    1.27396895854864E+03


    5.55604287912812E+03    1.27493396284823E+03
    5.55592401156320E+03    1.27590547504170E+03
    5.55491697036986E+03    1.27579906834932E+03
    5.55604287912812E+03    1.27493396284823E+03


    5.55604287912812E+03    1.27493396284823E+03
    5.55491697036986E+03    1.27579906834932E+03
    5.55503201139544E+03    1.27483399919104E+03
    5.55604287912812E+03    1.27493396284823E+03


    5.55592401156320E+03    1.27590547504170E+03
    5.55580605841234E+03    1.27688291181977E+03
    5.55480152724084E+03    1.27677370875897E+03
    5.55592401156320E+03    1.27590547504170E+03


    5.55592401156320E+03    1.27590547504170E+03
    5.55480152724084E+03    1.27677370875897E+03
    5.55491697036986E+03    1.27579906834932E+03
    5.55592401156320E+03    1.27590547504170E+03


    5.55716622914881E+03    1.27405159363112E+03
    5.55705298254831E+03    1.27502605261676E+03
    5.55604287912812E+03    1.27493396284823E+03
    5.55716622914881E+03    1.27405159363112E+03


    5.55716622914881E+03    1.27405159363112E+03
    5.55604287912812E+03    1.27493396284823E+03
    5.55615011187073E+03    1.27396895854864E+03
    5.55716622914881E+03    1.27405159363112E+03


    5.55705298254831E+03    1.27502605261676E+03
    5.55692747687243E+03    1.27600494301790E+03
    5.55592401156320E+03    1.27590547504170E+03
    5.55705298254831E+03    1.27502605261676E+03


    5.55705298254831E+03    1.27502605261676E+03
    5.55592401156320E+03    1.27590547504170E+03
    5.55604287912812E+03    1.27493396284823E+03
    5.55705298254831E+03    1.27502605261676E+03


    5.55692747687243E+03    1.27600494301790E+03
    5.55680369037982E+03    1.27698507691620E+03
    5.55580605841234E+03    1.27688291181977E+03
    5.55692747687243E+03    1.27600494301790E+03


    5.55692747687243E+03    1.27600494301790E+03
    5.55580605841234E+03    1.27688291181977E+03
    5.55592401156320E+03    1.27590547504170E+03
    5.55692747687243E+03    1.27600494301790E+03


    5.55818811451677E+03    1.27412944792163E+03
    5.55805702758308E+03    1.27512857924848E+03
    5.55705298254831E+03    1.27502605261676E+03
    5.55818811451677E+03    1.27412944792163E+03


    5.55818811451677E+03    1.27412944792163E+03
    5.55705298254831E+03    1.27502605261676E+03
    5.55716622914881E+03    1.27405159363112E+03
    5.55818811451677E+03    1.27412944792163E+03


    5.55805702758308E+03    1.27512857924848E+03
    5.55792922295476E+03    1.27610861359630E+03
    5.55692747687243E+03    1.27600494301790E+03
    5.55805702758308E+03    1.27512857924848E+03


    5.55805702758308E+03    1.27512857924848E+03
    5.55692747687243E+03    1.27600494301790E+03
    5.55705298254831E+03    1.27502605261676E+03
    5.55805702758308E+03    1.27512857924848E+03


    5.56402539589236E+03    1.27739188298593E+03
    5.56572782774934E+03    1.27653281128050E+03
    5.56561478997140E+03    1.27756069853194E+03
    5.56402539589236E+03    1.27739188298593E+03


    5.56402539589236E+03    1.27739188298593E+03
    5.56414040972562E+03    1.27637344162791E+03
    5.56572782774934E+03    1.27653281128050E+03
    5.56402539589236E+03    1.27739188298593E+03


    5.56242612857285E+03    1.27723686324973E+03
    5.56414040972562E+03    1.27637344162791E+03
    5.56402539589236E+03    1.27739188298593E+03
    5.56242612857285E+03    1.27723686324973E+03


    5.56242612857285E+03    1.27723686324973E+03
    5.56254445003779E+03    1.27623039658522E+03
    5.56414040972562E+03    1.27637344162791E+03
    5.56242612857285E+03    1.27723686324973E+03


    5.56080679194809E+03    1.27709046928507E+03
    5.56254445003779E+03    1.27623039658522E+03
    5.56242612857285E+03    1.27723686324973E+03
    5.56080679194809E+03    1.27709046928507E+03


    5.56080679194809E+03    1.27709046928507E+03
    5.56094633182206E+03    1.27607780960939E+03
    5.56254445003779E+03    1.27623039658522E+03
    5.56080679194809E+03    1.27709046928507E+03


    5.56414040972562E+03    1.27637344162791E+03
    5.56583570666098E+03    1.27549870967786E+03
    5.56572782774934E+03    1.27653281128050E+03
    5.56414040972562E+03    1.27637344162791E+03


    5.56414040972562E+03    1.27637344162791E+03
    5.56425158846154E+03    1.27535103455279E+03
    5.56583570666098E+03    1.27549870967786E+03
    5.56414040972562E+03    1.27637344162791E+03


    5.56254445003779E+03    1.27623039658522E+03
    5.56425158846154E+03    1.27535103455279E+03
    5.56414040972562E+03    1.27637344162791E+03
    5.56254445003779E+03    1.27623039658522E+03


    5.56254445003779E+03    1.27623039658522E+03
    5.56266278905599E+03    1.27521926225514E+03
    5.56425158846154E+03    1.27535103455279E+03
    5.56254445003779E+03    1.27623039658522E+03


    5.56094633182206E+03    1.27607780960939E+03
    5.56266278905599E+03    1.27521926225514E+03
    5.56254445003779E+03    1.27623039658522E+03
    5.56094633182206E+03    1.27607780960939E+03


    5.56094633182206E+03    1.27607780960939E+03
    5.56107022259190E+03    1.27508026729917E+03
    5.56266278905599E+03    1.27521926225514E+03
    5.56094633182206E+03    1.27607780960939E+03


    5.56561478997140E+03    1.27756069853194E+03
    5.56554646763206E+03    1.27817539531552E+03
    5.56395647129651E+03    1.27800213145702E+03
    5.56561478997140E+03    1.27756069853194E+03


    5.56402539589236E+03    1.27739188298593E+03
    5.56561478997140E+03    1.27756069853194E+03
    5.56395647129651E+03    1.27800213145702E+03
    5.56402539589236E+03    1.27739188298593E+03


    5.56402539589236E+03    1.27739188298593E+03
    5.56395647129651E+03    1.27800213145702E+03
    5.56236098488875E+03    1.27784126718004E+03
    5.56402539589236E+03    1.27739188298593E+03


    5.56242612857285E+03    1.27723686324973E+03
    5.56402539589236E+03    1.27739188298593E+03
    5.56236098488875E+03    1.27784126718004E+03
    5.56242612857285E+03    1.27723686324973E+03


    5.56425158846154E+03    1.27535103455279E+03
    5.56593558589023E+03    1.27445749057041E+03
    5.56583570666098E+03    1.27549870967786E+03
    5.56425158846154E+03    1.27535103455279E+03


    5.56425158846154E+03    1.27535103455279E+03
    5.56435381506379E+03    1.27432411550020E+03
    5.56593558589023E+03    1.27445749057041E+03
    5.56425158846154E+03    1.27535103455279E+03


    5.56266278905599E+03    1.27521926225514E+03
    5.56435381506379E+03    1.27432411550020E+03
    5.56425158846154E+03    1.27535103455279E+03
    5.56266278905599E+03    1.27521926225514E+03


    5.56266278905599E+03    1.27521926225514E+03
    5.56276975221187E+03    1.27420698787928E+03
    5.56435381506379E+03    1.27432411550020E+03
    5.56266278905599E+03    1.27521926225514E+03


    5.56107022259190E+03    1.27508026729917E+03
    5.56276975221187E+03    1.27420698787928E+03
    5.56266278905599E+03    1.27521926225514E+03
    5.56107022259190E+03    1.27508026729917E+03


    5.56107022259190E+03    1.27508026729917E+03
    5.56118841662249E+03    1.27409436649146E+03
    5.56276975221187E+03    1.27420698787928E+03
    5.56107022259190E+03    1.27508026729917E+03


    5.56242612857285E+03    1.27723686324973E+03
    5.56236098488875E+03    1.27784126718004E+03
    5.56075402154700E+03    1.27769394139709E+03
    5.56242612857285E+03    1.27723686324973E+03


    5.56080679194809E+03    1.27709046928507E+03
    5.56242612857285E+03    1.27723686324973E+03
    5.56075402154700E+03    1.27769394139709E+03
    5.56080679194809E+03    1.27709046928507E+03


    5.55674503167933E+03    1.27757674196056E+03
    5.55779366429825E+03    1.27707520592353E+03
    5.55774596127092E+03    1.27766630627828E+03
    5.55674503167933E+03    1.27757674196056E+03


    5.55674503167933E+03    1.27757674196056E+03
    5.55680369037982E+03    1.27698507691620E+03
    5.55779366429825E+03    1.27707520592353E+03
    5.55674503167933E+03    1.27757674196056E+03


    5.55792922295476E+03    1.27610861359630E+03
    5.55779366429825E+03    1.27707520592353E+03
    5.55680369037982E+03    1.27698507691620E+03
    5.55792922295476E+03    1.27610861359630E+03


    5.55792922295476E+03    1.27610861359630E+03
    5.55680369037982E+03    1.27698507691620E+03
    5.55692747687243E+03    1.27600494301790E+03
    5.55792922295476E+03    1.27610861359630E+03


    5.55818811451677E+03    1.27412944792163E+03
    5.55923169787308E+03    1.27352768311251E+03
    5.55922431086994E+03    1.27412306980029E+03
    5.55818811451677E+03    1.27412944792163E+03


    5.55818811451677E+03    1.27412944792163E+03
    5.55822464806439E+03    1.27353034380111E+03
    5.55923169787308E+03    1.27352768311251E+03
    5.55818811451677E+03    1.27412944792163E+03


    5.55922431086994E+03    1.27412306980029E+03
    5.56023257450010E+03    1.27350292741426E+03
    5.56022337166005E+03    1.27410133312369E+03
    5.55922431086994E+03    1.27412306980029E+03


    5.55922431086994E+03    1.27412306980029E+03
    5.55923169787308E+03    1.27352768311251E+03
    5.56023257450010E+03    1.27350292741426E+03
    5.55922431086994E+03    1.27412306980029E+03


    5.56022337166005E+03    1.27410133312369E+03
    5.56122606336822E+03    1.27349940643233E+03
    5.56118841662249E+03    1.27409436649146E+03
    5.56022337166005E+03    1.27410133312369E+03


    5.56022337166005E+03    1.27410133312369E+03
    5.56023257450010E+03    1.27350292741426E+03
    5.56122606336822E+03    1.27349940643233E+03
    5.56022337166005E+03    1.27410133312369E+03


    5.55513593452964E+03    1.27387865662978E+03
    5.55620327734250E+03    1.27339110601393E+03
    5.55615011187073E+03    1.27396895854864E+03
    5.55513593452964E+03    1.27387865662978E+03


    5.55513593452964E+03    1.27387865662978E+03
    5.55518986098464E+03    1.27330827720115E+03
    5.55620327734250E+03    1.27339110601393E+03
    5.55513593452964E+03    1.27387865662978E+03


    5.55615011187073E+03    1.27396895854864E+03
    5.55721456211335E+03    1.27346664074068E+03
    5.55716622914881E+03    1.27405159363112E+03
    5.55615011187073E+03    1.27396895854864E+03


    5.55615011187073E+03    1.27396895854864E+03
    5.55620327734250E+03    1.27339110601393E+03
    5.55721456211335E+03    1.27346664074068E+03
    5.55615011187073E+03    1.27396895854864E+03


    5.56598873528454E+03    1.27382925883970E+03
    5.56593558589023E+03    1.27445749057041E+03
    5.56435381506379E+03    1.27432411550020E+03
    5.56598873528454E+03    1.27382925883970E+03


    5.56440820291200E+03    1.27370598926270E+03
    5.56598873528454E+03    1.27382925883970E+03
    5.56435381506379E+03    1.27432411550020E+03
    5.56440820291200E+03    1.27370598926270E+03


    5.56440820291200E+03    1.27370598926270E+03
    5.56435381506379E+03    1.27432411550020E+03
    5.56276975221187E+03    1.27420698787928E+03
    5.56440820291200E+03    1.27370598926270E+03


    5.56282084381070E+03    1.27359827150256E+03
    5.56440820291200E+03    1.27370598926270E+03
    5.56276975221187E+03    1.27420698787928E+03
    5.56282084381070E+03    1.27359827150256E+03


    5.56282084381070E+03    1.27359827150256E+03
    5.56276975221187E+03    1.27420698787928E+03
    5.56118841662249E+03    1.27409436649146E+03
    5.56282084381070E+03    1.27359827150256E+03


    5.56122606336822E+03    1.27349940643233E+03
    5.56282084381070E+03    1.27359827150256E+03
    5.56118841662249E+03    1.27409436649146E+03
    5.56122606336822E+03    1.27349940643233E+03


    5.55716622914881E+03    1.27405159363112E+03
    5.55822464806439E+03    1.27353034380111E+03
    5.55818811451677E+03    1.27412944792163E+03
    5.55716622914881E+03    1.27405159363112E+03


    5.55716622914881E+03    1.27405159363112E+03
    5.55721456211335E+03    1.27346664074068E+03
    5.55822464806439E+03    1.27353034380111E+03
    5.55716622914881E+03    1.27405159363112E+03


    5.55822464806439E+03    1.27353034380111E+03
    5.55924728731145E+03    1.27292942944321E+03
    5.55923169787308E+03    1.27352768311251E+03
    5.55822464806439E+03    1.27353034380111E+03


    5.55822464806439E+03    1.27353034380111E+03
    5.55825503653233E+03    1.27293497359819E+03
    5.55924728731145E+03    1.27292942944321E+03
    5.55822464806439E+03    1.27353034380111E+03


    5.55923169787308E+03    1.27352768311251E+03
    5.56024842143732E+03    1.27290529829098E+03
    5.56023257450010E+03    1.27350292741426E+03
    5.55923169787308E+03    1.27352768311251E+03


    5.55923169787308E+03    1.27352768311251E+03
    5.55924728731145E+03    1.27292942944321E+03
    5.56024842143732E+03    1.27290529829098E+03
    5.55923169787308E+03    1.27352768311251E+03


    5.56023257450010E+03    1.27350292741426E+03
    5.56125814218015E+03    1.27290409477008E+03
    5.56122606336822E+03    1.27349940643233E+03
    5.56023257450010E+03    1.27350292741426E+03


    5.56023257450010E+03    1.27350292741426E+03
    5.56024842143732E+03    1.27290529829098E+03
    5.56125814218015E+03    1.27290409477008E+03
    5.56023257450010E+03    1.27350292741426E+03


    5.55518986098464E+03    1.27330827720115E+03
    5.55625012820446E+03    1.27281294131275E+03
    5.55620327734250E+03    1.27339110601393E+03
    5.55518986098464E+03    1.27330827720115E+03


    5.55518986098464E+03    1.27330827720115E+03
    5.55523813993964E+03    1.27273799855738E+03
    5.55625012820446E+03    1.27281294131275E+03
    5.55518986098464E+03    1.27330827720115E+03


    5.55620327734250E+03    1.27339110601393E+03
    5.55725558900719E+03    1.27288016611049E+03
    5.55721456211335E+03    1.27346664074068E+03
    5.55620327734250E+03    1.27339110601393E+03


    5.55620327734250E+03    1.27339110601393E+03
    5.55625012820446E+03    1.27281294131275E+03
    5.55725558900719E+03    1.27288016611049E+03
    5.55620327734250E+03    1.27339110601393E+03


    5.56603807206699E+03    1.27319922312533E+03
    5.56598873528454E+03    1.27382925883970E+03
    5.56440820291200E+03    1.27370598926270E+03
    5.56603807206699E+03    1.27319922312533E+03


    5.56445826624557E+03    1.27308732739751E+03
    5.56603807206699E+03    1.27319922312533E+03
    5.56440820291200E+03    1.27370598926270E+03
    5.56445826624557E+03    1.27308732739751E+03


    5.56445826624557E+03    1.27308732739751E+03
    5.56440820291200E+03    1.27370598926270E+03
    5.56282084381070E+03    1.27359827150256E+03
    5.56445826624557E+03    1.27308732739751E+03


    5.56286623377443E+03    1.27299139642151E+03
    5.56445826624557E+03    1.27308732739751E+03
    5.56282084381070E+03    1.27359827150256E+03
    5.56286623377443E+03    1.27299139642151E+03


    5.56286623377443E+03    1.27299139642151E+03
    5.56282084381070E+03    1.27359827150256E+03
    5.56122606336822E+03    1.27349940643233E+03
    5.56286623377443E+03    1.27299139642151E+03


    5.56125814218015E+03    1.27290409477008E+03
    5.56286623377443E+03    1.27299139642151E+03
    5.56122606336822E+03    1.27349940643233E+03
    5.56125814218015E+03    1.27290409477008E+03


    5.55721456211335E+03    1.27346664074068E+03
    5.55825503653233E+03    1.27293497359819E+03
    5.55822464806439E+03    1.27353034380111E+03
    5.55721456211335E+03    1.27346664074068E+03


    5.55721456211335E+03    1.27346664074068E+03
    5.55725558900719E+03    1.27288016611049E+03
    5.55825503653233E+03    1.27293497359819E+03
    5.55721456211335E+03    1.27346664074068E+03


    5.55825503653233E+03    1.27293497359819E+03
    5.55925490761178E+03    1.27233065444872E+03
    5.55924728731145E+03    1.27292942944321E+03
    5.55825503653233E+03    1.27293497359819E+03


    5.55825503653233E+03    1.27293497359819E+03
    5.55828482043519E+03    1.27234122979535E+03
    5.55925490761178E+03    1.27233065444872E+03
    5.55825503653233E+03    1.27293497359819E+03


    5.55924728731145E+03    1.27292942944321E+03
    5.56025573947884E+03    1.27230986996124E+03
    5.56024842143732E+03    1.27290529829098E+03
    5.55924728731145E+03    1.27292942944321E+03


    5.55924728731145E+03    1.27292942944321E+03
    5.55925490761178E+03    1.27233065444872E+03
    5.56025573947884E+03    1.27230986996124E+03
    5.55924728731145E+03    1.27292942944321E+03


    5.56024842143732E+03    1.27290529829098E+03
    5.56129132845866E+03    1.27230694044991E+03
    5.56125814218015E+03    1.27290409477008E+03
    5.56024842143732E+03    1.27290529829098E+03


    5.56024842143732E+03    1.27290529829098E+03
    5.56025573947884E+03    1.27230986996124E+03
    5.56129132845866E+03    1.27230694044991E+03
    5.56024842143732E+03    1.27290529829098E+03


    5.55523813993964E+03    1.27273799855738E+03
    5.55629386779488E+03    1.27223464079205E+03
    5.55625012820446E+03    1.27281294131275E+03
    5.55523813993964E+03    1.27273799855738E+03


    5.55523813993964E+03    1.27273799855738E+03
    5.55528315385490E+03    1.27216800629962E+03
    5.55629386779488E+03    1.27223464079205E+03
    5.55523813993964E+03    1.27273799855738E+03


    5.55625012820446E+03    1.27281294131275E+03
    5.55729476271587E+03    1.27229230130962E+03
    5.55725558900719E+03    1.27288016611049E+03
    5.55625012820446E+03    1.27281294131275E+03


    5.55625012820446E+03    1.27281294131275E+03
    5.55629386779488E+03    1.27223464079205E+03
    5.55729476271587E+03    1.27229230130962E+03
    5.55625012820446E+03    1.27281294131275E+03


    5.55646630155454E+03    1.26936506476346E+03
    5.55642737107988E+03    1.27031941987527E+03
    5.55541477701889E+03    1.27028851499786E+03
    5.55646630155454E+03    1.26936506476346E+03


    5.55646630155454E+03    1.26936506476346E+03
    5.55541477701889E+03    1.27028851499786E+03
    5.55546630155454E+03    1.26936506476346E+03
    5.55646630155454E+03    1.26936506476346E+03


    5.55642737107988E+03    1.27031941987527E+03
    5.55636643052584E+03    1.27127475470092E+03
    5.55535368311473E+03    1.27122291249645E+03
    5.55642737107988E+03    1.27031941987527E+03


    5.55642737107988E+03    1.27031941987527E+03
    5.55535368311473E+03    1.27122291249645E+03
    5.55541477701889E+03    1.27028851499786E+03
    5.55642737107988E+03    1.27031941987527E+03


    5.55636643052584E+03    1.27127475470092E+03
    5.55629386779488E+03    1.27223464079205E+03
    5.55528315385490E+03    1.27216800629962E+03
    5.55636643052584E+03    1.27127475470092E+03


    5.55636643052584E+03    1.27127475470092E+03
    5.55528315385490E+03    1.27216800629962E+03
    5.55535368311473E+03    1.27122291249645E+03
    5.55636643052584E+03    1.27127475470092E+03


    5.55746630155454E+03    1.26936506476346E+03
    5.55743345698822E+03    1.27034228718273E+03
    5.55642737107988E+03    1.27031941987527E+03
    5.55746630155454E+03    1.26936506476346E+03


    5.55746630155454E+03    1.26936506476346E+03
    5.55642737107988E+03    1.27031941987527E+03
    5.55646630155454E+03    1.26936506476346E+03
    5.55746630155454E+03    1.26936506476346E+03


    5.55743345698822E+03    1.27034228718273E+03
    5.55737192678511E+03    1.27131721480509E+03
    5.55636643052584E+03    1.27127475470092E+03
    5.55743345698822E+03    1.27034228718273E+03


    5.55743345698822E+03    1.27034228718273E+03
    5.55636643052584E+03    1.27127475470092E+03
    5.55642737107988E+03    1.27031941987527E+03
    5.55743345698822E+03    1.27034228718273E+03


    5.55737192678511E+03    1.27131721480509E+03
    5.55729476271587E+03    1.27229230130962E+03
    5.55629386779488E+03    1.27223464079205E+03
    5.55737192678511E+03    1.27131721480509E+03


    5.55737192678511E+03    1.27131721480509E+03
    5.55629386779488E+03    1.27223464079205E+03
    5.55636643052584E+03    1.27127475470092E+03
    5.55737192678511E+03    1.27131721480509E+03


    5.55846630155454E+03    1.26936506476346E+03
    5.55843398864750E+03    1.27037120507529E+03
    5.55743345698822E+03    1.27034228718273E+03
    5.55846630155454E+03    1.26936506476346E+03


    5.55846630155454E+03    1.26936506476346E+03
    5.55743345698822E+03    1.27034228718273E+03
    5.55746630155454E+03    1.26936506476346E+03
    5.55846630155454E+03    1.26936506476346E+03


    5.55843398864750E+03    1.27037120507529E+03
    5.55837231995303E+03    1.27136354217640E+03
    5.55737192678511E+03    1.27131721480509E+03
    5.55843398864750E+03    1.27037120507529E+03


    5.55843398864750E+03    1.27037120507529E+03
    5.55737192678511E+03    1.27131721480509E+03
    5.55743345698822E+03    1.27034228718273E+03
    5.55843398864750E+03    1.27037120507529E+03


    5.56450473205378E+03    1.27246821352733E+03
    5.56615310961825E+03    1.27151005332195E+03
    5.56608323435976E+03    1.27256744098278E+03
    5.56450473205378E+03    1.27246821352733E+03


    5.56450473205378E+03    1.27246821352733E+03
    5.56457511584385E+03    1.27143491333461E+03
    5.56615310961825E+03    1.27151005332195E+03
    5.56450473205378E+03    1.27246821352733E+03


    5.56290907310951E+03    1.27238622436028E+03
    5.56457511584385E+03    1.27143491333461E+03
    5.56450473205378E+03    1.27246821352733E+03
    5.56290907310951E+03    1.27238622436028E+03


    5.56290907310951E+03    1.27238622436028E+03
    5.56297940891994E+03    1.27137934657820E+03
    5.56457511584385E+03    1.27143491333461E+03
    5.56290907310951E+03    1.27238622436028E+03


    5.56129132845866E+03    1.27230694044991E+03
    5.56297940891994E+03    1.27137934657820E+03
    5.56290907310951E+03    1.27238622436028E+03
    5.56129132845866E+03    1.27230694044991E+03


    5.56129132845866E+03    1.27230694044991E+03
    5.56137516605025E+03    1.27131395809896E+03
    5.56297940891994E+03    1.27137934657820E+03
    5.56129132845866E+03    1.27230694044991E+03


    5.56457511584385E+03    1.27143491333461E+03
    5.56621177962515E+03    1.27044406633777E+03
    5.56615310961825E+03    1.27151005332195E+03
    5.56457511584385E+03    1.27143491333461E+03


    5.56457511584385E+03    1.27143491333461E+03
    5.56463218730441E+03    1.27039899227748E+03
    5.56621177962515E+03    1.27044406633777E+03
    5.56457511584385E+03    1.27143491333461E+03


    5.56297940891994E+03    1.27137934657820E+03
    5.56463218730441E+03    1.27039899227748E+03
    5.56457511584385E+03    1.27143491333461E+03
    5.56297940891994E+03    1.27137934657820E+03


    5.56297940891994E+03    1.27137934657820E+03
    5.56303528992244E+03    1.27037130622194E+03
    5.56463218730441E+03    1.27039899227748E+03
    5.56297940891994E+03    1.27137934657820E+03


    5.56137516605025E+03    1.27131395809896E+03
    5.56303528992244E+03    1.27037130622194E+03
    5.56297940891994E+03    1.27137934657820E+03
    5.56137516605025E+03    1.27131395809896E+03


    5.56137516605025E+03    1.27131395809896E+03
    5.56143196550027E+03    1.27033475583866E+03
    5.56303528992244E+03    1.27037130622194E+03
    5.56137516605025E+03    1.27131395809896E+03


    5.56608323435976E+03    1.27256744098278E+03
    5.56603807206699E+03    1.27319922312533E+03
    5.56445826624557E+03    1.27308732739751E+03
    5.56608323435976E+03    1.27256744098278E+03


    5.56450473205378E+03    1.27246821352733E+03
    5.56608323435976E+03    1.27256744098278E+03
    5.56445826624557E+03    1.27308732739751E+03
    5.56450473205378E+03    1.27246821352733E+03


    5.56450473205378E+03    1.27246821352733E+03
    5.56445826624557E+03    1.27308732739751E+03
    5.56286623377443E+03    1.27299139642151E+03
    5.56450473205378E+03    1.27246821352733E+03


    5.56290907310951E+03    1.27238622436028E+03
    5.56450473205378E+03    1.27246821352733E+03
    5.56286623377443E+03    1.27299139642151E+03
    5.56290907310951E+03    1.27238622436028E+03


    5.56463218730441E+03    1.27039899227748E+03
    5.56626630155455E+03    1.26936506476346E+03
    5.56621177962515E+03    1.27044406633777E+03
    5.56463218730441E+03    1.27039899227748E+03


    5.56463218730441E+03    1.27039899227748E+03
    5.56466630155455E+03    1.26936506476346E+03
    5.56626630155455E+03    1.26936506476346E+03
    5.56463218730441E+03    1.27039899227748E+03


    5.56303528992244E+03    1.27037130622194E+03
    5.56466630155455E+03    1.26936506476346E+03
    5.56463218730441E+03    1.27039899227748E+03
    5.56303528992244E+03    1.27037130622194E+03


    5.56303528992244E+03    1.27037130622194E+03
    5.56306630155455E+03    1.26936506476346E+03
    5.56466630155455E+03    1.26936506476346E+03
    5.56303528992244E+03    1.27037130622194E+03


    5.56143196550027E+03    1.27033475583866E+03
    5.56306630155455E+03    1.26936506476346E+03
    5.56303528992244E+03    1.27037130622194E+03
    5.56143196550027E+03    1.27033475583866E+03


    5.56143196550027E+03    1.27033475583866E+03
    5.56146630155455E+03    1.26936506476346E+03
    5.56306630155455E+03    1.26936506476346E+03
    5.56143196550027E+03    1.27033475583866E+03


    5.56290907310951E+03    1.27238622436028E+03
    5.56286623377443E+03    1.27299139642151E+03
    5.56125814218015E+03    1.27290409477008E+03
    5.56290907310951E+03    1.27238622436028E+03


    5.56129132845866E+03    1.27230694044991E+03
    5.56290907310951E+03    1.27238622436028E+03
    5.56125814218015E+03    1.27290409477008E+03
    5.56129132845866E+03    1.27230694044991E+03


    5.55725558900719E+03    1.27288016611049E+03
    5.55828482043519E+03    1.27234122979535E+03
    5.55825503653233E+03    1.27293497359819E+03
    5.55725558900719E+03    1.27288016611049E+03


    5.55725558900719E+03    1.27288016611049E+03
    5.55729476271587E+03    1.27229230130962E+03
    5.55828482043519E+03    1.27234122979535E+03
    5.55725558900719E+03    1.27288016611049E+03


    5.55837231995303E+03    1.27136354217640E+03
    5.55828482043519E+03    1.27234122979535E+03
    5.55729476271587E+03    1.27229230130962E+03
    5.55837231995303E+03    1.27136354217640E+03


    5.55837231995303E+03    1.27136354217640E+03
    5.55729476271587E+03    1.27229230130962E+03
    5.55737192678511E+03    1.27131721480509E+03
    5.55837231995303E+03    1.27136354217640E+03


