# Gnuplot Deformed Mesh Archive
# X_deformed              Y_deformed
    5.55944921358854E+03    1.28866590664184E+03
    5.56042377755095E+03    1.28803344154370E+03
    5.56044427302737E+03    1.28863419012405E+03
    5.55944921358854E+03    1.28866590664184E+03


    5.55944921358854E+03    1.28866590664184E+03
    5.55942566976188E+03    1.28806461153657E+03
    5.56042377755095E+03    1.28803344154370E+03
    5.55944921358854E+03    1.28866590664184E+03


    5.56044427302737E+03    1.28863419012405E+03
    5.56142379120337E+03    1.28800573238127E+03
    5.56144502014375E+03    1.28860557895900E+03
    5.56044427302737E+03    1.28863419012405E+03


    5.56044427302737E+03    1.28863419012405E+03
    5.56042377755095E+03    1.28803344154370E+03
    5.56142379120337E+03    1.28800573238127E+03
    5.56044427302737E+03    1.28863419012405E+03


    5.56144502014375E+03    1.28860557895900E+03
    5.56242607547503E+03    1.28797262655931E+03
    5.56245156035789E+03    1.28857155633327E+03
    5.56144502014375E+03    1.28860557895900E+03


    5.56144502014375E+03    1.28860557895900E+03
    5.56142379120337E+03    1.28800573238127E+03
    5.56242607547503E+03    1.28797262655931E+03
    5.56144502014375E+03    1.28860557895900E+03


    5.55646118973536E+03    1.28881109426111E+03
    5.55743048161294E+03    1.28815966872514E+03
    5.55746003511514E+03    1.28875978761128E+03
    5.55646118973536E+03    1.28881109426111E+03


    5.55646118973536E+03    1.28881109426111E+03
    5.55643096398562E+03    1.28821126541786E+03
    5.55743048161294E+03    1.28815966872514E+03
    5.55646118973536E+03    1.28881109426111E+03


    5.55746003511514E+03    1.28875978761128E+03
    5.55842874812813E+03    1.28810925567615E+03
    5.55845610700673E+03    1.28870987009059E+03
    5.55746003511514E+03    1.28875978761128E+03


    5.55746003511514E+03    1.28875978761128E+03
    5.55743048161294E+03    1.28815966872514E+03
    5.55842874812813E+03    1.28810925567615E+03
    5.55746003511514E+03    1.28875978761128E+03


    5.56723374264926E+03    1.28772173940488E+03
    5.56726640048158E+03    1.28832162077565E+03
    5.56566506781391E+03    1.28840952142145E+03
    5.56723374264926E+03    1.28772173940488E+03


    5.56563290527542E+03    1.28780988713721E+03
    5.56723374264926E+03    1.28772173940488E+03
    5.56566506781391E+03    1.28840952142145E+03
    5.56563290527542E+03    1.28780988713721E+03


    5.56563290527542E+03    1.28780988713721E+03
    5.56566506781391E+03    1.28840952142145E+03
    5.56406020110384E+03    1.28849498343027E+03
    5.56563290527542E+03    1.28780988713721E+03


    5.56403016670423E+03    1.28789571772742E+03
    5.56563290527542E+03    1.28780988713721E+03
    5.56406020110384E+03    1.28849498343027E+03
    5.56403016670423E+03    1.28789571772742E+03


    5.56403016670423E+03    1.28789571772742E+03
    5.56406020110384E+03    1.28849498343027E+03
    5.56245156035789E+03    1.28857155633327E+03
    5.56403016670423E+03    1.28789571772742E+03


    5.56242607547503E+03    1.28797262655931E+03
    5.56403016670423E+03    1.28789571772742E+03
    5.56245156035789E+03    1.28857155633327E+03
    5.56242607547503E+03    1.28797262655931E+03


    5.55845610700673E+03    1.28870987009059E+03
    5.55942566976188E+03    1.28806461153657E+03
    5.55944921358854E+03    1.28866590664184E+03
    5.55845610700673E+03    1.28870987009059E+03


    5.55845610700673E+03    1.28870987009059E+03
    5.55842874812813E+03    1.28810925567615E+03
    5.55942566976188E+03    1.28806461153657E+03
    5.55845610700673E+03    1.28870987009059E+03


    5.55942566976188E+03    1.28806461153657E+03
    5.56040176026141E+03    1.28743271151402E+03
    5.56042377755095E+03    1.28803344154370E+03
    5.55942566976188E+03    1.28806461153657E+03


    5.55942566976188E+03    1.28806461153657E+03
    5.55940079943978E+03    1.28746280282266E+03
    5.56040176026141E+03    1.28743271151402E+03
    5.55942566976188E+03    1.28806461153657E+03


    5.56042377755095E+03    1.28803344154370E+03
    5.56140120680207E+03    1.28740574776565E+03
    5.56142379120337E+03    1.28800573238127E+03
    5.56042377755095E+03    1.28803344154370E+03


    5.56042377755095E+03    1.28803344154370E+03
    5.56040176026141E+03    1.28743271151402E+03
    5.56140120680207E+03    1.28740574776565E+03
    5.56042377755095E+03    1.28803344154370E+03


    5.56142379120337E+03    1.28800573238127E+03
    5.56239994764918E+03    1.28737398236286E+03
    5.56242607547503E+03    1.28797262655931E+03
    5.56142379120337E+03    1.28800573238127E+03


    5.56142379120337E+03    1.28800573238127E+03
    5.56140120680207E+03    1.28740574776565E+03
    5.56239994764918E+03    1.28737398236286E+03
    5.56142379120337E+03    1.28800573238127E+03


    5.55643096398562E+03    1.28821126541786E+03
    5.55740117731579E+03    1.28755985612852E+03
    5.55743048161294E+03    1.28815966872514E+03
    5.55643096398562E+03    1.28821126541786E+03


    5.55643096398562E+03    1.28821126541786E+03
    5.55640101359500E+03    1.28761206412507E+03
    5.55740117731579E+03    1.28755985612852E+03
    5.55643096398562E+03    1.28821126541786E+03


    5.55743048161294E+03    1.28815966872514E+03
    5.55840122377407E+03    1.28750881341260E+03
    5.55842874812813E+03    1.28810925567615E+03
    5.55743048161294E+03    1.28815966872514E+03


    5.55743048161294E+03    1.28815966872514E+03
    5.55740117731579E+03    1.28755985612852E+03
    5.55840122377407E+03    1.28750881341260E+03
    5.55743048161294E+03    1.28815966872514E+03


    5.56720108853736E+03    1.28712165242746E+03
    5.56723374264926E+03    1.28772173940488E+03
    5.56563290527542E+03    1.28780988713721E+03
    5.56720108853736E+03    1.28712165242746E+03


    5.56560079598437E+03    1.28721006180489E+03
    5.56720108853736E+03    1.28712165242746E+03
    5.56563290527542E+03    1.28780988713721E+03
    5.56560079598437E+03    1.28721006180489E+03


    5.56560079598437E+03    1.28721006180489E+03
    5.56563290527542E+03    1.28780988713721E+03
    5.56403016670423E+03    1.28789571772742E+03
    5.56560079598437E+03    1.28721006180489E+03


    5.56400001127573E+03    1.28729611195018E+03
    5.56560079598437E+03    1.28721006180489E+03
    5.56403016670423E+03    1.28789571772742E+03
    5.56400001127573E+03    1.28729611195018E+03


    5.56400001127573E+03    1.28729611195018E+03
    5.56403016670423E+03    1.28789571772742E+03
    5.56242607547503E+03    1.28797262655931E+03
    5.56400001127573E+03    1.28729611195018E+03


    5.56239994764918E+03    1.28737398236286E+03
    5.56400001127573E+03    1.28729611195018E+03
    5.56242607547503E+03    1.28797262655931E+03
    5.56239994764918E+03    1.28737398236286E+03


    5.55842874812813E+03    1.28810925567615E+03
    5.55940079943978E+03    1.28746280282266E+03
    5.55942566976188E+03    1.28806461153657E+03
    5.55842874812813E+03    1.28810925567615E+03


    5.55842874812813E+03    1.28810925567615E+03
    5.55840122377407E+03    1.28750881341260E+03
    5.55940079943978E+03    1.28746280282266E+03
    5.55842874812813E+03    1.28810925567615E+03


    5.55940079943978E+03    1.28746280282266E+03
    5.56038108659434E+03    1.28683219081291E+03
    5.56040176026141E+03    1.28743271151402E+03
    5.55940079943978E+03    1.28746280282266E+03


    5.55940079943978E+03    1.28746280282266E+03
    5.55937444513249E+03    1.28686048447464E+03
    5.56038108659434E+03    1.28683219081291E+03
    5.55940079943978E+03    1.28746280282266E+03


    5.56040176026141E+03    1.28743271151402E+03
    5.56138086487008E+03    1.28680479299803E+03
    5.56140120680207E+03    1.28740574776565E+03
    5.56040176026141E+03    1.28743271151402E+03


    5.56040176026141E+03    1.28743271151402E+03
    5.56038108659434E+03    1.28683219081291E+03
    5.56138086487008E+03    1.28680479299803E+03
    5.56040176026141E+03    1.28743271151402E+03


    5.56140120680207E+03    1.28740574776565E+03
    5.56237224565987E+03    1.28677602633235E+03
    5.56239994764918E+03    1.28737398236286E+03
    5.56140120680207E+03    1.28740574776565E+03


    5.56140120680207E+03    1.28740574776565E+03
    5.56138086487008E+03    1.28680479299803E+03
    5.56237224565987E+03    1.28677602633235E+03
    5.56140120680207E+03    1.28740574776565E+03


    5.55640101359500E+03    1.28761206412507E+03
    5.55737087837897E+03    1.28696026213844E+03
    5.55740117731579E+03    1.28755985612852E+03
    5.55640101359500E+03    1.28761206412507E+03


    5.55640101359500E+03    1.28761206412507E+03
    5.55637031814806E+03    1.28701344864616E+03
    5.55737087837897E+03    1.28696026213844E+03
    5.55640101359500E+03    1.28761206412507E+03


    5.55740117731579E+03    1.28755985612852E+03
    5.55837229175023E+03    1.28690854458188E+03
    5.55840122377407E+03    1.28750881341260E+03
    5.55740117731579E+03    1.28755985612852E+03


    5.55740117731579E+03    1.28755985612852E+03
    5.55737087837897E+03    1.28696026213844E+03
    5.55837229175023E+03    1.28690854458188E+03
    5.55740117731579E+03    1.28755985612852E+03


    5.55719712653429E+03    1.28395489655664E+03
    5.55725618718983E+03    1.28495847806079E+03
    5.55625709720064E+03    1.28501453360504E+03
    5.55719712653429E+03    1.28395489655664E+03


    5.55719712653429E+03    1.28395489655664E+03
    5.55625709720064E+03    1.28501453360504E+03
    5.55619884483879E+03    1.28401175809049E+03
    5.55719712653429E+03    1.28395489655664E+03


    5.55725618718983E+03    1.28495847806079E+03
    5.55731522715822E+03    1.28596012730519E+03
    5.55631511285964E+03    1.28601504716526E+03
    5.55725618718983E+03    1.28495847806079E+03


    5.55725618718983E+03    1.28495847806079E+03
    5.55631511285964E+03    1.28601504716526E+03
    5.55625709720064E+03    1.28501453360504E+03
    5.55725618718983E+03    1.28495847806079E+03


    5.55731522715822E+03    1.28596012730519E+03
    5.55737087837897E+03    1.28696026213844E+03
    5.55637031814806E+03    1.28701344864616E+03
    5.55731522715822E+03    1.28596012730519E+03


    5.55731522715822E+03    1.28596012730519E+03
    5.55637031814806E+03    1.28701344864616E+03
    5.55631511285964E+03    1.28601504716526E+03
    5.55731522715822E+03    1.28596012730519E+03


    5.55819285856662E+03    1.28389978769556E+03
    5.55825421864097E+03    1.28490424851324E+03
    5.55725618718983E+03    1.28495847806079E+03
    5.55819285856662E+03    1.28389978769556E+03


    5.55819285856662E+03    1.28389978769556E+03
    5.55725618718983E+03    1.28495847806079E+03
    5.55719712653429E+03    1.28395489655664E+03
    5.55819285856662E+03    1.28389978769556E+03


    5.55825421864097E+03    1.28490424851324E+03
    5.55831540888288E+03    1.28590659253151E+03
    5.55731522715822E+03    1.28596012730519E+03
    5.55825421864097E+03    1.28490424851324E+03


    5.55825421864097E+03    1.28490424851324E+03
    5.55731522715822E+03    1.28596012730519E+03
    5.55725618718983E+03    1.28495847806079E+03
    5.55825421864097E+03    1.28490424851324E+03


    5.55831540888288E+03    1.28590659253151E+03
    5.55837229175023E+03    1.28690854458188E+03
    5.55737087837897E+03    1.28696026213844E+03
    5.55831540888288E+03    1.28590659253151E+03


    5.55831540888288E+03    1.28590659253151E+03
    5.55737087837897E+03    1.28696026213844E+03
    5.55731522715822E+03    1.28596012730519E+03
    5.55831540888288E+03    1.28590659253151E+03


    5.55918480508286E+03    1.28384745846434E+03
    5.55925338060647E+03    1.28484701507281E+03
    5.55825421864097E+03    1.28490424851324E+03
    5.55918480508286E+03    1.28384745846434E+03


    5.55918480508286E+03    1.28384745846434E+03
    5.55825421864097E+03    1.28490424851324E+03
    5.55819285856662E+03    1.28389978769556E+03
    5.55918480508286E+03    1.28384745846434E+03


    5.55925338060647E+03    1.28484701507281E+03
    5.55931524643388E+03    1.28585220456711E+03
    5.55831540888288E+03    1.28590659253151E+03
    5.55925338060647E+03    1.28484701507281E+03


    5.55925338060647E+03    1.28484701507281E+03
    5.55831540888288E+03    1.28590659253151E+03
    5.55825421864097E+03    1.28490424851324E+03
    5.55925338060647E+03    1.28484701507281E+03


    5.56556826834389E+03    1.28661008924012E+03
    5.56711237954831E+03    1.28552076548239E+03
    5.56716816564419E+03    1.28652135704980E+03
    5.56556826834389E+03    1.28661008924012E+03


    5.56556826834389E+03    1.28661008924012E+03
    5.56551231626632E+03    1.28561025377084E+03
    5.56711237954831E+03    1.28552076548239E+03
    5.56556826834389E+03    1.28661008924012E+03


    5.56396880966403E+03    1.28669627346848E+03
    5.56551231626632E+03    1.28561025377084E+03
    5.56556826834389E+03    1.28661008924012E+03
    5.56396880966403E+03    1.28669627346848E+03


    5.56396880966403E+03    1.28669627346848E+03
    5.56391237486956E+03    1.28569669824459E+03
    5.56551231626632E+03    1.28561025377084E+03
    5.56396880966403E+03    1.28669627346848E+03


    5.56237224565987E+03    1.28677602633235E+03
    5.56391237486956E+03    1.28569669824459E+03
    5.56396880966403E+03    1.28669627346848E+03
    5.56237224565987E+03    1.28677602633235E+03


    5.56237224565987E+03    1.28677602633235E+03
    5.56231096328172E+03    1.28578239817171E+03
    5.56391237486956E+03    1.28569669824459E+03
    5.56237224565987E+03    1.28677602633235E+03


    5.56551231626632E+03    1.28561025377084E+03
    5.56705517999767E+03    1.28452061778602E+03
    5.56711237954831E+03    1.28552076548239E+03
    5.56551231626632E+03    1.28561025377084E+03


    5.56551231626632E+03    1.28561025377084E+03
    5.56545443873150E+03    1.28461119804408E+03
    5.56705517999767E+03    1.28452061778602E+03
    5.56551231626632E+03    1.28561025377084E+03


    5.56391237486956E+03    1.28569669824459E+03
    5.56545443873150E+03    1.28461119804408E+03
    5.56551231626632E+03    1.28561025377084E+03
    5.56391237486956E+03    1.28569669824459E+03


    5.56391237486956E+03    1.28569669824459E+03
    5.56385246546037E+03    1.28469873952669E+03
    5.56545443873150E+03    1.28461119804408E+03
    5.56391237486956E+03    1.28569669824459E+03


    5.56231096328172E+03    1.28578239817171E+03
    5.56385246546037E+03    1.28469873952669E+03
    5.56391237486956E+03    1.28569669824459E+03
    5.56231096328172E+03    1.28578239817171E+03


    5.56231096328172E+03    1.28578239817171E+03
    5.56224904713865E+03    1.28478577013039E+03
    5.56385246546037E+03    1.28469873952669E+03
    5.56231096328172E+03    1.28578239817171E+03


    5.56716816564419E+03    1.28652135704980E+03
    5.56720108853736E+03    1.28712165242746E+03
    5.56560079598437E+03    1.28721006180489E+03
    5.56716816564419E+03    1.28652135704980E+03


    5.56556826834389E+03    1.28661008924012E+03
    5.56716816564419E+03    1.28652135704980E+03
    5.56560079598437E+03    1.28721006180489E+03
    5.56556826834389E+03    1.28661008924012E+03


    5.56556826834389E+03    1.28661008924012E+03
    5.56560079598437E+03    1.28721006180489E+03
    5.56400001127573E+03    1.28729611195018E+03
    5.56556826834389E+03    1.28661008924012E+03


    5.56396880966403E+03    1.28669627346848E+03
    5.56556826834389E+03    1.28661008924012E+03
    5.56400001127573E+03    1.28729611195018E+03
    5.56396880966403E+03    1.28669627346848E+03


    5.56545443873150E+03    1.28461119804408E+03
    5.56699697868194E+03    1.28352138544456E+03
    5.56705517999767E+03    1.28452061778602E+03
    5.56545443873150E+03    1.28461119804408E+03


    5.56545443873150E+03    1.28461119804408E+03
    5.56539550198912E+03    1.28361326458564E+03
    5.56699697868194E+03    1.28352138544456E+03
    5.56545443873150E+03    1.28461119804408E+03


    5.56385246546037E+03    1.28469873952669E+03
    5.56539550198912E+03    1.28361326458564E+03
    5.56545443873150E+03    1.28461119804408E+03
    5.56385246546037E+03    1.28469873952669E+03


    5.56385246546037E+03    1.28469873952669E+03
    5.56379181958038E+03    1.28370168425511E+03
    5.56539550198912E+03    1.28361326458564E+03
    5.56385246546037E+03    1.28469873952669E+03


    5.56224904713865E+03    1.28478577013039E+03
    5.56379181958038E+03    1.28370168425511E+03
    5.56385246546037E+03    1.28469873952669E+03
    5.56224904713865E+03    1.28478577013039E+03


    5.56224904713865E+03    1.28478577013039E+03
    5.56218353711943E+03    1.28378674693755E+03
    5.56379181958038E+03    1.28370168425511E+03
    5.56224904713865E+03    1.28478577013039E+03


    5.56396880966403E+03    1.28669627346848E+03
    5.56400001127573E+03    1.28729611195018E+03
    5.56239994764918E+03    1.28737398236286E+03
    5.56396880966403E+03    1.28669627346848E+03


    5.56237224565987E+03    1.28677602633235E+03
    5.56396880966403E+03    1.28669627346848E+03
    5.56239994764918E+03    1.28737398236286E+03
    5.56237224565987E+03    1.28677602633235E+03


    5.55840122377407E+03    1.28750881341260E+03
    5.55937444513249E+03    1.28686048447464E+03
    5.55940079943978E+03    1.28746280282266E+03
    5.55840122377407E+03    1.28750881341260E+03


    5.55840122377407E+03    1.28750881341260E+03
    5.55837229175023E+03    1.28690854458188E+03
    5.55937444513249E+03    1.28686048447464E+03
    5.55840122377407E+03    1.28750881341260E+03


    5.55931524643388E+03    1.28585220456711E+03
    5.55937444513249E+03    1.28686048447464E+03
    5.55837229175023E+03    1.28690854458188E+03
    5.55931524643388E+03    1.28585220456711E+03


    5.55931524643388E+03    1.28585220456711E+03
    5.55837229175023E+03    1.28690854458188E+03
    5.55831540888288E+03    1.28590659253151E+03
    5.55931524643388E+03    1.28585220456711E+03


    5.55918480508286E+03    1.28384745846434E+03
    5.56015235379371E+03    1.28322448763765E+03
    5.56016940111394E+03    1.28382655363546E+03
    5.55918480508286E+03    1.28384745846434E+03


    5.55918480508286E+03    1.28384745846434E+03
    5.55915659400466E+03    1.28324669828163E+03
    5.56015235379371E+03    1.28322448763765E+03
    5.55918480508286E+03    1.28384745846434E+03


    5.56016940111394E+03    1.28382655363546E+03
    5.56115103489034E+03    1.28321146987406E+03
    5.56116922965935E+03    1.28381176546621E+03
    5.56016940111394E+03    1.28382655363546E+03


    5.56016940111394E+03    1.28382655363546E+03
    5.56015235379371E+03    1.28322448763765E+03
    5.56115103489034E+03    1.28321146987406E+03
    5.56016940111394E+03    1.28382655363546E+03


    5.56116922965935E+03    1.28381176546621E+03
    5.56215427775219E+03    1.28318772363978E+03
    5.56218353711943E+03    1.28378674693755E+03
    5.56116922965935E+03    1.28381176546621E+03


    5.56116922965935E+03    1.28381176546621E+03
    5.56115103489034E+03    1.28321146987406E+03
    5.56215427775219E+03    1.28318772363978E+03
    5.56116922965935E+03    1.28381176546621E+03


    5.55619884483879E+03    1.28401175809049E+03
    5.55716368163489E+03    1.28335254569753E+03
    5.55719712653429E+03    1.28395489655664E+03
    5.55619884483879E+03    1.28401175809049E+03


    5.55619884483879E+03    1.28401175809049E+03
    5.55616506440357E+03    1.28340993932406E+03
    5.55716368163489E+03    1.28335254569753E+03
    5.55619884483879E+03    1.28401175809049E+03


    5.55719712653429E+03    1.28395489655664E+03
    5.55816102911187E+03    1.28329683731695E+03
    5.55819285856662E+03    1.28389978769556E+03
    5.55719712653429E+03    1.28395489655664E+03


    5.55719712653429E+03    1.28395489655664E+03
    5.55716368163489E+03    1.28335254569753E+03
    5.55816102911187E+03    1.28329683731695E+03
    5.55719712653429E+03    1.28395489655664E+03


    5.56696165040450E+03    1.28292232557548E+03
    5.56699697868194E+03    1.28352138544456E+03
    5.56539550198912E+03    1.28361326458564E+03
    5.56696165040450E+03    1.28292232557548E+03


    5.56536021725351E+03    1.28301500192293E+03
    5.56696165040450E+03    1.28292232557548E+03
    5.56539550198912E+03    1.28361326458564E+03
    5.56536021725351E+03    1.28301500192293E+03


    5.56536021725351E+03    1.28301500192293E+03
    5.56539550198912E+03    1.28361326458564E+03
    5.56379181958038E+03    1.28370168425511E+03
    5.56536021725351E+03    1.28301500192293E+03


    5.56375763823823E+03    1.28310418978406E+03
    5.56536021725351E+03    1.28301500192293E+03
    5.56379181958038E+03    1.28370168425511E+03
    5.56375763823823E+03    1.28310418978406E+03


    5.56375763823823E+03    1.28310418978406E+03
    5.56379181958038E+03    1.28370168425511E+03
    5.56218353711943E+03    1.28378674693755E+03
    5.56375763823823E+03    1.28310418978406E+03


    5.56215427775219E+03    1.28318772363978E+03
    5.56375763823823E+03    1.28310418978406E+03
    5.56218353711943E+03    1.28378674693755E+03
    5.56215427775219E+03    1.28318772363978E+03


    5.55819285856662E+03    1.28389978769556E+03
    5.55915659400466E+03    1.28324669828163E+03
    5.55918480508286E+03    1.28384745846434E+03
    5.55819285856662E+03    1.28389978769556E+03


    5.55819285856662E+03    1.28389978769556E+03
    5.55816102911187E+03    1.28329683731695E+03
    5.55915659400466E+03    1.28324669828163E+03
    5.55819285856662E+03    1.28389978769556E+03


    5.55915659400466E+03    1.28324669828163E+03
    5.56013189413094E+03    1.28262335564680E+03
    5.56015235379371E+03    1.28322448763765E+03
    5.55915659400466E+03    1.28324669828163E+03


    5.55915659400466E+03    1.28324669828163E+03
    5.55912984943204E+03    1.28264409024916E+03
    5.56013189413094E+03    1.28262335564680E+03
    5.55915659400466E+03    1.28324669828163E+03


    5.56015235379371E+03    1.28322448763765E+03
    5.56113020758757E+03    1.28261094860959E+03
    5.56115103489034E+03    1.28321146987406E+03
    5.56015235379371E+03    1.28322448763765E+03


    5.56015235379371E+03    1.28322448763765E+03
    5.56013189413094E+03    1.28262335564680E+03
    5.56113020758757E+03    1.28261094860959E+03
    5.56015235379371E+03    1.28322448763765E+03


    5.56115103489034E+03    1.28321146987406E+03
    5.56212630398692E+03    1.28258907050927E+03
    5.56215427775219E+03    1.28318772363978E+03
    5.56115103489034E+03    1.28321146987406E+03


    5.56115103489034E+03    1.28321146987406E+03
    5.56113020758757E+03    1.28261094860959E+03
    5.56212630398692E+03    1.28258907050927E+03
    5.56115103489034E+03    1.28321146987406E+03


    5.55616506440357E+03    1.28340993932406E+03
    5.55713055939156E+03    1.28275047355177E+03
    5.55716368163489E+03    1.28335254569753E+03
    5.55616506440357E+03    1.28340993932406E+03


    5.55616506440357E+03    1.28340993932406E+03
    5.55613126775520E+03    1.28280865775818E+03
    5.55713055939156E+03    1.28275047355177E+03
    5.55616506440357E+03    1.28340993932406E+03


    5.55716368163489E+03    1.28335254569753E+03
    5.55813022151542E+03    1.28269425926788E+03
    5.55816102911187E+03    1.28329683731695E+03
    5.55716368163489E+03    1.28335254569753E+03


    5.55716368163489E+03    1.28335254569753E+03
    5.55713055939156E+03    1.28275047355177E+03
    5.55813022151542E+03    1.28269425926788E+03
    5.55716368163489E+03    1.28335254569753E+03


    5.56692590137421E+03    1.28232351741964E+03
    5.56696165040450E+03    1.28292232557548E+03
    5.56536021725351E+03    1.28301500192293E+03
    5.56692590137421E+03    1.28232351741964E+03


    5.56532458382870E+03    1.28241679736260E+03
    5.56692590137421E+03    1.28232351741964E+03
    5.56536021725351E+03    1.28301500192293E+03
    5.56532458382870E+03    1.28241679736260E+03


    5.56532458382870E+03    1.28241679736260E+03
    5.56536021725351E+03    1.28301500192293E+03
    5.56375763823823E+03    1.28310418978406E+03
    5.56532458382870E+03    1.28241679736260E+03


    5.56372389351430E+03    1.28250613748039E+03
    5.56532458382870E+03    1.28241679736260E+03
    5.56375763823823E+03    1.28310418978406E+03
    5.56372389351430E+03    1.28250613748039E+03


    5.56372389351430E+03    1.28250613748039E+03
    5.56375763823823E+03    1.28310418978406E+03
    5.56215427775219E+03    1.28318772363978E+03
    5.56372389351430E+03    1.28250613748039E+03


    5.56212630398692E+03    1.28258907050927E+03
    5.56372389351430E+03    1.28250613748039E+03
    5.56215427775219E+03    1.28318772363978E+03
    5.56212630398692E+03    1.28258907050927E+03


    5.55816102911187E+03    1.28329683731695E+03
    5.55912984943204E+03    1.28264409024916E+03
    5.55915659400466E+03    1.28324669828163E+03
    5.55816102911187E+03    1.28329683731695E+03


    5.55816102911187E+03    1.28329683731695E+03
    5.55813022151542E+03    1.28269425926788E+03
    5.55912984943204E+03    1.28264409024916E+03
    5.55816102911187E+03    1.28329683731695E+03


    5.55912984943204E+03    1.28264409024916E+03
    5.56011475079123E+03    1.28202253866649E+03
    5.56013189413094E+03    1.28262335564680E+03
    5.55912984943204E+03    1.28264409024916E+03


    5.55912984943204E+03    1.28264409024916E+03
    5.55910205654282E+03    1.28204041398855E+03
    5.56011475079123E+03    1.28202253866649E+03
    5.55912984943204E+03    1.28264409024916E+03


    5.56013189413094E+03    1.28262335564680E+03
    5.56111397716762E+03    1.28200888299226E+03
    5.56113020758757E+03    1.28261094860959E+03
    5.56013189413094E+03    1.28262335564680E+03


    5.56013189413094E+03    1.28262335564680E+03
    5.56011475079123E+03    1.28202253866649E+03
    5.56111397716762E+03    1.28200888299226E+03
    5.56013189413094E+03    1.28262335564680E+03


    5.56113020758757E+03    1.28261094860959E+03
    5.56209657411382E+03    1.28199167120964E+03
    5.56212630398692E+03    1.28258907050927E+03
    5.56113020758757E+03    1.28261094860959E+03


    5.56113020758757E+03    1.28261094860959E+03
    5.56111397716762E+03    1.28200888299226E+03
    5.56209657411382E+03    1.28199167120964E+03
    5.56113020758757E+03    1.28261094860959E+03


    5.55613126775520E+03    1.28280865775818E+03
    5.55709623734169E+03    1.28214866943520E+03
    5.55713055939156E+03    1.28275047355177E+03
    5.55613126775520E+03    1.28280865775818E+03


    5.55613126775520E+03    1.28280865775818E+03
    5.55609648254727E+03    1.28220781393747E+03
    5.55709623734169E+03    1.28214866943520E+03
    5.55613126775520E+03    1.28280865775818E+03


    5.55713055939156E+03    1.28275047355177E+03
    5.55809801344443E+03    1.28209220403142E+03
    5.55813022151542E+03    1.28269425926788E+03
    5.55713055939156E+03    1.28275047355177E+03


    5.55713055939156E+03    1.28275047355177E+03
    5.55709623734169E+03    1.28214866943520E+03
    5.55809801344443E+03    1.28209220403142E+03
    5.55713055939156E+03    1.28275047355177E+03


    5.55690171939264E+03    1.27912702793045E+03
    5.55696557904278E+03    1.28013707525885E+03
    5.55596853383601E+03    1.28019696234995E+03
    5.55690171939264E+03    1.27912702793045E+03


    5.55690171939264E+03    1.27912702793045E+03
    5.55596853383601E+03    1.28019696234995E+03
    5.55590607583148E+03    1.27918547264966E+03
    5.55690171939264E+03    1.27912702793045E+03


    5.55696557904278E+03    1.28013707525885E+03
    5.55703228881694E+03    1.28114414037995E+03
    5.55603351837392E+03    1.28120444290783E+03
    5.55696557904278E+03    1.28013707525885E+03


    5.55696557904278E+03    1.28013707525885E+03
    5.55603351837392E+03    1.28120444290783E+03
    5.55596853383601E+03    1.28019696234995E+03
    5.55696557904278E+03    1.28013707525885E+03


    5.55703228881694E+03    1.28114414037995E+03
    5.55709623734169E+03    1.28214866943520E+03
    5.55609648254727E+03    1.28220781393747E+03
    5.55703228881694E+03    1.28114414037995E+03


    5.55703228881694E+03    1.28114414037995E+03
    5.55609648254727E+03    1.28220781393747E+03
    5.55603351837392E+03    1.28120444290783E+03
    5.55703228881694E+03    1.28114414037995E+03


    5.55789474509413E+03    1.27907146037684E+03
    5.55796184117986E+03    1.28008031238903E+03
    5.55696557904278E+03    1.28013707525885E+03
    5.55789474509413E+03    1.27907146037684E+03


    5.55789474509413E+03    1.27907146037684E+03
    5.55696557904278E+03    1.28013707525885E+03
    5.55690171939264E+03    1.27912702793045E+03
    5.55789474509413E+03    1.27907146037684E+03


    5.55796184117986E+03    1.28008031238903E+03
    5.55803176466662E+03    1.28108647315166E+03
    5.55703228881694E+03    1.28114414037995E+03
    5.55796184117986E+03    1.28008031238903E+03


    5.55796184117986E+03    1.28008031238903E+03
    5.55703228881694E+03    1.28114414037995E+03
    5.55696557904278E+03    1.28013707525885E+03
    5.55796184117986E+03    1.28008031238903E+03


    5.55803176466662E+03    1.28108647315166E+03
    5.55809801344443E+03    1.28209220403142E+03
    5.55709623734169E+03    1.28214866943520E+03
    5.55803176466662E+03    1.28108647315166E+03


    5.55803176466662E+03    1.28108647315166E+03
    5.55709623734169E+03    1.28214866943520E+03
    5.55703228881694E+03    1.28114414037995E+03
    5.55803176466662E+03    1.28108647315166E+03


    5.55888327871693E+03    1.27901931908974E+03
    5.55896033947468E+03    1.28001867549353E+03
    5.55796184117986E+03    1.28008031238903E+03
    5.55888327871693E+03    1.27901931908974E+03


    5.55888327871693E+03    1.27901931908974E+03
    5.55796184117986E+03    1.28008031238903E+03
    5.55789474509413E+03    1.27907146037684E+03
    5.55888327871693E+03    1.27901931908974E+03


    5.55896033947468E+03    1.28001867549353E+03
    5.55903129941063E+03    1.28102680413863E+03
    5.55803176466662E+03    1.28108647315166E+03
    5.55896033947468E+03    1.28001867549353E+03


    5.55896033947468E+03    1.28001867549353E+03
    5.55803176466662E+03    1.28108647315166E+03
    5.55796184117986E+03    1.28008031238903E+03
    5.55896033947468E+03    1.28001867549353E+03


    5.56528827590119E+03    1.28181859370239E+03
    5.56682797876142E+03    1.28072863847771E+03
    5.56688962974899E+03    1.28172501300468E+03
    5.56528827590119E+03    1.28181859370239E+03


    5.56528827590119E+03    1.28181859370239E+03
    5.56522572511574E+03    1.28082208194558E+03
    5.56682797876142E+03    1.28072863847771E+03
    5.56528827590119E+03    1.28181859370239E+03


    5.56368906288465E+03    1.28190751159804E+03
    5.56522572511574E+03    1.28082208194558E+03
    5.56528827590119E+03    1.28181859370239E+03
    5.56368906288465E+03    1.28190751159804E+03


    5.56368906288465E+03    1.28190751159804E+03
    5.56362502080449E+03    1.28090962501141E+03
    5.56522572511574E+03    1.28082208194558E+03
    5.56368906288465E+03    1.28190751159804E+03


    5.56209657411382E+03    1.28199167120964E+03
    5.56362502080449E+03    1.28090962501141E+03
    5.56368906288465E+03    1.28190751159804E+03
    5.56209657411382E+03    1.28199167120964E+03


    5.56209657411382E+03    1.28199167120964E+03
    5.56202336243262E+03    1.28100027104331E+03
    5.56362502080449E+03    1.28090962501141E+03
    5.56209657411382E+03    1.28199167120964E+03


    5.56522572511574E+03    1.28082208194558E+03
    5.56676574971253E+03    1.27973444800750E+03
    5.56682797876142E+03    1.28072863847771E+03
    5.56522572511574E+03    1.28082208194558E+03


    5.56522572511574E+03    1.28082208194558E+03
    5.56516208569469E+03    1.27982714595323E+03
    5.56676574971253E+03    1.27973444800750E+03
    5.56522572511574E+03    1.28082208194558E+03


    5.56362502080449E+03    1.28090962501141E+03
    5.56516208569469E+03    1.27982714595323E+03
    5.56522572511574E+03    1.28082208194558E+03
    5.56362502080449E+03    1.28090962501141E+03


    5.56362502080449E+03    1.28090962501141E+03
    5.56355804336634E+03    1.27991397440549E+03
    5.56516208569469E+03    1.27982714595323E+03
    5.56362502080449E+03    1.28090962501141E+03


    5.56202336243262E+03    1.28100027104331E+03
    5.56355804336634E+03    1.27991397440549E+03
    5.56362502080449E+03    1.28090962501141E+03
    5.56202336243262E+03    1.28100027104331E+03


    5.56202336243262E+03    1.28100027104331E+03
    5.56195345717153E+03    1.28000295543309E+03
    5.56355804336634E+03    1.27991397440549E+03
    5.56202336243262E+03    1.28100027104331E+03


    5.56688962974899E+03    1.28172501300468E+03
    5.56692590137421E+03    1.28232351741964E+03
    5.56532458382870E+03    1.28241679736260E+03
    5.56688962974899E+03    1.28172501300468E+03


    5.56528827590119E+03    1.28181859370239E+03
    5.56688962974899E+03    1.28172501300468E+03
    5.56532458382870E+03    1.28241679736260E+03
    5.56528827590119E+03    1.28181859370239E+03


    5.56528827590119E+03    1.28181859370239E+03
    5.56532458382870E+03    1.28241679736260E+03
    5.56372389351430E+03    1.28250613748039E+03
    5.56528827590119E+03    1.28181859370239E+03


    5.56368906288465E+03    1.28190751159804E+03
    5.56528827590119E+03    1.28181859370239E+03
    5.56372389351430E+03    1.28250613748039E+03
    5.56368906288465E+03    1.28190751159804E+03


    5.56516208569469E+03    1.27982714595323E+03
    5.56670423344890E+03    1.27874284914562E+03
    5.56676574971253E+03    1.27973444800750E+03
    5.56516208569469E+03    1.27982714595323E+03


    5.56516208569469E+03    1.27982714595323E+03
    5.56509940549647E+03    1.27883412100358E+03
    5.56670423344890E+03    1.27874284914562E+03
    5.56516208569469E+03    1.27982714595323E+03


    5.56355804336634E+03    1.27991397440549E+03
    5.56509940549647E+03    1.27883412100358E+03
    5.56516208569469E+03    1.27982714595323E+03
    5.56355804336634E+03    1.27991397440549E+03


    5.56355804336634E+03    1.27991397440549E+03
    5.56349292152808E+03    1.27891917315776E+03
    5.56509940549647E+03    1.27883412100358E+03
    5.56355804336634E+03    1.27991397440549E+03


    5.56195345717153E+03    1.28000295543309E+03
    5.56349292152808E+03    1.27891917315776E+03
    5.56355804336634E+03    1.27991397440549E+03
    5.56195345717153E+03    1.28000295543309E+03


    5.56195345717153E+03    1.28000295543309E+03
    5.56188187993475E+03    1.27900112469861E+03
    5.56349292152808E+03    1.27891917315776E+03
    5.56195345717153E+03    1.28000295543309E+03


    5.56368906288465E+03    1.28190751159804E+03
    5.56372389351430E+03    1.28250613748039E+03
    5.56212630398692E+03    1.28258907050927E+03
    5.56368906288465E+03    1.28190751159804E+03


    5.56209657411382E+03    1.28199167120964E+03
    5.56368906288465E+03    1.28190751159804E+03
    5.56212630398692E+03    1.28258907050927E+03
    5.56209657411382E+03    1.28199167120964E+03


    5.55813022151542E+03    1.28269425926788E+03
    5.55910205654282E+03    1.28204041398855E+03
    5.55912984943204E+03    1.28264409024916E+03
    5.55813022151542E+03    1.28269425926788E+03


    5.55813022151542E+03    1.28269425926788E+03
    5.55809801344443E+03    1.28209220403142E+03
    5.55910205654282E+03    1.28204041398855E+03
    5.55813022151542E+03    1.28269425926788E+03


    5.55903129941063E+03    1.28102680413863E+03
    5.55910205654282E+03    1.28204041398855E+03
    5.55809801344443E+03    1.28209220403142E+03
    5.55903129941063E+03    1.28102680413863E+03


    5.55903129941063E+03    1.28102680413863E+03
    5.55809801344443E+03    1.28209220403142E+03
    5.55803176466662E+03    1.28108647315166E+03
    5.55903129941063E+03    1.28102680413863E+03


    5.55888327871693E+03    1.27901931908974E+03
    5.55985172618442E+03    1.27840903278248E+03
    5.55986246091112E+03    1.27901177049937E+03
    5.55888327871693E+03    1.27901931908974E+03


    5.55888327871693E+03    1.27901931908974E+03
    5.55885698863687E+03    1.27841856287285E+03
    5.55985172618442E+03    1.27840903278248E+03
    5.55888327871693E+03    1.27901931908974E+03


    5.55986246091112E+03    1.27901177049937E+03
    5.56085028339334E+03    1.27841183689163E+03
    5.56086243110033E+03    1.27901241471743E+03
    5.55986246091112E+03    1.27901177049937E+03


    5.55986246091112E+03    1.27901177049937E+03
    5.55985172618442E+03    1.27840903278248E+03
    5.56085028339334E+03    1.27841183689163E+03
    5.55986246091112E+03    1.27901177049937E+03


    5.56086243110033E+03    1.27901241471743E+03
    5.56185440516081E+03    1.27840101527220E+03
    5.56188187993475E+03    1.27900112469861E+03
    5.56086243110033E+03    1.27901241471743E+03


    5.56086243110033E+03    1.27901241471743E+03
    5.56085028339334E+03    1.27841183689163E+03
    5.56185440516081E+03    1.27840101527220E+03
    5.56086243110033E+03    1.27901241471743E+03


    5.55590607583148E+03    1.27918547264966E+03
    5.55686765146458E+03    1.27852062207044E+03
    5.55690171939264E+03    1.27912702793045E+03
    5.55590607583148E+03    1.27918547264966E+03


    5.55590607583148E+03    1.27918547264966E+03
    5.55587154584825E+03    1.27857792401277E+03
    5.55686765146458E+03    1.27852062207044E+03
    5.55590607583148E+03    1.27918547264966E+03


    5.55690171939264E+03    1.27912702793045E+03
    5.55786301269294E+03    1.27846594430445E+03
    5.55789474509413E+03    1.27907146037684E+03
    5.55690171939264E+03    1.27912702793045E+03


    5.55690171939264E+03    1.27912702793045E+03
    5.55686765146458E+03    1.27852062207044E+03
    5.55786301269294E+03    1.27846594430445E+03
    5.55690171939264E+03    1.27912702793045E+03


    5.56666840166858E+03    1.27814911276831E+03
    5.56670423344890E+03    1.27874284914562E+03
    5.56509940549647E+03    1.27883412100358E+03
    5.56666840166858E+03    1.27814911276831E+03


    5.56506335481870E+03    1.27823912561203E+03
    5.56666840166858E+03    1.27814911276831E+03
    5.56509940549647E+03    1.27883412100358E+03
    5.56506335481870E+03    1.27823912561203E+03


    5.56506335481870E+03    1.27823912561203E+03
    5.56509940549647E+03    1.27883412100358E+03
    5.56349292152808E+03    1.27891917315776E+03
    5.56506335481870E+03    1.27823912561203E+03


    5.56345850173184E+03    1.27832314509783E+03
    5.56506335481870E+03    1.27823912561203E+03
    5.56349292152808E+03    1.27891917315776E+03
    5.56345850173184E+03    1.27832314509783E+03


    5.56345850173184E+03    1.27832314509783E+03
    5.56349292152808E+03    1.27891917315776E+03
    5.56188187993475E+03    1.27900112469861E+03
    5.56345850173184E+03    1.27832314509783E+03


    5.56185440516081E+03    1.27840101527220E+03
    5.56345850173184E+03    1.27832314509783E+03
    5.56188187993475E+03    1.27900112469861E+03
    5.56185440516081E+03    1.27840101527220E+03


    5.55789474509413E+03    1.27907146037684E+03
    5.55885698863687E+03    1.27841856287285E+03
    5.55888327871693E+03    1.27901931908974E+03
    5.55789474509413E+03    1.27907146037684E+03


    5.55789474509413E+03    1.27907146037684E+03
    5.55786301269294E+03    1.27846594430445E+03
    5.55885698863687E+03    1.27841856287285E+03
    5.55789474509413E+03    1.27907146037684E+03


    5.55885698863687E+03    1.27841856287285E+03
    5.55983640422376E+03    1.27780769187483E+03
    5.55985172618442E+03    1.27840903278248E+03
    5.55885698863687E+03    1.27841856287285E+03


    5.55885698863687E+03    1.27841856287285E+03
    5.55883333326135E+03    1.27781538472504E+03
    5.55983640422376E+03    1.27780769187483E+03
    5.55885698863687E+03    1.27841856287285E+03


    5.55985172618442E+03    1.27840903278248E+03
    5.56083456079822E+03    1.27781090565478E+03
    5.56085028339334E+03    1.27841183689163E+03
    5.55985172618442E+03    1.27840903278248E+03


    5.55985172618442E+03    1.27840903278248E+03
    5.55983640422376E+03    1.27780769187483E+03
    5.56083456079822E+03    1.27781090565478E+03
    5.55985172618442E+03    1.27840903278248E+03


    5.56085028339334E+03    1.27841183689163E+03
    5.56182922634556E+03    1.27780130392869E+03
    5.56185440516081E+03    1.27840101527220E+03
    5.56085028339334E+03    1.27841183689163E+03


    5.56085028339334E+03    1.27841183689163E+03
    5.56083456079822E+03    1.27781090565478E+03
    5.56182922634556E+03    1.27780130392869E+03
    5.56085028339334E+03    1.27841183689163E+03


    5.55587154584825E+03    1.27857792401277E+03
    5.55683531671717E+03    1.27791456356020E+03
    5.55686765146458E+03    1.27852062207044E+03
    5.55587154584825E+03    1.27857792401277E+03


    5.55587154584825E+03    1.27857792401277E+03
    5.55583831427272E+03    1.27797094158922E+03
    5.55683531671717E+03    1.27791456356020E+03
    5.55587154584825E+03    1.27857792401277E+03


    5.55686765146458E+03    1.27852062207044E+03
    5.55783380691193E+03    1.27786102002427E+03
    5.55786301269294E+03    1.27846594430445E+03
    5.55686765146458E+03    1.27852062207044E+03


    5.55686765146458E+03    1.27852062207044E+03
    5.55683531671717E+03    1.27791456356020E+03
    5.55783380691193E+03    1.27786102002427E+03
    5.55686765146458E+03    1.27852062207044E+03


    5.56663307525747E+03    1.27755599090450E+03
    5.56666840166858E+03    1.27814911276831E+03
    5.56506335481870E+03    1.27823912561203E+03
    5.56663307525747E+03    1.27755599090450E+03


    5.56502797813584E+03    1.27764427324988E+03
    5.56663307525747E+03    1.27755599090450E+03
    5.56506335481870E+03    1.27823912561203E+03
    5.56502797813584E+03    1.27764427324988E+03


    5.56502797813584E+03    1.27764427324988E+03
    5.56506335481870E+03    1.27823912561203E+03
    5.56345850173184E+03    1.27832314509783E+03
    5.56502797813584E+03    1.27764427324988E+03


    5.56342567834573E+03    1.27772623769292E+03
    5.56502797813584E+03    1.27764427324988E+03
    5.56345850173184E+03    1.27832314509783E+03
    5.56342567834573E+03    1.27772623769292E+03


    5.56342567834573E+03    1.27772623769292E+03
    5.56345850173184E+03    1.27832314509783E+03
    5.56185440516081E+03    1.27840101527220E+03
    5.56342567834573E+03    1.27772623769292E+03


    5.56182922634556E+03    1.27780130392869E+03
    5.56342567834573E+03    1.27772623769292E+03
    5.56185440516081E+03    1.27840101527220E+03
    5.56182922634556E+03    1.27780130392869E+03


    5.55786301269294E+03    1.27846594430445E+03
    5.55883333326135E+03    1.27781538472504E+03
    5.55885698863687E+03    1.27841856287285E+03
    5.55786301269294E+03    1.27846594430445E+03


    5.55786301269294E+03    1.27846594430445E+03
    5.55783380691193E+03    1.27786102002427E+03
    5.55883333326135E+03    1.27781538472504E+03
    5.55786301269294E+03    1.27846594430445E+03


    5.55883333326135E+03    1.27781538472504E+03
    5.55982557022625E+03    1.27720671470761E+03
    5.55983640422376E+03    1.27780769187483E+03
    5.55883333326135E+03    1.27781538472504E+03


    5.55883333326135E+03    1.27781538472504E+03
    5.55880902735491E+03    1.27721085012928E+03
    5.55982557022625E+03    1.27720671470761E+03
    5.55883333326135E+03    1.27781538472504E+03


    5.55983640422376E+03    1.27780769187483E+03
    5.56082455442731E+03    1.27720819186208E+03
    5.56083456079822E+03    1.27781090565478E+03
    5.55983640422376E+03    1.27780769187483E+03


    5.55983640422376E+03    1.27780769187483E+03
    5.55982557022625E+03    1.27720671470761E+03
    5.56082455442731E+03    1.27720819186208E+03
    5.55983640422376E+03    1.27780769187483E+03


    5.56083456079822E+03    1.27781090565478E+03
    5.56180233848323E+03    1.27720307305813E+03
    5.56182922634556E+03    1.27780130392869E+03
    5.56083456079822E+03    1.27781090565478E+03


    5.56083456079822E+03    1.27781090565478E+03
    5.56082455442731E+03    1.27720819186208E+03
    5.56180233848323E+03    1.27720307305813E+03
    5.56083456079822E+03    1.27781090565478E+03


    5.55583831427272E+03    1.27797094158922E+03
    5.55680271223834E+03    1.27730882886894E+03
    5.55683531671717E+03    1.27791456356020E+03
    5.55583831427272E+03    1.27797094158922E+03


    5.55583831427272E+03    1.27797094158922E+03
    5.55580502098554E+03    1.27736447060758E+03
    5.55680271223834E+03    1.27730882886894E+03
    5.55583831427272E+03    1.27797094158922E+03


    5.55683531671717E+03    1.27791456356020E+03
    5.55780391881119E+03    1.27725677315225E+03
    5.55783380691193E+03    1.27786102002427E+03
    5.55683531671717E+03    1.27791456356020E+03


    5.55683531671717E+03    1.27791456356020E+03
    5.55680271223834E+03    1.27730882886894E+03
    5.55780391881119E+03    1.27725677315225E+03
    5.55683531671717E+03    1.27791456356020E+03


    5.55662740824531E+03    1.27426498587073E+03
    5.55668204605669E+03    1.27528281707071E+03
    5.55568758344306E+03    1.27533375109807E+03
    5.55662740824531E+03    1.27426498587073E+03


    5.55662740824531E+03    1.27426498587073E+03
    5.55568758344306E+03    1.27533375109807E+03
    5.55563463196140E+03    1.27431099699653E+03
    5.55662740824531E+03    1.27426498587073E+03


    5.55668204605669E+03    1.27528281707071E+03
    5.55674261210613E+03    1.27629733233314E+03
    5.55574619977334E+03    1.27635154925090E+03
    5.55668204605669E+03    1.27528281707071E+03


    5.55668204605669E+03    1.27528281707071E+03
    5.55574619977334E+03    1.27635154925090E+03
    5.55568758344306E+03    1.27533375109807E+03
    5.55668204605669E+03    1.27528281707071E+03


    5.55674261210613E+03    1.27629733233314E+03
    5.55680271223834E+03    1.27730882886894E+03
    5.55580502098554E+03    1.27736447060758E+03
    5.55674261210613E+03    1.27629733233314E+03


    5.55674261210613E+03    1.27629733233314E+03
    5.55580502098554E+03    1.27736447060758E+03
    5.55574619977334E+03    1.27635154925090E+03
    5.55674261210613E+03    1.27629733233314E+03


    5.55761919608195E+03    1.27422288119319E+03
    5.55767689810697E+03    1.27523589499001E+03
    5.55668204605669E+03    1.27528281707071E+03
    5.55761919608195E+03    1.27422288119319E+03


    5.55761919608195E+03    1.27422288119319E+03
    5.55668204605669E+03    1.27528281707071E+03
    5.55662740824531E+03    1.27426498587073E+03
    5.55761919608195E+03    1.27422288119319E+03


    5.55767689810697E+03    1.27523589499001E+03
    5.55774084644289E+03    1.27624665086785E+03
    5.55674261210613E+03    1.27629733233314E+03
    5.55767689810697E+03    1.27523589499001E+03


    5.55767689810697E+03    1.27523589499001E+03
    5.55674261210613E+03    1.27629733233314E+03
    5.55668204605669E+03    1.27528281707071E+03
    5.55767689810697E+03    1.27523589499001E+03


    5.55774084644289E+03    1.27624665086785E+03
    5.55780391881119E+03    1.27725677315225E+03
    5.55680271223834E+03    1.27730882886894E+03
    5.55774084644289E+03    1.27624665086785E+03


    5.55774084644289E+03    1.27624665086785E+03
    5.55680271223834E+03    1.27730882886894E+03
    5.55674261210613E+03    1.27629733233314E+03
    5.55774084644289E+03    1.27624665086785E+03


    5.55860804493000E+03    1.27418321245082E+03
    5.55867483705882E+03    1.27518365506190E+03
    5.55767689810697E+03    1.27523589499001E+03
    5.55860804493000E+03    1.27418321245082E+03


    5.55860804493000E+03    1.27418321245082E+03
    5.55767689810697E+03    1.27523589499001E+03
    5.55761919608195E+03    1.27422288119319E+03
    5.55860804493000E+03    1.27418321245082E+03


    5.55867483705882E+03    1.27518365506190E+03
    5.55873995676951E+03    1.27619382806980E+03
    5.55774084644289E+03    1.27624665086785E+03
    5.55867483705882E+03    1.27518365506190E+03


    5.55867483705882E+03    1.27518365506190E+03
    5.55774084644289E+03    1.27624665086785E+03
    5.55767689810697E+03    1.27523589499001E+03
    5.55867483705882E+03    1.27518365506190E+03


    5.56499285930016E+03    1.27704949510672E+03
    5.56654066766219E+03    1.27597768855408E+03
    5.56659826328681E+03    1.27696347928976E+03
    5.56499285930016E+03    1.27704949510672E+03


    5.56499285930016E+03    1.27704949510672E+03
    5.56493425682507E+03    1.27605889144795E+03
    5.56654066766219E+03    1.27597768855408E+03
    5.56499285930016E+03    1.27704949510672E+03


    5.56339248598080E+03    1.27712848160749E+03
    5.56493425682507E+03    1.27605889144795E+03
    5.56499285930016E+03    1.27704949510672E+03
    5.56339248598080E+03    1.27712848160749E+03


    5.56339248598080E+03    1.27712848160749E+03
    5.56333219818320E+03    1.27613177653762E+03
    5.56493425682507E+03    1.27605889144795E+03
    5.56339248598080E+03    1.27712848160749E+03


    5.56180233848323E+03    1.27720307305813E+03
    5.56333219818320E+03    1.27613177653762E+03
    5.56339248598080E+03    1.27712848160749E+03
    5.56180233848323E+03    1.27720307305813E+03


    5.56180233848323E+03    1.27720307305813E+03
    5.56173123936622E+03    1.27620952348507E+03
    5.56333219818320E+03    1.27613177653762E+03
    5.56180233848323E+03    1.27720307305813E+03


    5.56493425682507E+03    1.27605889144795E+03
    5.56648570061125E+03    1.27499506418849E+03
    5.56654066766219E+03    1.27597768855408E+03
    5.56493425682507E+03    1.27605889144795E+03


    5.56493425682507E+03    1.27605889144795E+03
    5.56487760842968E+03    1.27507030842297E+03
    5.56648570061125E+03    1.27499506418849E+03
    5.56493425682507E+03    1.27605889144795E+03


    5.56333219818320E+03    1.27613177653762E+03
    5.56487760842968E+03    1.27507030842297E+03
    5.56493425682507E+03    1.27605889144795E+03
    5.56333219818320E+03    1.27613177653762E+03


    5.56333219818320E+03    1.27613177653762E+03
    5.56327190144175E+03    1.27513744976217E+03
    5.56487760842968E+03    1.27507030842297E+03
    5.56333219818320E+03    1.27613177653762E+03


    5.56173123936622E+03    1.27620952348507E+03
    5.56327190144175E+03    1.27513744976217E+03
    5.56333219818320E+03    1.27613177653762E+03
    5.56173123936622E+03    1.27620952348507E+03


    5.56173123936622E+03    1.27620952348507E+03
    5.56166811386603E+03    1.27520827122958E+03
    5.56327190144175E+03    1.27513744976217E+03
    5.56173123936622E+03    1.27620952348507E+03


    5.56659826328681E+03    1.27696347928976E+03
    5.56663307525747E+03    1.27755599090450E+03
    5.56502797813584E+03    1.27764427324988E+03
    5.56659826328681E+03    1.27696347928976E+03


    5.56499285930016E+03    1.27704949510672E+03
    5.56659826328681E+03    1.27696347928976E+03
    5.56502797813584E+03    1.27764427324988E+03
    5.56499285930016E+03    1.27704949510672E+03


    5.56499285930016E+03    1.27704949510672E+03
    5.56502797813584E+03    1.27764427324988E+03
    5.56342567834573E+03    1.27772623769292E+03
    5.56499285930016E+03    1.27704949510672E+03


    5.56339248598080E+03    1.27712848160749E+03
    5.56499285930016E+03    1.27704949510672E+03
    5.56342567834573E+03    1.27772623769292E+03
    5.56339248598080E+03    1.27712848160749E+03


    5.56487760842968E+03    1.27507030842297E+03
    5.56643480960207E+03    1.27401606637275E+03
    5.56648570061125E+03    1.27499506418849E+03
    5.56487760842968E+03    1.27507030842297E+03


    5.56487760842968E+03    1.27507030842297E+03
    5.56482552137421E+03    1.27408402436534E+03
    5.56643480960207E+03    1.27401606637275E+03
    5.56487760842968E+03    1.27507030842297E+03


    5.56327190144175E+03    1.27513744976217E+03
    5.56482552137421E+03    1.27408402436534E+03
    5.56487760842968E+03    1.27507030842297E+03
    5.56327190144175E+03    1.27513744976217E+03


    5.56327190144175E+03    1.27513744976217E+03
    5.56321740099167E+03    1.27414370386904E+03
    5.56482552137421E+03    1.27408402436534E+03
    5.56327190144175E+03    1.27513744976217E+03


    5.56166811386603E+03    1.27520827122958E+03
    5.56321740099167E+03    1.27414370386904E+03
    5.56327190144175E+03    1.27513744976217E+03
    5.56166811386603E+03    1.27520827122958E+03


    5.56166811386603E+03    1.27520827122958E+03
    5.56160789099947E+03    1.27420108733229E+03
    5.56321740099167E+03    1.27414370386904E+03
    5.56166811386603E+03    1.27520827122958E+03


    5.56339248598080E+03    1.27712848160749E+03
    5.56342567834573E+03    1.27772623769292E+03
    5.56182922634556E+03    1.27780130392869E+03
    5.56339248598080E+03    1.27712848160749E+03


    5.56180233848323E+03    1.27720307305813E+03
    5.56339248598080E+03    1.27712848160749E+03
    5.56182922634556E+03    1.27780130392869E+03
    5.56180233848323E+03    1.27720307305813E+03


    5.55783380691193E+03    1.27786102002427E+03
    5.55880902735491E+03    1.27721085012928E+03
    5.55883333326135E+03    1.27781538472504E+03
    5.55783380691193E+03    1.27786102002427E+03


    5.55783380691193E+03    1.27786102002427E+03
    5.55780391881119E+03    1.27725677315225E+03
    5.55880902735491E+03    1.27721085012928E+03
    5.55783380691193E+03    1.27786102002427E+03


    5.55873995676951E+03    1.27619382806980E+03
    5.55880902735491E+03    1.27721085012928E+03
    5.55780391881119E+03    1.27725677315225E+03
    5.55873995676951E+03    1.27619382806980E+03


    5.55873995676951E+03    1.27619382806980E+03
    5.55780391881119E+03    1.27725677315225E+03
    5.55774084644289E+03    1.27624665086785E+03
    5.55873995676951E+03    1.27619382806980E+03


    5.55860804493000E+03    1.27418321245082E+03
    5.55958583810081E+03    1.27358411166598E+03
    5.55958960196690E+03    1.27418646226596E+03
    5.55860804493000E+03    1.27418321245082E+03


    5.55860804493000E+03    1.27418321245082E+03
    5.55858943015775E+03    1.27358275597742E+03
    5.55958583810081E+03    1.27358411166598E+03
    5.55860804493000E+03    1.27418321245082E+03


    5.55958960196690E+03    1.27418646226596E+03
    5.56058539143703E+03    1.27359672532425E+03
    5.56059008051824E+03    1.27419753765588E+03
    5.55958960196690E+03    1.27418646226596E+03


    5.55958960196690E+03    1.27418646226596E+03
    5.55958583810081E+03    1.27358411166598E+03
    5.56058539143703E+03    1.27359672532425E+03
    5.55958960196690E+03    1.27418646226596E+03


    5.56059008051824E+03    1.27419753765588E+03
    5.56158870902442E+03    1.27359851935416E+03
    5.56160789099947E+03    1.27420108733229E+03
    5.56059008051824E+03    1.27419753765588E+03


    5.56059008051824E+03    1.27419753765588E+03
    5.56058539143703E+03    1.27359672532425E+03
    5.56158870902442E+03    1.27359851935416E+03
    5.56059008051824E+03    1.27419753765588E+03


    5.55563463196140E+03    1.27431099699653E+03
    5.55660031908441E+03    1.27365370117353E+03
    5.55662740824531E+03    1.27426498587073E+03
    5.55563463196140E+03    1.27431099699653E+03


    5.55563463196140E+03    1.27431099699653E+03
    5.55560715506018E+03    1.27369590456159E+03
    5.55660031908441E+03    1.27365370117353E+03
    5.55563463196140E+03    1.27431099699653E+03


    5.55662740824531E+03    1.27426498587073E+03
    5.55759456920648E+03    1.27361521430792E+03
    5.55761919608195E+03    1.27422288119319E+03
    5.55662740824531E+03    1.27426498587073E+03


    5.55662740824531E+03    1.27426498587073E+03
    5.55660031908441E+03    1.27365370117353E+03
    5.55759456920648E+03    1.27361521430792E+03
    5.55662740824531E+03    1.27426498587073E+03


    5.56640772863304E+03    1.27343045115802E+03
    5.56643480960207E+03    1.27401606637275E+03
    5.56482552137421E+03    1.27408402436534E+03
    5.56640772863304E+03    1.27343045115802E+03


    5.56479780938141E+03    1.27349326014466E+03
    5.56640772863304E+03    1.27343045115802E+03
    5.56482552137421E+03    1.27408402436534E+03
    5.56479780938141E+03    1.27349326014466E+03


    5.56479780938141E+03    1.27349326014466E+03
    5.56482552137421E+03    1.27408402436534E+03
    5.56321740099167E+03    1.27414370386904E+03
    5.56479780938141E+03    1.27349326014466E+03


    5.56319136852182E+03    1.27354814508481E+03
    5.56479780938141E+03    1.27349326014466E+03
    5.56321740099167E+03    1.27414370386904E+03
    5.56319136852182E+03    1.27354814508481E+03


    5.56319136852182E+03    1.27354814508481E+03
    5.56321740099167E+03    1.27414370386904E+03
    5.56160789099947E+03    1.27420108733229E+03
    5.56319136852182E+03    1.27354814508481E+03


    5.56158870902442E+03    1.27359851935416E+03
    5.56319136852182E+03    1.27354814508481E+03
    5.56160789099947E+03    1.27420108733229E+03
    5.56158870902442E+03    1.27359851935416E+03


    5.55761919608195E+03    1.27422288119319E+03
    5.55858943015775E+03    1.27358275597742E+03
    5.55860804493000E+03    1.27418321245082E+03
    5.55761919608195E+03    1.27422288119319E+03


    5.55761919608195E+03    1.27422288119319E+03
    5.55759456920648E+03    1.27361521430792E+03
    5.55858943015775E+03    1.27358275597742E+03
    5.55761919608195E+03    1.27422288119319E+03


    5.55858943015775E+03    1.27358275597742E+03
    5.55957789488521E+03    1.27298322186604E+03
    5.55958583810081E+03    1.27358411166598E+03
    5.55858943015775E+03    1.27358275597742E+03


    5.55858943015775E+03    1.27358275597742E+03
    5.55857394645996E+03    1.27298039697799E+03
    5.55957789488521E+03    1.27298322186604E+03
    5.55858943015775E+03    1.27358275597742E+03


    5.55958583810081E+03    1.27358411166598E+03
    5.56057731701922E+03    1.27299551730223E+03
    5.56058539143703E+03    1.27359672532425E+03
    5.55958583810081E+03    1.27358411166598E+03


    5.55958583810081E+03    1.27358411166598E+03
    5.55957789488521E+03    1.27298322186604E+03
    5.56057731701922E+03    1.27299551730223E+03
    5.55958583810081E+03    1.27358411166598E+03


    5.56058539143703E+03    1.27359672532425E+03
    5.56157236405336E+03    1.27299613052676E+03
    5.56158870902442E+03    1.27359851935416E+03
    5.56058539143703E+03    1.27359672532425E+03


    5.56058539143703E+03    1.27359672532425E+03
    5.56057731701922E+03    1.27299551730223E+03
    5.56157236405336E+03    1.27299613052676E+03
    5.56058539143703E+03    1.27359672532425E+03


    5.55560715506018E+03    1.27369590456159E+03
    5.55657644737791E+03    1.27304257553308E+03
    5.55660031908441E+03    1.27365370117353E+03
    5.55560715506018E+03    1.27369590456159E+03


    5.55560715506018E+03    1.27369590456159E+03
    5.55558255570393E+03    1.27308076077419E+03
    5.55657644737791E+03    1.27304257553308E+03
    5.55560715506018E+03    1.27369590456159E+03


    5.55660031908441E+03    1.27365370117353E+03
    5.55757366495996E+03    1.27300832278779E+03
    5.55759456920648E+03    1.27361521430792E+03
    5.55660031908441E+03    1.27365370117353E+03


    5.55660031908441E+03    1.27365370117353E+03
    5.55657644737791E+03    1.27304257553308E+03
    5.55757366495996E+03    1.27300832278779E+03
    5.55660031908441E+03    1.27365370117353E+03


    5.56638259028679E+03    1.27284575511889E+03
    5.56640772863304E+03    1.27343045115802E+03
    5.56479780938141E+03    1.27349326014466E+03
    5.56638259028679E+03    1.27284575511889E+03


    5.56477230083887E+03    1.27290276883990E+03
    5.56638259028679E+03    1.27284575511889E+03
    5.56479780938141E+03    1.27349326014466E+03
    5.56477230083887E+03    1.27290276883990E+03


    5.56477230083887E+03    1.27290276883990E+03
    5.56479780938141E+03    1.27349326014466E+03
    5.56319136852182E+03    1.27354814508481E+03
    5.56477230083887E+03    1.27290276883990E+03


    5.56316824118015E+03    1.27295164811357E+03
    5.56477230083887E+03    1.27290276883990E+03
    5.56319136852182E+03    1.27354814508481E+03
    5.56316824118015E+03    1.27295164811357E+03


    5.56316824118015E+03    1.27295164811357E+03
    5.56319136852182E+03    1.27354814508481E+03
    5.56158870902442E+03    1.27359851935416E+03
    5.56316824118015E+03    1.27295164811357E+03


    5.56157236405336E+03    1.27299613052676E+03
    5.56316824118015E+03    1.27295164811357E+03
    5.56158870902442E+03    1.27359851935416E+03
    5.56157236405336E+03    1.27299613052676E+03


    5.55759456920648E+03    1.27361521430792E+03
    5.55857394645996E+03    1.27298039697799E+03
    5.55858943015775E+03    1.27358275597742E+03
    5.55759456920648E+03    1.27361521430792E+03


    5.55759456920648E+03    1.27361521430792E+03
    5.55757366495996E+03    1.27300832278779E+03
    5.55857394645996E+03    1.27298039697799E+03
    5.55759456920648E+03    1.27361521430792E+03


    5.55857394645996E+03    1.27298039697799E+03
    5.55957401214826E+03    1.27238259769456E+03
    5.55957789488521E+03    1.27298322186604E+03
    5.55857394645996E+03    1.27298039697799E+03


    5.55857394645996E+03    1.27298039697799E+03
    5.55855877080347E+03    1.27237720928632E+03
    5.55957401214826E+03    1.27238259769456E+03
    5.55857394645996E+03    1.27298039697799E+03


    5.55957789488521E+03    1.27298322186604E+03
    5.56057358829082E+03    1.27239318791987E+03
    5.56057731701922E+03    1.27299551730223E+03
    5.55957789488521E+03    1.27298322186604E+03


    5.55957789488521E+03    1.27298322186604E+03
    5.55957401214826E+03    1.27238259769456E+03
    5.56057358829082E+03    1.27239318791987E+03
    5.55957789488521E+03    1.27298322186604E+03


    5.56057731701922E+03    1.27299551730223E+03
    5.56155545479989E+03    1.27239468058045E+03
    5.56157236405336E+03    1.27299613052676E+03
    5.56057731701922E+03    1.27299551730223E+03


    5.56057731701922E+03    1.27299551730223E+03
    5.56057358829082E+03    1.27239318791987E+03
    5.56155545479989E+03    1.27239468058045E+03
    5.56057731701922E+03    1.27299551730223E+03


    5.55558255570393E+03    1.27308076077419E+03
    5.55655416094344E+03    1.27243151909613E+03
    5.55657644737791E+03    1.27304257553308E+03
    5.55558255570393E+03    1.27308076077419E+03


    5.55558255570393E+03    1.27308076077419E+03
    5.55555961996852E+03    1.27246547106584E+03
    5.55655416094344E+03    1.27243151909613E+03
    5.55558255570393E+03    1.27308076077419E+03


    5.55657644737791E+03    1.27304257553308E+03
    5.55755370495843E+03    1.27240213959498E+03
    5.55757366495996E+03    1.27300832278779E+03
    5.55657644737791E+03    1.27304257553308E+03


    5.55657644737791E+03    1.27304257553308E+03
    5.55655416094344E+03    1.27243151909613E+03
    5.55755370495843E+03    1.27240213959498E+03
    5.55657644737791E+03    1.27304257553308E+03


    5.55646630155454E+03    1.26936506476346E+03
    5.55648613762214E+03    1.27038832199563E+03
    5.55549255461673E+03    1.27040406881719E+03
    5.55646630155454E+03    1.26936506476346E+03


    5.55646630155454E+03    1.26936506476346E+03
    5.55549255461673E+03    1.27040406881719E+03
    5.55546630155454E+03    1.26936506476346E+03
    5.55646630155454E+03    1.26936506476346E+03


    5.55648613762214E+03    1.27038832199563E+03
    5.55651718838533E+03    1.27141108003867E+03
    5.55552368351570E+03    1.27143749496120E+03
    5.55648613762214E+03    1.27038832199563E+03


    5.55648613762214E+03    1.27038832199563E+03
    5.55552368351570E+03    1.27143749496120E+03
    5.55549255461673E+03    1.27040406881719E+03
    5.55648613762214E+03    1.27038832199563E+03


    5.55651718838533E+03    1.27141108003867E+03
    5.55655416094344E+03    1.27243151909613E+03
    5.55555961996852E+03    1.27246547106584E+03
    5.55651718838533E+03    1.27141108003867E+03


    5.55651718838533E+03    1.27141108003867E+03
    5.55555961996852E+03    1.27246547106584E+03
    5.55552368351570E+03    1.27143749496120E+03
    5.55651718838533E+03    1.27141108003867E+03


    5.55746630155454E+03    1.26936506476346E+03
    5.55748303669696E+03    1.27037667052052E+03
    5.55648613762214E+03    1.27038832199563E+03
    5.55746630155454E+03    1.26936506476346E+03


    5.55746630155454E+03    1.26936506476346E+03
    5.55648613762214E+03    1.27038832199563E+03
    5.55646630155454E+03    1.26936506476346E+03
    5.55746630155454E+03    1.26936506476346E+03


    5.55748303669696E+03    1.27037667052052E+03
    5.55751438790135E+03    1.27138944553501E+03
    5.55651718838533E+03    1.27141108003867E+03
    5.55748303669696E+03    1.27037667052052E+03


    5.55748303669696E+03    1.27037667052052E+03
    5.55651718838533E+03    1.27141108003867E+03
    5.55648613762214E+03    1.27038832199563E+03
    5.55748303669696E+03    1.27037667052052E+03


    5.55751438790135E+03    1.27138944553501E+03
    5.55755370495843E+03    1.27240213959498E+03
    5.55655416094344E+03    1.27243151909613E+03
    5.55751438790135E+03    1.27138944553501E+03


    5.55751438790135E+03    1.27138944553501E+03
    5.55655416094344E+03    1.27243151909613E+03
    5.55651718838533E+03    1.27141108003867E+03
    5.55751438790135E+03    1.27138944553501E+03


    5.55846630155454E+03    1.26936506476346E+03
    5.55848276580303E+03    1.27036193611832E+03
    5.55748303669696E+03    1.27037667052052E+03
    5.55846630155454E+03    1.26936506476346E+03


    5.55846630155454E+03    1.26936506476346E+03
    5.55748303669696E+03    1.27037667052052E+03
    5.55746630155454E+03    1.26936506476346E+03
    5.55846630155454E+03    1.26936506476346E+03


    5.55848276580303E+03    1.27036193611832E+03
    5.55851418757230E+03    1.27136584056032E+03
    5.55751438790135E+03    1.27138944553501E+03
    5.55848276580303E+03    1.27036193611832E+03


    5.55848276580303E+03    1.27036193611832E+03
    5.55751438790135E+03    1.27138944553501E+03
    5.55748303669696E+03    1.27037667052052E+03
    5.55848276580303E+03    1.27036193611832E+03


    5.56474862532705E+03    1.27231250784319E+03
    5.56632397572677E+03    1.27129118940302E+03
    5.56635957894926E+03    1.27226194892934E+03
    5.56474862532705E+03    1.27231250784319E+03


    5.56474862532705E+03    1.27231250784319E+03
    5.56471276299478E+03    1.27132947513885E+03
    5.56632397572677E+03    1.27129118940302E+03
    5.56474862532705E+03    1.27231250784319E+03


    5.56314641344868E+03    1.27235428341038E+03
    5.56471276299478E+03    1.27132947513885E+03
    5.56474862532705E+03    1.27231250784319E+03
    5.56314641344868E+03    1.27235428341038E+03


    5.56314641344868E+03    1.27235428341038E+03
    5.56311057556326E+03    1.27135778781539E+03
    5.56471276299478E+03    1.27132947513885E+03
    5.56314641344868E+03    1.27235428341038E+03


    5.56155545479989E+03    1.27239468058045E+03
    5.56311057556326E+03    1.27135778781539E+03
    5.56314641344868E+03    1.27235428341038E+03
    5.56155545479989E+03    1.27239468058045E+03


    5.56155545479989E+03    1.27239468058045E+03
    5.56151273741334E+03    1.27139110490966E+03
    5.56311057556326E+03    1.27135778781539E+03
    5.56155545479989E+03    1.27239468058045E+03


    5.56471276299478E+03    1.27132947513885E+03
    5.56629408186514E+03    1.27032481145080E+03
    5.56632397572677E+03    1.27129118940302E+03
    5.56471276299478E+03    1.27132947513885E+03


    5.56471276299478E+03    1.27132947513885E+03
    5.56468368363319E+03    1.27034777783163E+03
    5.56629408186514E+03    1.27032481145080E+03
    5.56471276299478E+03    1.27132947513885E+03


    5.56311057556326E+03    1.27135778781539E+03
    5.56468368363319E+03    1.27034777783163E+03
    5.56471276299478E+03    1.27132947513885E+03
    5.56311057556326E+03    1.27135778781539E+03


    5.56311057556326E+03    1.27135778781539E+03
    5.56308210277034E+03    1.27036188458152E+03
    5.56468368363319E+03    1.27034777783163E+03
    5.56311057556326E+03    1.27135778781539E+03


    5.56151273741334E+03    1.27139110490966E+03
    5.56308210277034E+03    1.27036188458152E+03
    5.56311057556326E+03    1.27135778781539E+03
    5.56151273741334E+03    1.27139110490966E+03


    5.56151273741334E+03    1.27139110490966E+03
    5.56148379664804E+03    1.27038050793199E+03
    5.56308210277034E+03    1.27036188458152E+03
    5.56151273741334E+03    1.27139110490966E+03


    5.56635957894926E+03    1.27226194892934E+03
    5.56638259028679E+03    1.27284575511889E+03
    5.56477230083887E+03    1.27290276883990E+03
    5.56635957894926E+03    1.27226194892934E+03


    5.56474862532705E+03    1.27231250784319E+03
    5.56635957894926E+03    1.27226194892934E+03
    5.56477230083887E+03    1.27290276883990E+03
    5.56474862532705E+03    1.27231250784319E+03


    5.56474862532705E+03    1.27231250784319E+03
    5.56477230083887E+03    1.27290276883990E+03
    5.56316824118015E+03    1.27295164811357E+03
    5.56474862532705E+03    1.27231250784319E+03


    5.56314641344868E+03    1.27235428341038E+03
    5.56474862532705E+03    1.27231250784319E+03
    5.56316824118015E+03    1.27295164811357E+03
    5.56314641344868E+03    1.27235428341038E+03


    5.56468368363319E+03    1.27034777783163E+03
    5.56626630155455E+03    1.26936506476346E+03
    5.56629408186514E+03    1.27032481145080E+03
    5.56468368363319E+03    1.27034777783163E+03


    5.56468368363319E+03    1.27034777783163E+03
    5.56466630155455E+03    1.26936506476346E+03
    5.56626630155455E+03    1.26936506476346E+03
    5.56468368363319E+03    1.27034777783163E+03


    5.56308210277034E+03    1.27036188458152E+03
    5.56466630155455E+03    1.26936506476346E+03
    5.56468368363319E+03    1.27034777783163E+03
    5.56308210277034E+03    1.27036188458152E+03


    5.56308210277034E+03    1.27036188458152E+03
    5.56306630155455E+03    1.26936506476346E+03
    5.56466630155455E+03    1.26936506476346E+03
    5.56308210277034E+03    1.27036188458152E+03


    5.56148379664804E+03    1.27038050793199E+03
    5.56306630155455E+03    1.26936506476346E+03
    5.56308210277034E+03    1.27036188458152E+03
    5.56148379664804E+03    1.27038050793199E+03


    5.56148379664804E+03    1.27038050793199E+03
    5.56146630155455E+03    1.26936506476346E+03
    5.56306630155455E+03    1.26936506476346E+03
    5.56148379664804E+03    1.27038050793199E+03


    5.56314641344868E+03    1.27235428341038E+03
    5.56316824118015E+03    1.27295164811357E+03
    5.56157236405336E+03    1.27299613052676E+03
    5.56314641344868E+03    1.27235428341038E+03


    5.56155545479989E+03    1.27239468058045E+03
    5.56314641344868E+03    1.27235428341038E+03
    5.56157236405336E+03    1.27299613052676E+03
    5.56155545479989E+03    1.27239468058045E+03


    5.55757366495996E+03    1.27300832278779E+03
    5.55855877080347E+03    1.27237720928632E+03
    5.55857394645996E+03    1.27298039697799E+03
    5.55757366495996E+03    1.27300832278779E+03


    5.55757366495996E+03    1.27300832278779E+03
    5.55755370495843E+03    1.27240213959498E+03
    5.55855877080347E+03    1.27237720928632E+03
    5.55757366495996E+03    1.27300832278779E+03


    5.55851418757230E+03    1.27136584056032E+03
    5.55855877080347E+03    1.27237720928632E+03
    5.55755370495843E+03    1.27240213959498E+03
    5.55851418757230E+03    1.27136584056032E+03


    5.55851418757230E+03    1.27136584056032E+03
    5.55755370495843E+03    1.27240213959498E+03
    5.55751438790135E+03    1.27138944553501E+03
    5.55851418757230E+03    1.27136584056032E+03


