# Gnuplot Deformed Mesh Archive
# X_deformed              Y_deformed
    5.55774658083343E+03    1.28858779985168E+03
    5.55900462590989E+03    1.28808516017331E+03
    5.55897176249324E+03    1.28864689122770E+03
    5.55774658083343E+03    1.28858779985168E+03


    5.55774658083343E+03    1.28858779985168E+03
    5.55783575252552E+03    1.28802472267437E+03
    5.55900462590989E+03    1.28808516017331E+03
    5.55774658083343E+03    1.28858779985168E+03


    5.55897176249324E+03    1.28864689122770E+03
    5.56018123115892E+03    1.28805664089784E+03
    5.56017089198861E+03    1.28862483304560E+03
    5.55897176249324E+03    1.28864689122770E+03


    5.55897176249324E+03    1.28864689122770E+03
    5.55900462590989E+03    1.28808516017331E+03
    5.56018123115892E+03    1.28805664089784E+03
    5.55897176249324E+03    1.28864689122770E+03


    5.56017089198861E+03    1.28862483304560E+03
    5.56134151987960E+03    1.28802858444542E+03
    5.56132718394278E+03    1.28860677371303E+03
    5.56017089198861E+03    1.28862483304560E+03


    5.56017089198861E+03    1.28862483304560E+03
    5.56018123115892E+03    1.28805664089784E+03
    5.56134151987960E+03    1.28802858444542E+03
    5.56017089198861E+03    1.28862483304560E+03


    5.55436484796950E+03    1.28772012182834E+03
    5.55560926357534E+03    1.28748530382121E+03
    5.55541568697266E+03    1.28806998764219E+03
    5.55436484796950E+03    1.28772012182834E+03


    5.55436484796950E+03    1.28772012182834E+03
    5.55457410748047E+03    1.28713303543059E+03
    5.55560926357534E+03    1.28748530382121E+03
    5.55436484796950E+03    1.28772012182834E+03


    5.55541568697266E+03    1.28806998764219E+03
    5.55669656262540E+03    1.28780343979293E+03
    5.55654494427957E+03    1.28837803690906E+03
    5.55541568697266E+03    1.28806998764219E+03


    5.55541568697266E+03    1.28806998764219E+03
    5.55560926357534E+03    1.28748530382121E+03
    5.55669656262540E+03    1.28780343979293E+03
    5.55541568697266E+03    1.28806998764219E+03


    5.56647441561095E+03    1.28804867955071E+03
    5.56646192378435E+03    1.28864691992709E+03
    5.56483293456774E+03    1.28863079325177E+03
    5.56647441561095E+03    1.28804867955071E+03


    5.56484499201056E+03    1.28803762204882E+03
    5.56647441561095E+03    1.28804867955071E+03
    5.56483293456774E+03    1.28863079325177E+03
    5.56484499201056E+03    1.28803762204882E+03


    5.56484499201056E+03    1.28803762204882E+03
    5.56483293456774E+03    1.28863079325177E+03
    5.56312073265874E+03    1.28862908027204E+03
    5.56484499201056E+03    1.28803762204882E+03


    5.56313477325330E+03    1.28804585160970E+03
    5.56484499201056E+03    1.28803762204882E+03
    5.56312073265874E+03    1.28862908027204E+03
    5.56313477325330E+03    1.28804585160970E+03


    5.56313477325330E+03    1.28804585160970E+03
    5.56312073265874E+03    1.28862908027204E+03
    5.56132718394278E+03    1.28860677371303E+03
    5.56313477325330E+03    1.28804585160970E+03


    5.56134151987960E+03    1.28802858444542E+03
    5.56313477325330E+03    1.28804585160970E+03
    5.56132718394278E+03    1.28860677371303E+03
    5.56134151987960E+03    1.28802858444542E+03


    5.55654494427957E+03    1.28837803690906E+03
    5.55783575252552E+03    1.28802472267437E+03
    5.55774658083343E+03    1.28858779985168E+03
    5.55654494427957E+03    1.28837803690906E+03


    5.55654494427957E+03    1.28837803690906E+03
    5.55669656262540E+03    1.28780343979293E+03
    5.55783575252552E+03    1.28802472267437E+03
    5.55654494427957E+03    1.28837803690906E+03


    5.55783575252552E+03    1.28802472267437E+03
    5.55905460830164E+03    1.28751816352319E+03
    5.55900462590989E+03    1.28808516017331E+03
    5.55783575252552E+03    1.28802472267437E+03


    5.55783575252552E+03    1.28802472267437E+03
    5.55793841845725E+03    1.28745953986324E+03
    5.55905460830164E+03    1.28751816352319E+03
    5.55783575252552E+03    1.28802472267437E+03


    5.55900462590989E+03    1.28808516017331E+03
    5.56021302657636E+03    1.28748438483123E+03
    5.56018123115892E+03    1.28805664089784E+03
    5.55900462590989E+03    1.28808516017331E+03


    5.55900462590989E+03    1.28808516017331E+03
    5.55905460830164E+03    1.28751816352319E+03
    5.56021302657636E+03    1.28748438483123E+03
    5.55900462590989E+03    1.28808516017331E+03


    5.56018123115892E+03    1.28805664089784E+03
    5.56138591232958E+03    1.28744392992981E+03
    5.56134151987960E+03    1.28802858444542E+03
    5.56018123115892E+03    1.28805664089784E+03


    5.56018123115892E+03    1.28805664089784E+03
    5.56021302657636E+03    1.28748438483123E+03
    5.56138591232958E+03    1.28744392992981E+03
    5.56018123115892E+03    1.28805664089784E+03


    5.55457410748047E+03    1.28713303543059E+03
    5.55580539913988E+03    1.28690507723669E+03
    5.55560926357534E+03    1.28748530382121E+03
    5.55457410748047E+03    1.28713303543059E+03


    5.55457410748047E+03    1.28713303543059E+03
    5.55477936839988E+03    1.28655589121086E+03
    5.55580539913988E+03    1.28690507723669E+03
    5.55457410748047E+03    1.28713303543059E+03


    5.55560926357534E+03    1.28748530382121E+03
    5.55685535567897E+03    1.28722597650586E+03
    5.55669656262540E+03    1.28780343979293E+03
    5.55560926357534E+03    1.28748530382121E+03


    5.55560926357534E+03    1.28748530382121E+03
    5.55580539913988E+03    1.28690507723669E+03
    5.55685535567897E+03    1.28722597650586E+03
    5.55560926357534E+03    1.28748530382121E+03


    5.56649426597961E+03    1.28744536320737E+03
    5.56647441561095E+03    1.28804867955071E+03
    5.56484499201056E+03    1.28803762204882E+03
    5.56649426597961E+03    1.28744536320737E+03


    5.56487163084578E+03    1.28744066341044E+03
    5.56649426597961E+03    1.28744536320737E+03
    5.56484499201056E+03    1.28803762204882E+03
    5.56487163084578E+03    1.28744066341044E+03


    5.56487163084578E+03    1.28744066341044E+03
    5.56484499201056E+03    1.28803762204882E+03
    5.56313477325330E+03    1.28804585160970E+03
    5.56487163084578E+03    1.28744066341044E+03


    5.56317010678547E+03    1.28746120613963E+03
    5.56487163084578E+03    1.28744066341044E+03
    5.56313477325330E+03    1.28804585160970E+03
    5.56317010678547E+03    1.28746120613963E+03


    5.56317010678547E+03    1.28746120613963E+03
    5.56313477325330E+03    1.28804585160970E+03
    5.56134151987960E+03    1.28802858444542E+03
    5.56317010678547E+03    1.28746120613963E+03


    5.56138591232958E+03    1.28744392992981E+03
    5.56317010678547E+03    1.28746120613963E+03
    5.56134151987960E+03    1.28802858444542E+03
    5.56138591232958E+03    1.28744392992981E+03


    5.55669656262540E+03    1.28780343979293E+03
    5.55793841845725E+03    1.28745953986324E+03
    5.55783575252552E+03    1.28802472267437E+03
    5.55669656262540E+03    1.28780343979293E+03


    5.55669656262540E+03    1.28780343979293E+03
    5.55685535567897E+03    1.28722597650586E+03
    5.55793841845725E+03    1.28745953986324E+03
    5.55669656262540E+03    1.28780343979293E+03


    5.55793841845725E+03    1.28745953986324E+03
    5.55909369222293E+03    1.28694460189840E+03
    5.55905460830164E+03    1.28751816352319E+03
    5.55793841845725E+03    1.28745953986324E+03


    5.55793841845725E+03    1.28745953986324E+03
    5.55804376011739E+03    1.28689200801149E+03
    5.55909369222293E+03    1.28694460189840E+03
    5.55793841845725E+03    1.28745953986324E+03


    5.55905460830164E+03    1.28751816352319E+03
    5.56022520870191E+03    1.28692213024245E+03
    5.56021302657636E+03    1.28748438483123E+03
    5.55905460830164E+03    1.28751816352319E+03


    5.55905460830164E+03    1.28751816352319E+03
    5.55909369222293E+03    1.28694460189840E+03
    5.56022520870191E+03    1.28692213024245E+03
    5.55905460830164E+03    1.28751816352319E+03


    5.56021302657636E+03    1.28748438483123E+03
    5.56147294030716E+03    1.28684892943916E+03
    5.56138591232958E+03    1.28744392992981E+03
    5.56021302657636E+03    1.28748438483123E+03


    5.56021302657636E+03    1.28748438483123E+03
    5.56022520870191E+03    1.28692213024245E+03
    5.56147294030716E+03    1.28684892943916E+03
    5.56021302657636E+03    1.28748438483123E+03


    5.55477936839988E+03    1.28655589121086E+03
    5.55601030833392E+03    1.28633047352911E+03
    5.55580539913988E+03    1.28690507723669E+03
    5.55477936839988E+03    1.28655589121086E+03


    5.55477936839988E+03    1.28655589121086E+03
    5.55498945088564E+03    1.28599085277205E+03
    5.55601030833392E+03    1.28633047352911E+03
    5.55477936839988E+03    1.28655589121086E+03


    5.55580539913988E+03    1.28690507723669E+03
    5.55702806479583E+03    1.28664245786869E+03
    5.55685535567897E+03    1.28722597650586E+03
    5.55580539913988E+03    1.28690507723669E+03


    5.55580539913988E+03    1.28690507723669E+03
    5.55601030833392E+03    1.28633047352911E+03
    5.55702806479583E+03    1.28664245786869E+03
    5.55580539913988E+03    1.28690507723669E+03


    5.55692367531368E+03    1.28362660910230E+03
    5.55670365968041E+03    1.28449862462166E+03
    5.55566415091416E+03    1.28426955641196E+03
    5.55692367531368E+03    1.28362660910230E+03


    5.55692367531368E+03    1.28362660910230E+03
    5.55566415091416E+03    1.28426955641196E+03
    5.55586931923251E+03    1.28350289992729E+03
    5.55692367531368E+03    1.28362660910230E+03


    5.55670365968041E+03    1.28449862462166E+03
    5.55637232035948E+03    1.28539714143336E+03
    5.55534616111913E+03    1.28509532351857E+03
    5.55670365968041E+03    1.28449862462166E+03


    5.55670365968041E+03    1.28449862462166E+03
    5.55534616111913E+03    1.28509532351857E+03
    5.55566415091416E+03    1.28426955641196E+03
    5.55670365968041E+03    1.28449862462166E+03


    5.55637232035948E+03    1.28539714143336E+03
    5.55601030833392E+03    1.28633047352911E+03
    5.55498945088564E+03    1.28599085277205E+03
    5.55637232035948E+03    1.28539714143336E+03


    5.55637232035948E+03    1.28539714143336E+03
    5.55498945088564E+03    1.28599085277205E+03
    5.55534616111913E+03    1.28509532351857E+03
    5.55637232035948E+03    1.28539714143336E+03


    5.55793799612857E+03    1.28375468244298E+03
    5.55771777446048E+03    1.28471482384537E+03
    5.55670365968041E+03    1.28449862462166E+03
    5.55793799612857E+03    1.28375468244298E+03


    5.55793799612857E+03    1.28375468244298E+03
    5.55670365968041E+03    1.28449862462166E+03
    5.55692367531368E+03    1.28362660910230E+03
    5.55793799612857E+03    1.28375468244298E+03


    5.55771777446048E+03    1.28471482384537E+03
    5.55738186905746E+03    1.28567651032886E+03
    5.55637232035948E+03    1.28539714143336E+03
    5.55771777446048E+03    1.28471482384537E+03


    5.55771777446048E+03    1.28471482384537E+03
    5.55637232035948E+03    1.28539714143336E+03
    5.55670365968041E+03    1.28449862462166E+03
    5.55771777446048E+03    1.28471482384537E+03


    5.55738186905746E+03    1.28567651032886E+03
    5.55702806479583E+03    1.28664245786869E+03
    5.55601030833392E+03    1.28633047352911E+03
    5.55738186905746E+03    1.28567651032886E+03


    5.55738186905746E+03    1.28567651032886E+03
    5.55601030833392E+03    1.28633047352911E+03
    5.55637232035948E+03    1.28539714143336E+03
    5.55738186905746E+03    1.28567651032886E+03


    5.55892737545380E+03    1.28388420430570E+03
    5.55870808765137E+03    1.28494001565703E+03
    5.55771777446048E+03    1.28471482384537E+03
    5.55892737545380E+03    1.28388420430570E+03


    5.55892737545380E+03    1.28388420430570E+03
    5.55771777446048E+03    1.28471482384537E+03
    5.55793799612857E+03    1.28375468244298E+03
    5.55892737545380E+03    1.28388420430570E+03


    5.55870808765137E+03    1.28494001565703E+03
    5.55837657666790E+03    1.28594873970637E+03
    5.55738186905746E+03    1.28567651032886E+03
    5.55870808765137E+03    1.28494001565703E+03


    5.55870808765137E+03    1.28494001565703E+03
    5.55738186905746E+03    1.28567651032886E+03
    5.55771777446048E+03    1.28471482384537E+03
    5.55870808765137E+03    1.28494001565703E+03


    5.56490874367410E+03    1.28683791420658E+03
    5.56656547981130E+03    1.28578496582724E+03
    5.56651875439795E+03    1.28683271874243E+03
    5.56490874367410E+03    1.28683791420658E+03


    5.56490874367410E+03    1.28683791420658E+03
    5.56497619567270E+03    1.28581797877355E+03
    5.56656547981130E+03    1.28578496582724E+03
    5.56490874367410E+03    1.28683791420658E+03


    5.56322556862874E+03    1.28687315677449E+03
    5.56497619567270E+03    1.28581797877355E+03
    5.56490874367410E+03    1.28683791420658E+03
    5.56322556862874E+03    1.28687315677449E+03


    5.56322556862874E+03    1.28687315677449E+03
    5.56334388978920E+03    1.28587794028326E+03
    5.56497619567270E+03    1.28581797877355E+03
    5.56322556862874E+03    1.28687315677449E+03


    5.56147294030716E+03    1.28684892943916E+03
    5.56334388978920E+03    1.28587794028326E+03
    5.56322556862874E+03    1.28687315677449E+03
    5.56147294030716E+03    1.28684892943916E+03


    5.56147294030716E+03    1.28684892943916E+03
    5.56171885849964E+03    1.28582983222244E+03
    5.56334388978920E+03    1.28587794028326E+03
    5.56147294030716E+03    1.28684892943916E+03


    5.56497619567270E+03    1.28581797877355E+03
    5.56657728336389E+03    1.28470244624920E+03
    5.56656547981130E+03    1.28578496582724E+03
    5.56497619567270E+03    1.28581797877355E+03


    5.56497619567270E+03    1.28581797877355E+03
    5.56500467472563E+03    1.28477659856230E+03
    5.56657728336389E+03    1.28470244624920E+03
    5.56497619567270E+03    1.28581797877355E+03


    5.56334388978920E+03    1.28587794028326E+03
    5.56500467472563E+03    1.28477659856230E+03
    5.56497619567270E+03    1.28581797877355E+03
    5.56334388978920E+03    1.28587794028326E+03


    5.56334388978920E+03    1.28587794028326E+03
    5.56341618809513E+03    1.28485675232271E+03
    5.56500467472563E+03    1.28477659856230E+03
    5.56334388978920E+03    1.28587794028326E+03


    5.56171885849964E+03    1.28582983222244E+03
    5.56341618809513E+03    1.28485675232271E+03
    5.56334388978920E+03    1.28587794028326E+03
    5.56171885849964E+03    1.28582983222244E+03


    5.56171885849964E+03    1.28582983222244E+03
    5.56181929958901E+03    1.28486252619797E+03
    5.56341618809513E+03    1.28485675232271E+03
    5.56171885849964E+03    1.28582983222244E+03


    5.56651875439795E+03    1.28683271874243E+03
    5.56649426597961E+03    1.28744536320737E+03
    5.56487163084578E+03    1.28744066341044E+03
    5.56651875439795E+03    1.28683271874243E+03


    5.56490874367410E+03    1.28683791420658E+03
    5.56651875439795E+03    1.28683271874243E+03
    5.56487163084578E+03    1.28744066341044E+03
    5.56490874367410E+03    1.28683791420658E+03


    5.56490874367410E+03    1.28683791420658E+03
    5.56487163084578E+03    1.28744066341044E+03
    5.56317010678547E+03    1.28746120613963E+03
    5.56490874367410E+03    1.28683791420658E+03


    5.56322556862874E+03    1.28687315677449E+03
    5.56490874367410E+03    1.28683791420658E+03
    5.56317010678547E+03    1.28746120613963E+03
    5.56322556862874E+03    1.28687315677449E+03


    5.56500467472563E+03    1.28477659856230E+03
    5.56652796563838E+03    1.28360151044330E+03
    5.56657728336389E+03    1.28470244624920E+03
    5.56500467472563E+03    1.28477659856230E+03


    5.56500467472563E+03    1.28477659856230E+03
    5.56496083280597E+03    1.28372347127844E+03
    5.56652796563838E+03    1.28360151044330E+03
    5.56500467472563E+03    1.28477659856230E+03


    5.56341618809513E+03    1.28485675232271E+03
    5.56496083280597E+03    1.28372347127844E+03
    5.56500467472563E+03    1.28477659856230E+03
    5.56341618809513E+03    1.28485675232271E+03


    5.56341618809513E+03    1.28485675232271E+03
    5.56340000633783E+03    1.28383043152156E+03
    5.56496083280597E+03    1.28372347127844E+03
    5.56341618809513E+03    1.28485675232271E+03


    5.56181929958901E+03    1.28486252619797E+03
    5.56340000633783E+03    1.28383043152156E+03
    5.56341618809513E+03    1.28485675232271E+03
    5.56181929958901E+03    1.28486252619797E+03


    5.56181929958901E+03    1.28486252619797E+03
    5.56183117749334E+03    1.28390633871231E+03
    5.56340000633783E+03    1.28383043152156E+03
    5.56181929958901E+03    1.28486252619797E+03


    5.56322556862874E+03    1.28687315677449E+03
    5.56317010678547E+03    1.28746120613963E+03
    5.56138591232958E+03    1.28744392992981E+03
    5.56322556862874E+03    1.28687315677449E+03


    5.56147294030716E+03    1.28684892943916E+03
    5.56322556862874E+03    1.28687315677449E+03
    5.56138591232958E+03    1.28744392992981E+03
    5.56147294030716E+03    1.28684892943916E+03


    5.55685535567897E+03    1.28722597650586E+03
    5.55804376011739E+03    1.28689200801149E+03
    5.55793841845725E+03    1.28745953986324E+03
    5.55685535567897E+03    1.28722597650586E+03


    5.55685535567897E+03    1.28722597650586E+03
    5.55702806479583E+03    1.28664245786869E+03
    5.55804376011739E+03    1.28689200801149E+03
    5.55685535567897E+03    1.28722597650586E+03


    5.55837657666790E+03    1.28594873970637E+03
    5.55804376011739E+03    1.28689200801149E+03
    5.55702806479583E+03    1.28664245786869E+03
    5.55837657666790E+03    1.28594873970637E+03


    5.55837657666790E+03    1.28594873970637E+03
    5.55702806479583E+03    1.28664245786869E+03
    5.55738186905746E+03    1.28567651032886E+03
    5.55837657666790E+03    1.28594873970637E+03


    5.55892737545380E+03    1.28388420430570E+03
    5.55990795204916E+03    1.28333096318023E+03
    5.55989270845957E+03    1.28394194244212E+03
    5.55892737545380E+03    1.28388420430570E+03


    5.55892737545380E+03    1.28388420430570E+03
    5.55896100434050E+03    1.28325289236494E+03
    5.55990795204916E+03    1.28333096318023E+03
    5.55892737545380E+03    1.28388420430570E+03


    5.55989270845957E+03    1.28394194244212E+03
    5.56085605148494E+03    1.28337139042211E+03
    5.56086600083424E+03    1.28397555593327E+03
    5.55989270845957E+03    1.28394194244212E+03


    5.55989270845957E+03    1.28394194244212E+03
    5.55990795204916E+03    1.28333096318023E+03
    5.56085605148494E+03    1.28337139042211E+03
    5.55989270845957E+03    1.28394194244212E+03


    5.56086600083424E+03    1.28397555593327E+03
    5.56180347203644E+03    1.28331709207557E+03
    5.56183117749334E+03    1.28390633871231E+03
    5.56086600083424E+03    1.28397555593327E+03


    5.56086600083424E+03    1.28397555593327E+03
    5.56085605148494E+03    1.28337139042211E+03
    5.56180347203644E+03    1.28331709207557E+03
    5.56086600083424E+03    1.28397555593327E+03


    5.55586931923251E+03    1.28350289992729E+03
    5.55698427471560E+03    1.28310985495676E+03
    5.55692367531368E+03    1.28362660910230E+03
    5.55586931923251E+03    1.28350289992729E+03


    5.55586931923251E+03    1.28350289992729E+03
    5.55592920458174E+03    1.28306477178032E+03
    5.55698427471560E+03    1.28310985495676E+03
    5.55586931923251E+03    1.28350289992729E+03


    5.55692367531368E+03    1.28362660910230E+03
    5.55799430251568E+03    1.28317470034069E+03
    5.55793799612857E+03    1.28375468244298E+03
    5.55692367531368E+03    1.28362660910230E+03


    5.55692367531368E+03    1.28362660910230E+03
    5.55698427471560E+03    1.28310985495676E+03
    5.55799430251568E+03    1.28317470034069E+03
    5.55692367531368E+03    1.28362660910230E+03


    5.56645796313944E+03    1.28294248316589E+03
    5.56652796563838E+03    1.28360151044330E+03
    5.56496083280597E+03    1.28372347127844E+03
    5.56645796313944E+03    1.28294248316589E+03


    5.56489153752980E+03    1.28309011215287E+03
    5.56645796313944E+03    1.28294248316589E+03
    5.56496083280597E+03    1.28372347127844E+03
    5.56489153752980E+03    1.28309011215287E+03


    5.56489153752980E+03    1.28309011215287E+03
    5.56496083280597E+03    1.28372347127844E+03
    5.56340000633783E+03    1.28383043152156E+03
    5.56489153752980E+03    1.28309011215287E+03


    5.56334161379006E+03    1.28321015666077E+03
    5.56489153752980E+03    1.28309011215287E+03
    5.56340000633783E+03    1.28383043152156E+03
    5.56334161379006E+03    1.28321015666077E+03


    5.56334161379006E+03    1.28321015666077E+03
    5.56340000633783E+03    1.28383043152156E+03
    5.56183117749334E+03    1.28390633871231E+03
    5.56334161379006E+03    1.28321015666077E+03


    5.56180347203644E+03    1.28331709207557E+03
    5.56334161379006E+03    1.28321015666077E+03
    5.56183117749334E+03    1.28390633871231E+03
    5.56180347203644E+03    1.28331709207557E+03


    5.55793799612857E+03    1.28375468244298E+03
    5.55896100434050E+03    1.28325289236494E+03
    5.55892737545380E+03    1.28388420430570E+03
    5.55793799612857E+03    1.28375468244298E+03


    5.55793799612857E+03    1.28375468244298E+03
    5.55799430251568E+03    1.28317470034069E+03
    5.55896100434050E+03    1.28325289236494E+03
    5.55793799612857E+03    1.28375468244298E+03


    5.55896100434050E+03    1.28325289236494E+03
    5.55991361721053E+03    1.28271219751816E+03
    5.55990795204916E+03    1.28333096318023E+03
    5.55896100434050E+03    1.28325289236494E+03


    5.55896100434050E+03    1.28325289236494E+03
    5.55896840707451E+03    1.28261474020414E+03
    5.55991361721053E+03    1.28271219751816E+03
    5.55896100434050E+03    1.28325289236494E+03


    5.55990795204916E+03    1.28333096318023E+03
    5.56083399401149E+03    1.28276297801021E+03
    5.56085605148494E+03    1.28337139042211E+03
    5.55990795204916E+03    1.28333096318023E+03


    5.55990795204916E+03    1.28333096318023E+03
    5.55991361721053E+03    1.28271219751816E+03
    5.56083399401149E+03    1.28276297801021E+03
    5.55990795204916E+03    1.28333096318023E+03


    5.56085605148494E+03    1.28337139042211E+03
    5.56174249298717E+03    1.28271882546757E+03
    5.56180347203644E+03    1.28331709207557E+03
    5.56085605148494E+03    1.28337139042211E+03


    5.56085605148494E+03    1.28337139042211E+03
    5.56083399401149E+03    1.28276297801021E+03
    5.56174249298717E+03    1.28271882546757E+03
    5.56085605148494E+03    1.28337139042211E+03


    5.55592920458174E+03    1.28306477178032E+03
    5.55698154935483E+03    1.28259327980435E+03
    5.55698427471560E+03    1.28310985495676E+03
    5.55592920458174E+03    1.28306477178032E+03


    5.55592920458174E+03    1.28306477178032E+03
    5.55592510621030E+03    1.28262915756520E+03
    5.55698154935483E+03    1.28259327980435E+03
    5.55592920458174E+03    1.28306477178032E+03


    5.55698427471560E+03    1.28310985495676E+03
    5.55799823416624E+03    1.28259266693813E+03
    5.55799430251568E+03    1.28317470034069E+03
    5.55698427471560E+03    1.28310985495676E+03


    5.55698427471560E+03    1.28310985495676E+03
    5.55698154935483E+03    1.28259327980435E+03
    5.55799823416624E+03    1.28259266693813E+03
    5.55698427471560E+03    1.28310985495676E+03


    5.56636548578218E+03    1.28229440011733E+03
    5.56645796313944E+03    1.28294248316589E+03
    5.56489153752980E+03    1.28309011215287E+03
    5.56636548578218E+03    1.28229440011733E+03


    5.56479335266057E+03    1.28245936893688E+03
    5.56636548578218E+03    1.28229440011733E+03
    5.56489153752980E+03    1.28309011215287E+03
    5.56479335266057E+03    1.28245936893688E+03


    5.56479335266057E+03    1.28245936893688E+03
    5.56489153752980E+03    1.28309011215287E+03
    5.56334161379006E+03    1.28321015666077E+03
    5.56479335266057E+03    1.28245936893688E+03


    5.56325144489652E+03    1.28258476679078E+03
    5.56479335266057E+03    1.28245936893688E+03
    5.56334161379006E+03    1.28321015666077E+03
    5.56325144489652E+03    1.28258476679078E+03


    5.56325144489652E+03    1.28258476679078E+03
    5.56334161379006E+03    1.28321015666077E+03
    5.56180347203644E+03    1.28331709207557E+03
    5.56325144489652E+03    1.28258476679078E+03


    5.56174249298717E+03    1.28271882546757E+03
    5.56325144489652E+03    1.28258476679078E+03
    5.56180347203644E+03    1.28331709207557E+03
    5.56174249298717E+03    1.28271882546757E+03


    5.55799430251568E+03    1.28317470034069E+03
    5.55896840707451E+03    1.28261474020414E+03
    5.55896100434050E+03    1.28325289236494E+03
    5.55799430251568E+03    1.28317470034069E+03


    5.55799430251568E+03    1.28317470034069E+03
    5.55799823416624E+03    1.28259266693813E+03
    5.55896840707451E+03    1.28261474020414E+03
    5.55799430251568E+03    1.28317470034069E+03


    5.55896840707451E+03    1.28261474020414E+03
    5.55992671111056E+03    1.28209048850652E+03
    5.55991361721053E+03    1.28271219751816E+03
    5.55896840707451E+03    1.28261474020414E+03


    5.55896840707451E+03    1.28261474020414E+03
    5.55895234019763E+03    1.28197156890515E+03
    5.55992671111056E+03    1.28209048850652E+03
    5.55896840707451E+03    1.28261474020414E+03


    5.55991361721053E+03    1.28271219751816E+03
    5.56081801278967E+03    1.28213945152077E+03
    5.56083399401149E+03    1.28276297801021E+03
    5.55991361721053E+03    1.28271219751816E+03


    5.55991361721053E+03    1.28271219751816E+03
    5.55992671111056E+03    1.28209048850652E+03
    5.56081801278967E+03    1.28213945152077E+03
    5.55991361721053E+03    1.28271219751816E+03


    5.56083399401149E+03    1.28276297801021E+03
    5.56163607742030E+03    1.28211361665117E+03
    5.56174249298717E+03    1.28271882546757E+03
    5.56083399401149E+03    1.28276297801021E+03


    5.56083399401149E+03    1.28276297801021E+03
    5.56081801278967E+03    1.28213945152077E+03
    5.56163607742030E+03    1.28211361665117E+03
    5.56083399401149E+03    1.28276297801021E+03


    5.55592510621030E+03    1.28262915756520E+03
    5.55691315914492E+03    1.28207488201020E+03
    5.55698154935483E+03    1.28259327980435E+03
    5.55592510621030E+03    1.28262915756520E+03


    5.55592510621030E+03    1.28262915756520E+03
    5.55585976262741E+03    1.28218477646024E+03
    5.55691315914492E+03    1.28207488201020E+03
    5.55592510621030E+03    1.28262915756520E+03


    5.55698154935483E+03    1.28259327980435E+03
    5.55794573894021E+03    1.28201587491951E+03
    5.55799823416624E+03    1.28259266693813E+03
    5.55698154935483E+03    1.28259327980435E+03


    5.55698154935483E+03    1.28259327980435E+03
    5.55691315914492E+03    1.28207488201020E+03
    5.55794573894021E+03    1.28201587491951E+03
    5.55698154935483E+03    1.28259327980435E+03


    5.55603287309974E+03    1.27928971466933E+03
    5.55632879511276E+03    1.28026364994411E+03
    5.55530338975829E+03    1.28046289340440E+03
    5.55603287309974E+03    1.27928971466933E+03


    5.55603287309974E+03    1.27928971466933E+03
    5.55530338975829E+03    1.28046289340440E+03
    5.55503310296724E+03    1.27943482798028E+03
    5.55603287309974E+03    1.27928971466933E+03


    5.55632879511276E+03    1.28026364994411E+03
    5.55666208142358E+03    1.28118953394863E+03
    5.55561477519447E+03    1.28137698232403E+03
    5.55632879511276E+03    1.28026364994411E+03


    5.55632879511276E+03    1.28026364994411E+03
    5.55561477519447E+03    1.28137698232403E+03
    5.55530338975829E+03    1.28046289340440E+03
    5.55632879511276E+03    1.28026364994411E+03


    5.55666208142358E+03    1.28118953394863E+03
    5.55691315914492E+03    1.28207488201020E+03
    5.55585976262741E+03    1.28218477646024E+03
    5.55666208142358E+03    1.28118953394863E+03


    5.55666208142358E+03    1.28118953394863E+03
    5.55585976262741E+03    1.28218477646024E+03
    5.55561477519447E+03    1.28137698232403E+03
    5.55666208142358E+03    1.28118953394863E+03


    5.55705201552220E+03    1.27917440087540E+03
    5.55735504561980E+03    1.28011586077895E+03
    5.55632879511276E+03    1.28026364994411E+03
    5.55705201552220E+03    1.27917440087540E+03


    5.55705201552220E+03    1.27917440087540E+03
    5.55632879511276E+03    1.28026364994411E+03
    5.55603287309974E+03    1.27928971466933E+03
    5.55705201552220E+03    1.27917440087540E+03


    5.55735504561980E+03    1.28011586077895E+03
    5.55769764630717E+03    1.28105902995535E+03
    5.55666208142358E+03    1.28118953394863E+03
    5.55735504561980E+03    1.28011586077895E+03


    5.55735504561980E+03    1.28011586077895E+03
    5.55666208142358E+03    1.28118953394863E+03
    5.55632879511276E+03    1.28026364994411E+03
    5.55735504561980E+03    1.28011586077895E+03


    5.55769764630717E+03    1.28105902995535E+03
    5.55794573894021E+03    1.28201587491951E+03
    5.55691315914492E+03    1.28207488201020E+03
    5.55769764630717E+03    1.28105902995535E+03


    5.55769764630717E+03    1.28105902995535E+03
    5.55691315914492E+03    1.28207488201020E+03
    5.55666208142358E+03    1.28118953394863E+03
    5.55769764630717E+03    1.28105902995535E+03


    5.55807004012641E+03    1.27904440414080E+03
    5.55839021600793E+03    1.27991681549969E+03
    5.55735504561980E+03    1.28011586077895E+03
    5.55807004012641E+03    1.27904440414080E+03


    5.55807004012641E+03    1.27904440414080E+03
    5.55735504561980E+03    1.28011586077895E+03
    5.55705201552220E+03    1.27917440087540E+03
    5.55807004012641E+03    1.27904440414080E+03


    5.55839021600793E+03    1.27991681549969E+03
    5.55872046951598E+03    1.28089367738012E+03
    5.55769764630717E+03    1.28105902995535E+03
    5.55839021600793E+03    1.27991681549969E+03


    5.55839021600793E+03    1.27991681549969E+03
    5.55769764630717E+03    1.28105902995535E+03
    5.55735504561980E+03    1.28011586077895E+03
    5.55839021600793E+03    1.27991681549969E+03


    5.56467323656650E+03    1.28183370877110E+03
    5.56606154896573E+03    1.28065997100757E+03
    5.56625711780436E+03    1.28166349196113E+03
    5.56467323656650E+03    1.28183370877110E+03


    5.56467323656650E+03    1.28183370877110E+03
    5.56445540467650E+03    1.28080871839532E+03
    5.56606154896573E+03    1.28065997100757E+03
    5.56467323656650E+03    1.28183370877110E+03


    5.56313117210630E+03    1.28195477632181E+03
    5.56445540467650E+03    1.28080871839532E+03
    5.56467323656650E+03    1.28183370877110E+03
    5.56313117210630E+03    1.28195477632181E+03


    5.56313117210630E+03    1.28195477632181E+03
    5.56288902402208E+03    1.28090324993588E+03
    5.56445540467650E+03    1.28080871839532E+03
    5.56313117210630E+03    1.28195477632181E+03


    5.56163607742030E+03    1.28211361665117E+03
    5.56288902402208E+03    1.28090324993588E+03
    5.56313117210630E+03    1.28195477632181E+03
    5.56163607742030E+03    1.28211361665117E+03


    5.56163607742030E+03    1.28211361665117E+03
    5.56132394189551E+03    1.28107753754003E+03
    5.56288902402208E+03    1.28090324993588E+03
    5.56163607742030E+03    1.28211361665117E+03


    5.56445540467650E+03    1.28080871839532E+03
    5.56590036775012E+03    1.27972201819729E+03
    5.56606154896573E+03    1.28065997100757E+03
    5.56445540467650E+03    1.28080871839532E+03


    5.56445540467650E+03    1.28080871839532E+03
    5.56427638298695E+03    1.27981025729012E+03
    5.56590036775012E+03    1.27972201819729E+03
    5.56445540467650E+03    1.28080871839532E+03


    5.56288902402208E+03    1.28090324993588E+03
    5.56427638298695E+03    1.27981025729012E+03
    5.56445540467650E+03    1.28080871839532E+03
    5.56288902402208E+03    1.28090324993588E+03


    5.56288902402208E+03    1.28090324993588E+03
    5.56268625567036E+03    1.27986250518799E+03
    5.56427638298695E+03    1.27981025729012E+03
    5.56288902402208E+03    1.28090324993588E+03


    5.56132394189551E+03    1.28107753754003E+03
    5.56268625567036E+03    1.27986250518799E+03
    5.56288902402208E+03    1.28090324993588E+03
    5.56132394189551E+03    1.28107753754003E+03


    5.56132394189551E+03    1.28107753754003E+03
    5.56111637972990E+03    1.27996842394665E+03
    5.56268625567036E+03    1.27986250518799E+03
    5.56132394189551E+03    1.28107753754003E+03


    5.56625711780436E+03    1.28166349196113E+03
    5.56636548578218E+03    1.28229440011733E+03
    5.56479335266057E+03    1.28245936893688E+03
    5.56625711780436E+03    1.28166349196113E+03


    5.56467323656650E+03    1.28183370877110E+03
    5.56625711780436E+03    1.28166349196113E+03
    5.56479335266057E+03    1.28245936893688E+03
    5.56467323656650E+03    1.28183370877110E+03


    5.56467323656650E+03    1.28183370877110E+03
    5.56479335266057E+03    1.28245936893688E+03
    5.56325144489652E+03    1.28258476679078E+03
    5.56467323656650E+03    1.28183370877110E+03


    5.56313117210630E+03    1.28195477632181E+03
    5.56467323656650E+03    1.28183370877110E+03
    5.56325144489652E+03    1.28258476679078E+03
    5.56313117210630E+03    1.28195477632181E+03


    5.56427638298695E+03    1.27981025729012E+03
    5.56582316585008E+03    1.27883526008298E+03
    5.56590036775012E+03    1.27972201819729E+03
    5.56427638298695E+03    1.27981025729012E+03


    5.56427638298695E+03    1.27981025729012E+03
    5.56419529812102E+03    1.27883202740246E+03
    5.56582316585008E+03    1.27883526008298E+03
    5.56427638298695E+03    1.27981025729012E+03


    5.56268625567036E+03    1.27986250518799E+03
    5.56419529812102E+03    1.27883202740246E+03
    5.56427638298695E+03    1.27981025729012E+03
    5.56268625567036E+03    1.27986250518799E+03


    5.56268625567036E+03    1.27986250518799E+03
    5.56259181658799E+03    1.27882261424410E+03
    5.56419529812102E+03    1.27883202740246E+03
    5.56268625567036E+03    1.27986250518799E+03


    5.56111637972990E+03    1.27996842394665E+03
    5.56259181658799E+03    1.27882261424410E+03
    5.56268625567036E+03    1.27986250518799E+03
    5.56111637972990E+03    1.27996842394665E+03


    5.56111637972990E+03    1.27996842394665E+03
    5.56102261211448E+03    1.27882096073184E+03
    5.56259181658799E+03    1.27882261424410E+03
    5.56111637972990E+03    1.27996842394665E+03


    5.56313117210630E+03    1.28195477632181E+03
    5.56325144489652E+03    1.28258476679078E+03
    5.56174249298717E+03    1.28271882546757E+03
    5.56313117210630E+03    1.28195477632181E+03


    5.56163607742030E+03    1.28211361665117E+03
    5.56313117210630E+03    1.28195477632181E+03
    5.56174249298717E+03    1.28271882546757E+03
    5.56163607742030E+03    1.28211361665117E+03


    5.55799823416624E+03    1.28259266693813E+03
    5.55895234019763E+03    1.28197156890515E+03
    5.55896840707451E+03    1.28261474020414E+03
    5.55799823416624E+03    1.28259266693813E+03


    5.55799823416624E+03    1.28259266693813E+03
    5.55794573894021E+03    1.28201587491951E+03
    5.55895234019763E+03    1.28197156890515E+03
    5.55799823416624E+03    1.28259266693813E+03


    5.55872046951598E+03    1.28089367738012E+03
    5.55895234019763E+03    1.28197156890515E+03
    5.55794573894021E+03    1.28201587491951E+03
    5.55872046951598E+03    1.28089367738012E+03


    5.55872046951598E+03    1.28089367738012E+03
    5.55794573894021E+03    1.28201587491951E+03
    5.55769764630717E+03    1.28105902995535E+03
    5.55872046951598E+03    1.28089367738012E+03


    5.55807004012641E+03    1.27904440414080E+03
    5.55899506436544E+03    1.27834681404334E+03
    5.55906131625363E+03    1.27894071439380E+03
    5.55807004012641E+03    1.27904440414080E+03


    5.55807004012641E+03    1.27904440414080E+03
    5.55796945128175E+03    1.27850353692803E+03
    5.55899506436544E+03    1.27834681404334E+03
    5.55807004012641E+03    1.27904440414080E+03


    5.55906131625363E+03    1.27894071439380E+03
    5.56000889813360E+03    1.27819695905220E+03
    5.56005140148281E+03    1.27880308199866E+03
    5.55906131625363E+03    1.27894071439380E+03


    5.55906131625363E+03    1.27894071439380E+03
    5.55899506436544E+03    1.27834681404334E+03
    5.56000889813360E+03    1.27819695905220E+03
    5.55906131625363E+03    1.27894071439380E+03


    5.56005140148281E+03    1.27880308199866E+03
    5.56101130801248E+03    1.27816300606857E+03
    5.56102261211448E+03    1.27882096073184E+03
    5.56005140148281E+03    1.27880308199866E+03


    5.56005140148281E+03    1.27880308199866E+03
    5.56000889813360E+03    1.27819695905220E+03
    5.56101130801248E+03    1.27816300606857E+03
    5.56005140148281E+03    1.27880308199866E+03


    5.55503310296724E+03    1.27943482798028E+03
    5.55591064160404E+03    1.27868474736681E+03
    5.55603287309974E+03    1.27928971466933E+03
    5.55503310296724E+03    1.27943482798028E+03


    5.55503310296724E+03    1.27943482798028E+03
    5.55492322484312E+03    1.27876746466992E+03
    5.55591064160404E+03    1.27868474736681E+03
    5.55503310296724E+03    1.27943482798028E+03


    5.55603287309974E+03    1.27928971466933E+03
    5.55692987627459E+03    1.27860908828672E+03
    5.55705201552220E+03    1.27917440087540E+03
    5.55603287309974E+03    1.27928971466933E+03


    5.55603287309974E+03    1.27928971466933E+03
    5.55591064160404E+03    1.27868474736681E+03
    5.55692987627459E+03    1.27860908828672E+03
    5.55603287309974E+03    1.27928971466933E+03


    5.56584323390801E+03    1.27831738416643E+03
    5.56582316585008E+03    1.27883526008298E+03
    5.56419529812102E+03    1.27883202740246E+03
    5.56584323390801E+03    1.27831738416643E+03


    5.56421021267475E+03    1.27825159829043E+03
    5.56584323390801E+03    1.27831738416643E+03
    5.56419529812102E+03    1.27883202740246E+03
    5.56421021267475E+03    1.27825159829043E+03


    5.56421021267475E+03    1.27825159829043E+03
    5.56419529812102E+03    1.27883202740246E+03
    5.56259181658799E+03    1.27882261424410E+03
    5.56421021267475E+03    1.27825159829043E+03


    5.56260166557802E+03    1.27820224966686E+03
    5.56421021267475E+03    1.27825159829043E+03
    5.56259181658799E+03    1.27882261424410E+03
    5.56260166557802E+03    1.27820224966686E+03


    5.56260166557802E+03    1.27820224966686E+03
    5.56259181658799E+03    1.27882261424410E+03
    5.56102261211448E+03    1.27882096073184E+03
    5.56260166557802E+03    1.27820224966686E+03


    5.56101130801248E+03    1.27816300606857E+03
    5.56260166557802E+03    1.27820224966686E+03
    5.56102261211448E+03    1.27882096073184E+03
    5.56101130801248E+03    1.27816300606857E+03


    5.55705201552220E+03    1.27917440087540E+03
    5.55796945128175E+03    1.27850353692803E+03
    5.55807004012641E+03    1.27904440414080E+03
    5.55705201552220E+03    1.27917440087540E+03


    5.55705201552220E+03    1.27917440087540E+03
    5.55692987627459E+03    1.27860908828672E+03
    5.55796945128175E+03    1.27850353692803E+03
    5.55705201552220E+03    1.27917440087540E+03


    5.55796945128175E+03    1.27850353692803E+03
    5.55892596206063E+03    1.27776613677004E+03
    5.55899506436544E+03    1.27834681404334E+03
    5.55796945128175E+03    1.27850353692803E+03


    5.55796945128175E+03    1.27850353692803E+03
    5.55789678606278E+03    1.27797207368600E+03
    5.55892596206063E+03    1.27776613677004E+03
    5.55796945128175E+03    1.27850353692803E+03


    5.55899506436544E+03    1.27834681404334E+03
    5.55997220337378E+03    1.27759333952924E+03
    5.56000889813360E+03    1.27819695905220E+03
    5.55899506436544E+03    1.27834681404334E+03


    5.55899506436544E+03    1.27834681404334E+03
    5.55892596206063E+03    1.27776613677004E+03
    5.55997220337378E+03    1.27759333952924E+03
    5.55899506436544E+03    1.27834681404334E+03


    5.56000889813360E+03    1.27819695905220E+03
    5.56102483387580E+03    1.27751417418649E+03
    5.56101130801248E+03    1.27816300606857E+03
    5.56000889813360E+03    1.27819695905220E+03


    5.56000889813360E+03    1.27819695905220E+03
    5.55997220337378E+03    1.27759333952924E+03
    5.56102483387580E+03    1.27751417418649E+03
    5.56000889813360E+03    1.27819695905220E+03


    5.55492322484312E+03    1.27876746466992E+03
    5.55585011088279E+03    1.27806687737211E+03
    5.55591064160404E+03    1.27868474736681E+03
    5.55492322484312E+03    1.27876746466992E+03


    5.55492322484312E+03    1.27876746466992E+03
    5.55487415859378E+03    1.27807351165969E+03
    5.55585011088279E+03    1.27806687737211E+03
    5.55492322484312E+03    1.27876746466992E+03


    5.55591064160404E+03    1.27868474736681E+03
    5.55685868010524E+03    1.27804225729441E+03
    5.55692987627459E+03    1.27860908828672E+03
    5.55591064160404E+03    1.27868474736681E+03


    5.55591064160404E+03    1.27868474736681E+03
    5.55585011088279E+03    1.27806687737211E+03
    5.55685868010524E+03    1.27804225729441E+03
    5.55591064160404E+03    1.27868474736681E+03


    5.56590642661566E+03    1.27779754071341E+03
    5.56584323390801E+03    1.27831738416643E+03
    5.56421021267475E+03    1.27825159829043E+03
    5.56590642661566E+03    1.27779754071341E+03


    5.56427439067271E+03    1.27767304536570E+03
    5.56590642661566E+03    1.27779754071341E+03
    5.56421021267475E+03    1.27825159829043E+03
    5.56427439067271E+03    1.27767304536570E+03


    5.56427439067271E+03    1.27767304536570E+03
    5.56421021267475E+03    1.27825159829043E+03
    5.56260166557802E+03    1.27820224966686E+03
    5.56427439067271E+03    1.27767304536570E+03


    5.56265479995422E+03    1.27758884777722E+03
    5.56427439067271E+03    1.27767304536570E+03
    5.56260166557802E+03    1.27820224966686E+03
    5.56265479995422E+03    1.27758884777722E+03


    5.56265479995422E+03    1.27758884777722E+03
    5.56260166557802E+03    1.27820224966686E+03
    5.56101130801248E+03    1.27816300606857E+03
    5.56265479995422E+03    1.27758884777722E+03


    5.56102483387580E+03    1.27751417418649E+03
    5.56265479995422E+03    1.27758884777722E+03
    5.56101130801248E+03    1.27816300606857E+03
    5.56102483387580E+03    1.27751417418649E+03


    5.55692987627459E+03    1.27860908828672E+03
    5.55789678606278E+03    1.27797207368600E+03
    5.55796945128175E+03    1.27850353692803E+03
    5.55692987627459E+03    1.27860908828672E+03


    5.55692987627459E+03    1.27860908828672E+03
    5.55685868010524E+03    1.27804225729441E+03
    5.55789678606278E+03    1.27797207368600E+03
    5.55692987627459E+03    1.27860908828672E+03


    5.55789678606278E+03    1.27797207368600E+03
    5.55884432341319E+03    1.27718600898138E+03
    5.55892596206063E+03    1.27776613677004E+03
    5.55789678606278E+03    1.27797207368600E+03


    5.55789678606278E+03    1.27797207368600E+03
    5.55785443200386E+03    1.27744700535080E+03
    5.55884432341319E+03    1.27718600898138E+03
    5.55789678606278E+03    1.27797207368600E+03


    5.55892596206063E+03    1.27776613677004E+03
    5.55991227913251E+03    1.27701146348986E+03
    5.55997220337378E+03    1.27759333952924E+03
    5.55892596206063E+03    1.27776613677004E+03


    5.55892596206063E+03    1.27776613677004E+03
    5.55884432341319E+03    1.27718600898138E+03
    5.55991227913251E+03    1.27701146348986E+03
    5.55892596206063E+03    1.27776613677004E+03


    5.55997220337378E+03    1.27759333952924E+03
    5.56108445888107E+03    1.27687122550555E+03
    5.56102483387580E+03    1.27751417418649E+03
    5.55997220337378E+03    1.27759333952924E+03


    5.55997220337378E+03    1.27759333952924E+03
    5.55991227913251E+03    1.27701146348986E+03
    5.56108445888107E+03    1.27687122550555E+03
    5.55997220337378E+03    1.27759333952924E+03


    5.55487415859378E+03    1.27807351165969E+03
    5.55586284155434E+03    1.27743756288332E+03
    5.55585011088279E+03    1.27806687737211E+03
    5.55487415859378E+03    1.27807351165969E+03


    5.55487415859378E+03    1.27807351165969E+03
    5.55489358407715E+03    1.27736522222445E+03
    5.55586284155434E+03    1.27743756288332E+03
    5.55487415859378E+03    1.27807351165969E+03


    5.55585011088279E+03    1.27806687737211E+03
    5.55684789311246E+03    1.27746699377398E+03
    5.55685868010524E+03    1.27804225729441E+03
    5.55585011088279E+03    1.27806687737211E+03


    5.55585011088279E+03    1.27806687737211E+03
    5.55586284155434E+03    1.27743756288332E+03
    5.55684789311246E+03    1.27746699377398E+03
    5.55585011088279E+03    1.27806687737211E+03


    5.55673276686598E+03    1.27433768975928E+03
    5.55640299961866E+03    1.27534735439902E+03
    5.55541884638361E+03    1.27513896794056E+03
    5.55673276686598E+03    1.27433768975928E+03


    5.55673276686598E+03    1.27433768975928E+03
    5.55541884638361E+03    1.27513896794056E+03
    5.55572683673977E+03    1.27415671656161E+03
    5.55673276686598E+03    1.27433768975928E+03


    5.55640299961866E+03    1.27534735439902E+03
    5.55606602344692E+03    1.27638522436932E+03
    5.55509950444810E+03    1.27621409699338E+03
    5.55640299961866E+03    1.27534735439902E+03


    5.55640299961866E+03    1.27534735439902E+03
    5.55509950444810E+03    1.27621409699338E+03
    5.55541884638361E+03    1.27513896794056E+03
    5.55640299961866E+03    1.27534735439902E+03


    5.55606602344692E+03    1.27638522436932E+03
    5.55586284155434E+03    1.27743756288332E+03
    5.55489358407715E+03    1.27736522222445E+03
    5.55606602344692E+03    1.27638522436932E+03


    5.55606602344692E+03    1.27638522436932E+03
    5.55489358407715E+03    1.27736522222445E+03
    5.55509950444810E+03    1.27621409699338E+03
    5.55606602344692E+03    1.27638522436932E+03


    5.55775476613962E+03    1.27447056267142E+03
    5.55740313320861E+03    1.27548932292784E+03
    5.55640299961866E+03    1.27534735439902E+03
    5.55775476613962E+03    1.27447056267142E+03


    5.55775476613962E+03    1.27447056267142E+03
    5.55640299961866E+03    1.27534735439902E+03
    5.55673276686598E+03    1.27433768975928E+03
    5.55775476613962E+03    1.27447056267142E+03


    5.55740313320861E+03    1.27548932292784E+03
    5.55704800840153E+03    1.27649705522245E+03
    5.55606602344692E+03    1.27638522436932E+03
    5.55740313320861E+03    1.27548932292784E+03


    5.55740313320861E+03    1.27548932292784E+03
    5.55606602344692E+03    1.27638522436932E+03
    5.55640299961866E+03    1.27534735439902E+03
    5.55740313320861E+03    1.27548932292784E+03


    5.55704800840153E+03    1.27649705522245E+03
    5.55684789311246E+03    1.27746699377398E+03
    5.55586284155434E+03    1.27743756288332E+03
    5.55704800840153E+03    1.27649705522245E+03


    5.55704800840153E+03    1.27649705522245E+03
    5.55586284155434E+03    1.27743756288332E+03
    5.55606602344692E+03    1.27638522436932E+03
    5.55704800840153E+03    1.27649705522245E+03


    5.55882082308876E+03    1.27458460054097E+03
    5.55838602439768E+03    1.27569814843731E+03
    5.55740313320861E+03    1.27548932292784E+03
    5.55882082308876E+03    1.27458460054097E+03


    5.55882082308876E+03    1.27458460054097E+03
    5.55740313320861E+03    1.27548932292784E+03
    5.55775476613962E+03    1.27447056267142E+03
    5.55882082308876E+03    1.27458460054097E+03


    5.55838602439768E+03    1.27569814843731E+03
    5.55804616719902E+03    1.27663650756629E+03
    5.55704800840153E+03    1.27649705522245E+03
    5.55838602439768E+03    1.27569814843731E+03


    5.55838602439768E+03    1.27569814843731E+03
    5.55704800840153E+03    1.27649705522245E+03
    5.55740313320861E+03    1.27548932292784E+03
    5.55838602439768E+03    1.27569814843731E+03


    5.56438341980090E+03    1.27709474574953E+03
    5.56623983553516E+03    1.27634000376732E+03
    5.56600997509477E+03    1.27726715770027E+03
    5.56438341980090E+03    1.27709474574953E+03


    5.56438341980090E+03    1.27709474574953E+03
    5.56463711119029E+03    1.27612236376057E+03
    5.56623983553516E+03    1.27634000376732E+03
    5.56438341980090E+03    1.27709474574953E+03


    5.56275502374733E+03    1.27698482957870E+03
    5.56463711119029E+03    1.27612236376057E+03
    5.56438341980090E+03    1.27709474574953E+03
    5.56275502374733E+03    1.27698482957870E+03


    5.56275502374733E+03    1.27698482957870E+03
    5.56302361315206E+03    1.27599234069140E+03
    5.56463711119029E+03    1.27612236376057E+03
    5.56275502374733E+03    1.27698482957870E+03


    5.56108445888107E+03    1.27687122550555E+03
    5.56302361315206E+03    1.27599234069140E+03
    5.56275502374733E+03    1.27698482957870E+03
    5.56108445888107E+03    1.27687122550555E+03


    5.56108445888107E+03    1.27687122550555E+03
    5.56143106710416E+03    1.27579346524637E+03
    5.56302361315206E+03    1.27599234069140E+03
    5.56108445888107E+03    1.27687122550555E+03


    5.56463711119029E+03    1.27612236376057E+03
    5.56649822185313E+03    1.27534506878401E+03
    5.56623983553516E+03    1.27634000376732E+03
    5.56463711119029E+03    1.27612236376057E+03


    5.56463711119029E+03    1.27612236376057E+03
    5.56491557194382E+03    1.27513115599425E+03
    5.56649822185313E+03    1.27534506878401E+03
    5.56463711119029E+03    1.27612236376057E+03


    5.56302361315206E+03    1.27599234069140E+03
    5.56491557194382E+03    1.27513115599425E+03
    5.56463711119029E+03    1.27612236376057E+03
    5.56302361315206E+03    1.27599234069140E+03


    5.56302361315206E+03    1.27599234069140E+03
    5.56332612111199E+03    1.27499914665408E+03
    5.56491557194382E+03    1.27513115599425E+03
    5.56302361315206E+03    1.27599234069140E+03


    5.56143106710416E+03    1.27579346524637E+03
    5.56332612111199E+03    1.27499914665408E+03
    5.56302361315206E+03    1.27599234069140E+03
    5.56143106710416E+03    1.27579346524637E+03


    5.56143106710416E+03    1.27579346524637E+03
    5.56173879552649E+03    1.27482896250069E+03
    5.56332612111199E+03    1.27499914665408E+03
    5.56143106710416E+03    1.27579346524637E+03


    5.56600997509477E+03    1.27726715770027E+03
    5.56590642661566E+03    1.27779754071341E+03
    5.56427439067271E+03    1.27767304536570E+03
    5.56600997509477E+03    1.27726715770027E+03


    5.56438341980090E+03    1.27709474574953E+03
    5.56600997509477E+03    1.27726715770027E+03
    5.56427439067271E+03    1.27767304536570E+03
    5.56438341980090E+03    1.27709474574953E+03


    5.56438341980090E+03    1.27709474574953E+03
    5.56427439067271E+03    1.27767304536570E+03
    5.56265479995422E+03    1.27758884777722E+03
    5.56438341980090E+03    1.27709474574953E+03


    5.56275502374733E+03    1.27698482957870E+03
    5.56438341980090E+03    1.27709474574953E+03
    5.56265479995422E+03    1.27758884777722E+03
    5.56275502374733E+03    1.27698482957870E+03


    5.56491557194382E+03    1.27513115599425E+03
    5.56671398327091E+03    1.27428563721034E+03
    5.56649822185313E+03    1.27534506878401E+03
    5.56491557194382E+03    1.27513115599425E+03


    5.56491557194382E+03    1.27513115599425E+03
    5.56513604522083E+03    1.27412314609947E+03
    5.56671398327091E+03    1.27428563721034E+03
    5.56491557194382E+03    1.27513115599425E+03


    5.56332612111199E+03    1.27499914665408E+03
    5.56513604522083E+03    1.27412314609947E+03
    5.56491557194382E+03    1.27513115599425E+03
    5.56332612111199E+03    1.27499914665408E+03


    5.56332612111199E+03    1.27499914665408E+03
    5.56355576870023E+03    1.27401925807760E+03
    5.56513604522083E+03    1.27412314609947E+03
    5.56332612111199E+03    1.27499914665408E+03


    5.56173879552649E+03    1.27482896250069E+03
    5.56355576870023E+03    1.27401925807760E+03
    5.56332612111199E+03    1.27499914665408E+03
    5.56173879552649E+03    1.27482896250069E+03


    5.56173879552649E+03    1.27482896250069E+03
    5.56198495497845E+03    1.27395575705635E+03
    5.56355576870023E+03    1.27401925807760E+03
    5.56173879552649E+03    1.27482896250069E+03


    5.56275502374733E+03    1.27698482957870E+03
    5.56265479995422E+03    1.27758884777722E+03
    5.56102483387580E+03    1.27751417418649E+03
    5.56275502374733E+03    1.27698482957870E+03


    5.56108445888107E+03    1.27687122550555E+03
    5.56275502374733E+03    1.27698482957870E+03
    5.56102483387580E+03    1.27751417418649E+03
    5.56108445888107E+03    1.27687122550555E+03


    5.55685868010524E+03    1.27804225729441E+03
    5.55785443200386E+03    1.27744700535080E+03
    5.55789678606278E+03    1.27797207368600E+03
    5.55685868010524E+03    1.27804225729441E+03


    5.55685868010524E+03    1.27804225729441E+03
    5.55684789311246E+03    1.27746699377398E+03
    5.55785443200386E+03    1.27744700535080E+03
    5.55685868010524E+03    1.27804225729441E+03


    5.55804616719902E+03    1.27663650756629E+03
    5.55785443200386E+03    1.27744700535080E+03
    5.55684789311246E+03    1.27746699377398E+03
    5.55804616719902E+03    1.27663650756629E+03


    5.55804616719902E+03    1.27663650756629E+03
    5.55684789311246E+03    1.27746699377398E+03
    5.55704800840153E+03    1.27649705522245E+03
    5.55804616719902E+03    1.27663650756629E+03


    5.55882082308876E+03    1.27458460054097E+03
    5.55994216281015E+03    1.27382287526862E+03
    5.56000982723084E+03    1.27440293914995E+03
    5.55882082308876E+03    1.27458460054097E+03


    5.55882082308876E+03    1.27458460054097E+03
    5.55888844251417E+03    1.27393154366827E+03
    5.55994216281015E+03    1.27382287526862E+03
    5.55882082308876E+03    1.27458460054097E+03


    5.56000982723084E+03    1.27440293914995E+03
    5.56098497989628E+03    1.27361027672683E+03
    5.56105739722091E+03    1.27419399687398E+03
    5.56000982723084E+03    1.27440293914995E+03


    5.56000982723084E+03    1.27440293914995E+03
    5.55994216281015E+03    1.27382287526862E+03
    5.56098497989628E+03    1.27361027672683E+03
    5.56000982723084E+03    1.27440293914995E+03


    5.56105739722091E+03    1.27419399687398E+03
    5.56199276856287E+03    1.27341227901037E+03
    5.56198495497845E+03    1.27395575705635E+03
    5.56105739722091E+03    1.27419399687398E+03


    5.56105739722091E+03    1.27419399687398E+03
    5.56098497989628E+03    1.27361027672683E+03
    5.56199276856287E+03    1.27341227901037E+03
    5.56105739722091E+03    1.27419399687398E+03


    5.55572683673977E+03    1.27415671656161E+03
    5.55686804435664E+03    1.27373687826330E+03
    5.55673276686598E+03    1.27433768975928E+03
    5.55572683673977E+03    1.27415671656161E+03


    5.55572683673977E+03    1.27415671656161E+03
    5.55585933726427E+03    1.27360199173295E+03
    5.55686804435664E+03    1.27373687826330E+03
    5.55572683673977E+03    1.27415671656161E+03


    5.55673276686598E+03    1.27433768975928E+03
    5.55787149754612E+03    1.27384854651469E+03
    5.55775476613962E+03    1.27447056267142E+03
    5.55673276686598E+03    1.27433768975928E+03


    5.55673276686598E+03    1.27433768975928E+03
    5.55686804435664E+03    1.27373687826330E+03
    5.55787149754612E+03    1.27384854651469E+03
    5.55673276686598E+03    1.27433768975928E+03


    5.56678916372841E+03    1.27362807945780E+03
    5.56671398327091E+03    1.27428563721034E+03
    5.56513604522083E+03    1.27412314609947E+03
    5.56678916372841E+03    1.27362807945780E+03


    5.56521094659324E+03    1.27351423304654E+03
    5.56678916372841E+03    1.27362807945780E+03
    5.56513604522083E+03    1.27412314609947E+03
    5.56521094659324E+03    1.27351423304654E+03


    5.56521094659324E+03    1.27351423304654E+03
    5.56513604522083E+03    1.27412314609947E+03
    5.56355576870023E+03    1.27401925807760E+03
    5.56521094659324E+03    1.27351423304654E+03


    5.56361138619299E+03    1.27343337542396E+03
    5.56521094659324E+03    1.27351423304654E+03
    5.56355576870023E+03    1.27401925807760E+03
    5.56361138619299E+03    1.27343337542396E+03


    5.56361138619299E+03    1.27343337542396E+03
    5.56355576870023E+03    1.27401925807760E+03
    5.56198495497845E+03    1.27395575705635E+03
    5.56361138619299E+03    1.27343337542396E+03


    5.56199276856287E+03    1.27341227901037E+03
    5.56361138619299E+03    1.27343337542396E+03
    5.56198495497845E+03    1.27395575705635E+03
    5.56199276856287E+03    1.27341227901037E+03


    5.55775476613962E+03    1.27447056267142E+03
    5.55888844251417E+03    1.27393154366827E+03
    5.55882082308876E+03    1.27458460054097E+03
    5.55775476613962E+03    1.27447056267142E+03


    5.55775476613962E+03    1.27447056267142E+03
    5.55787149754612E+03    1.27384854651469E+03
    5.55888844251417E+03    1.27393154366827E+03
    5.55775476613962E+03    1.27447056267142E+03


    5.55888844251417E+03    1.27393154366827E+03
    5.55990821070373E+03    1.27322033919681E+03
    5.55994216281015E+03    1.27382287526862E+03
    5.55888844251417E+03    1.27393154366827E+03


    5.55888844251417E+03    1.27393154366827E+03
    5.55890976836939E+03    1.27327621608552E+03
    5.55990821070373E+03    1.27322033919681E+03
    5.55888844251417E+03    1.27393154366827E+03


    5.55994216281015E+03    1.27382287526862E+03
    5.56093294891567E+03    1.27302862728359E+03
    5.56098497989628E+03    1.27361027672683E+03
    5.55994216281015E+03    1.27382287526862E+03


    5.55994216281015E+03    1.27382287526862E+03
    5.55990821070373E+03    1.27322033919681E+03
    5.56093294891567E+03    1.27302862728359E+03
    5.55994216281015E+03    1.27382287526862E+03


    5.56098497989628E+03    1.27361027672683E+03
    5.56197082678172E+03    1.27286641979687E+03
    5.56199276856287E+03    1.27341227901037E+03
    5.56098497989628E+03    1.27361027672683E+03


    5.56098497989628E+03    1.27361027672683E+03
    5.56093294891567E+03    1.27302862728359E+03
    5.56197082678172E+03    1.27286641979687E+03
    5.56098497989628E+03    1.27361027672683E+03


    5.55585933726427E+03    1.27360199173295E+03
    5.55694439345578E+03    1.27313294618357E+03
    5.55686804435664E+03    1.27373687826330E+03
    5.55585933726427E+03    1.27360199173295E+03


    5.55585933726427E+03    1.27360199173295E+03
    5.55593703684443E+03    1.27305606887214E+03
    5.55694439345578E+03    1.27313294618357E+03
    5.55585933726427E+03    1.27360199173295E+03


    5.55686804435664E+03    1.27373687826330E+03
    5.55793140905588E+03    1.27321277809884E+03
    5.55787149754612E+03    1.27384854651469E+03
    5.55686804435664E+03    1.27373687826330E+03


    5.55686804435664E+03    1.27373687826330E+03
    5.55694439345578E+03    1.27313294618357E+03
    5.55793140905588E+03    1.27321277809884E+03
    5.55686804435664E+03    1.27373687826330E+03


    5.56682137721381E+03    1.27296684332204E+03
    5.56678916372841E+03    1.27362807945780E+03
    5.56521094659324E+03    1.27351423304654E+03
    5.56682137721381E+03    1.27296684332204E+03


    5.56523712310972E+03    1.27290791337281E+03
    5.56682137721381E+03    1.27296684332204E+03
    5.56521094659324E+03    1.27351423304654E+03
    5.56523712310972E+03    1.27290791337281E+03


    5.56523712310972E+03    1.27290791337281E+03
    5.56521094659324E+03    1.27351423304654E+03
    5.56361138619299E+03    1.27343337542396E+03
    5.56523712310972E+03    1.27290791337281E+03


    5.56361956824807E+03    1.27285547692486E+03
    5.56523712310972E+03    1.27290791337281E+03
    5.56361138619299E+03    1.27343337542396E+03
    5.56361956824807E+03    1.27285547692486E+03


    5.56361956824807E+03    1.27285547692486E+03
    5.56361138619299E+03    1.27343337542396E+03
    5.56199276856287E+03    1.27341227901037E+03
    5.56361956824807E+03    1.27285547692486E+03


    5.56197082678172E+03    1.27286641979687E+03
    5.56361956824807E+03    1.27285547692486E+03
    5.56199276856287E+03    1.27341227901037E+03
    5.56197082678172E+03    1.27286641979687E+03


    5.55787149754612E+03    1.27384854651469E+03
    5.55890976836939E+03    1.27327621608552E+03
    5.55888844251417E+03    1.27393154366827E+03
    5.55787149754612E+03    1.27384854651469E+03


    5.55787149754612E+03    1.27384854651469E+03
    5.55793140905588E+03    1.27321277809884E+03
    5.55890976836939E+03    1.27327621608552E+03
    5.55787149754612E+03    1.27384854651469E+03


    5.55890976836939E+03    1.27327621608552E+03
    5.55986238179707E+03    1.27261647041783E+03
    5.55990821070373E+03    1.27322033919681E+03
    5.55890976836939E+03    1.27327621608552E+03


    5.55890976836939E+03    1.27327621608552E+03
    5.55890815743185E+03    1.27261396834062E+03
    5.55986238179707E+03    1.27261647041783E+03
    5.55890976836939E+03    1.27327621608552E+03


    5.55990821070373E+03    1.27322033919681E+03
    5.56086978352345E+03    1.27244262010407E+03
    5.56093294891567E+03    1.27302862728359E+03
    5.55990821070373E+03    1.27322033919681E+03


    5.55990821070373E+03    1.27322033919681E+03
    5.55986238179707E+03    1.27261647041783E+03
    5.56086978352345E+03    1.27244262010407E+03
    5.55990821070373E+03    1.27322033919681E+03


    5.56093294891567E+03    1.27302862728359E+03
    5.56193211268766E+03    1.27231163280894E+03
    5.56197082678172E+03    1.27286641979687E+03
    5.56093294891567E+03    1.27302862728359E+03


    5.56093294891567E+03    1.27302862728359E+03
    5.56086978352345E+03    1.27244262010407E+03
    5.56193211268766E+03    1.27231163280894E+03
    5.56093294891567E+03    1.27302862728359E+03


    5.55593703684443E+03    1.27305606887214E+03
    5.55696234632492E+03    1.27252450143064E+03
    5.55694439345578E+03    1.27313294618357E+03
    5.55593703684443E+03    1.27305606887214E+03


    5.55593703684443E+03    1.27305606887214E+03
    5.55595943878783E+03    1.27250760714229E+03
    5.55696234632492E+03    1.27252450143064E+03
    5.55593703684443E+03    1.27305606887214E+03


    5.55694439345578E+03    1.27313294618357E+03
    5.55794778424232E+03    1.27256696120443E+03
    5.55793140905588E+03    1.27321277809884E+03
    5.55694439345578E+03    1.27313294618357E+03


    5.55694439345578E+03    1.27313294618357E+03
    5.55696234632492E+03    1.27252450143064E+03
    5.55794778424232E+03    1.27256696120443E+03
    5.55694439345578E+03    1.27313294618357E+03


    5.55646630155454E+03    1.26936506476346E+03
    5.55667559837155E+03    1.27044113520837E+03
    5.55568008886646E+03    1.27050931880499E+03
    5.55646630155454E+03    1.26936506476346E+03


    5.55646630155454E+03    1.26936506476346E+03
    5.55568008886646E+03    1.27050931880499E+03
    5.55546630155454E+03    1.26936506476346E+03
    5.55646630155454E+03    1.26936506476346E+03


    5.55667559837155E+03    1.27044113520837E+03
    5.55687026591768E+03    1.27149518589914E+03
    5.55586765597628E+03    1.27154863009187E+03
    5.55667559837155E+03    1.27044113520837E+03


    5.55667559837155E+03    1.27044113520837E+03
    5.55586765597628E+03    1.27154863009187E+03
    5.55568008886646E+03    1.27050931880499E+03
    5.55667559837155E+03    1.27044113520837E+03


    5.55687026591768E+03    1.27149518589914E+03
    5.55696234632492E+03    1.27252450143064E+03
    5.55595943878783E+03    1.27250760714229E+03
    5.55687026591768E+03    1.27149518589914E+03


    5.55687026591768E+03    1.27149518589914E+03
    5.55595943878783E+03    1.27250760714229E+03
    5.55586765597628E+03    1.27154863009187E+03
    5.55687026591768E+03    1.27149518589914E+03


    5.55746630155454E+03    1.26936506476346E+03
    5.55766668811506E+03    1.27041903113974E+03
    5.55667559837155E+03    1.27044113520837E+03
    5.55746630155454E+03    1.26936506476346E+03


    5.55746630155454E+03    1.26936506476346E+03
    5.55667559837155E+03    1.27044113520837E+03
    5.55646630155454E+03    1.26936506476346E+03
    5.55746630155454E+03    1.26936506476346E+03


    5.55766668811506E+03    1.27041903113974E+03
    5.55786008766996E+03    1.27148687661429E+03
    5.55687026591768E+03    1.27149518589914E+03
    5.55766668811506E+03    1.27041903113974E+03


    5.55766668811506E+03    1.27041903113974E+03
    5.55687026591768E+03    1.27149518589914E+03
    5.55667559837155E+03    1.27044113520837E+03
    5.55766668811506E+03    1.27041903113974E+03


    5.55786008766996E+03    1.27148687661429E+03
    5.55794778424232E+03    1.27256696120443E+03
    5.55696234632492E+03    1.27252450143064E+03
    5.55786008766996E+03    1.27148687661429E+03


    5.55786008766996E+03    1.27148687661429E+03
    5.55696234632492E+03    1.27252450143064E+03
    5.55687026591768E+03    1.27149518589914E+03
    5.55786008766996E+03    1.27148687661429E+03


    5.55846630155454E+03    1.26936506476346E+03
    5.55866561749856E+03    1.27035445858351E+03
    5.55766668811506E+03    1.27041903113974E+03
    5.55846630155454E+03    1.26936506476346E+03


    5.55846630155454E+03    1.26936506476346E+03
    5.55766668811506E+03    1.27041903113974E+03
    5.55746630155454E+03    1.26936506476346E+03
    5.55846630155454E+03    1.26936506476346E+03


    5.55866561749856E+03    1.27035445858351E+03
    5.55884121420314E+03    1.27144868013899E+03
    5.55786008766996E+03    1.27148687661429E+03
    5.55866561749856E+03    1.27035445858351E+03


    5.55866561749856E+03    1.27035445858351E+03
    5.55786008766996E+03    1.27148687661429E+03
    5.55766668811506E+03    1.27041903113974E+03
    5.55866561749856E+03    1.27035445858351E+03


    5.56521616347782E+03    1.27230590665969E+03
    5.56670637956573E+03    1.27125314171836E+03
    5.56680813165239E+03    1.27231115453078E+03
    5.56521616347782E+03    1.27230590665969E+03


    5.56521616347782E+03    1.27230590665969E+03
    5.56509100562037E+03    1.27131545493466E+03
    5.56670637956573E+03    1.27125314171836E+03
    5.56521616347782E+03    1.27230590665969E+03


    5.56358798511263E+03    1.27228164813668E+03
    5.56509100562037E+03    1.27131545493466E+03
    5.56521616347782E+03    1.27230590665969E+03
    5.56358798511263E+03    1.27228164813668E+03


    5.56358798511263E+03    1.27228164813668E+03
    5.56346647061441E+03    1.27132308292901E+03
    5.56509100562037E+03    1.27131545493466E+03
    5.56358798511263E+03    1.27228164813668E+03


    5.56193211268766E+03    1.27231163280894E+03
    5.56346647061441E+03    1.27132308292901E+03
    5.56358798511263E+03    1.27228164813668E+03
    5.56193211268766E+03    1.27231163280894E+03


    5.56193211268766E+03    1.27231163280894E+03
    5.56182944597910E+03    1.27139131846225E+03
    5.56346647061441E+03    1.27132308292901E+03
    5.56193211268766E+03    1.27231163280894E+03


    5.56509100562037E+03    1.27131545493466E+03
    5.56651337282196E+03    1.27026258344749E+03
    5.56670637956573E+03    1.27125314171836E+03
    5.56509100562037E+03    1.27131545493466E+03


    5.56509100562037E+03    1.27131545493466E+03
    5.56488456136034E+03    1.27033898379838E+03
    5.56651337282196E+03    1.27026258344749E+03
    5.56509100562037E+03    1.27131545493466E+03


    5.56346647061441E+03    1.27132308292901E+03
    5.56488456136034E+03    1.27033898379838E+03
    5.56509100562037E+03    1.27131545493466E+03
    5.56346647061441E+03    1.27132308292901E+03


    5.56346647061441E+03    1.27132308292901E+03
    5.56327326579594E+03    1.27035084410348E+03
    5.56488456136034E+03    1.27033898379838E+03
    5.56346647061441E+03    1.27132308292901E+03


    5.56182944597910E+03    1.27139131846225E+03
    5.56327326579594E+03    1.27035084410348E+03
    5.56346647061441E+03    1.27132308292901E+03
    5.56182944597910E+03    1.27139131846225E+03


    5.56182944597910E+03    1.27139131846225E+03
    5.56165170067699E+03    1.27041726315382E+03
    5.56327326579594E+03    1.27035084410348E+03
    5.56182944597910E+03    1.27139131846225E+03


    5.56680813165239E+03    1.27231115453078E+03
    5.56682137721381E+03    1.27296684332204E+03
    5.56523712310972E+03    1.27290791337281E+03
    5.56680813165239E+03    1.27231115453078E+03


    5.56521616347782E+03    1.27230590665969E+03
    5.56680813165239E+03    1.27231115453078E+03
    5.56523712310972E+03    1.27290791337281E+03
    5.56521616347782E+03    1.27230590665969E+03


    5.56521616347782E+03    1.27230590665969E+03
    5.56523712310972E+03    1.27290791337281E+03
    5.56361956824807E+03    1.27285547692486E+03
    5.56521616347782E+03    1.27230590665969E+03


    5.56358798511263E+03    1.27228164813668E+03
    5.56521616347782E+03    1.27230590665969E+03
    5.56361956824807E+03    1.27285547692486E+03
    5.56358798511263E+03    1.27228164813668E+03


    5.56488456136034E+03    1.27033898379838E+03
    5.56626630155455E+03    1.26936506476346E+03
    5.56651337282196E+03    1.27026258344749E+03
    5.56488456136034E+03    1.27033898379838E+03


    5.56488456136034E+03    1.27033898379838E+03
    5.56466630155455E+03    1.26936506476346E+03
    5.56626630155455E+03    1.26936506476346E+03
    5.56488456136034E+03    1.27033898379838E+03


    5.56327326579594E+03    1.27035084410348E+03
    5.56466630155455E+03    1.26936506476346E+03
    5.56488456136034E+03    1.27033898379838E+03
    5.56327326579594E+03    1.27035084410348E+03


    5.56327326579594E+03    1.27035084410348E+03
    5.56306630155455E+03    1.26936506476346E+03
    5.56466630155455E+03    1.26936506476346E+03
    5.56327326579594E+03    1.27035084410348E+03


    5.56165170067699E+03    1.27041726315382E+03
    5.56306630155455E+03    1.26936506476346E+03
    5.56327326579594E+03    1.27035084410348E+03
    5.56165170067699E+03    1.27041726315382E+03


    5.56165170067699E+03    1.27041726315382E+03
    5.56146630155455E+03    1.26936506476346E+03
    5.56306630155455E+03    1.26936506476346E+03
    5.56165170067699E+03    1.27041726315382E+03


    5.56358798511263E+03    1.27228164813668E+03
    5.56361956824807E+03    1.27285547692486E+03
    5.56197082678172E+03    1.27286641979687E+03
    5.56358798511263E+03    1.27228164813668E+03


    5.56193211268766E+03    1.27231163280894E+03
    5.56358798511263E+03    1.27228164813668E+03
    5.56197082678172E+03    1.27286641979687E+03
    5.56193211268766E+03    1.27231163280894E+03


    5.55793140905588E+03    1.27321277809884E+03
    5.55890815743185E+03    1.27261396834062E+03
    5.55890976836939E+03    1.27327621608552E+03
    5.55793140905588E+03    1.27321277809884E+03


    5.55793140905588E+03    1.27321277809884E+03
    5.55794778424232E+03    1.27256696120443E+03
    5.55890815743185E+03    1.27261396834062E+03
    5.55793140905588E+03    1.27321277809884E+03


    5.55884121420314E+03    1.27144868013899E+03
    5.55890815743185E+03    1.27261396834062E+03
    5.55794778424232E+03    1.27256696120443E+03
    5.55884121420314E+03    1.27144868013899E+03


    5.55884121420314E+03    1.27144868013899E+03
    5.55794778424232E+03    1.27256696120443E+03
    5.55786008766996E+03    1.27148687661429E+03
    5.55884121420314E+03    1.27144868013899E+03


