# Gnuplot Deformed Mesh Archive
# X_deformed              Y_deformed
    5.55885291626085E+03    1.28943596517620E+03
    5.55981305949845E+03    1.28878858988387E+03
    5.55984943646788E+03    1.28938955671563E+03
    5.55885291626085E+03    1.28943596517620E+03


    5.55885291626085E+03    1.28943596517620E+03
    5.55881502589516E+03    1.28883259194149E+03
    5.55981305949845E+03    1.28878858988387E+03
    5.55885291626085E+03    1.28943596517620E+03


    5.55984943646788E+03    1.28938955671563E+03
    5.56081529795956E+03    1.28873437238523E+03
    5.56085806475155E+03    1.28933362338854E+03
    5.55984943646788E+03    1.28938955671563E+03


    5.55984943646788E+03    1.28938955671563E+03
    5.55981305949845E+03    1.28878858988387E+03
    5.56081529795956E+03    1.28873437238523E+03
    5.55984943646788E+03    1.28938955671563E+03


    5.56085806475155E+03    1.28933362338854E+03
    5.56181838822067E+03    1.28865684844817E+03
    5.56187051220798E+03    1.28925611385374E+03
    5.56085806475155E+03    1.28933362338854E+03


    5.56085806475155E+03    1.28933362338854E+03
    5.56081529795956E+03    1.28873437238523E+03
    5.56181838822067E+03    1.28865684844817E+03
    5.56085806475155E+03    1.28933362338854E+03


    5.55587931304113E+03    1.28966651834854E+03
    5.55682727566564E+03    1.28898032825587E+03
    5.55687531568078E+03    1.28958197322190E+03
    5.55587931304113E+03    1.28966651834854E+03


    5.55587931304113E+03    1.28966651834854E+03
    5.55583000871020E+03    1.28906528586212E+03
    5.55682727566564E+03    1.28898032825587E+03
    5.55587931304113E+03    1.28966651834854E+03


    5.55687531568078E+03    1.28958197322190E+03
    5.55782199830653E+03    1.28889994518939E+03
    5.55786569142433E+03    1.28950254332611E+03
    5.55687531568078E+03    1.28958197322190E+03


    5.55687531568078E+03    1.28958197322190E+03
    5.55682727566564E+03    1.28898032825587E+03
    5.55782199830653E+03    1.28889994518939E+03
    5.55687531568078E+03    1.28958197322190E+03


    5.56662227382733E+03    1.28817816056934E+03
    5.56668431436997E+03    1.28877815229983E+03
    5.56508308011387E+03    1.28894301636289E+03
    5.56662227382733E+03    1.28817816056934E+03


    5.56502171360737E+03    1.28834301659925E+03
    5.56662227382733E+03    1.28817816056934E+03
    5.56508308011387E+03    1.28894301636289E+03
    5.56502171360737E+03    1.28834301659925E+03


    5.56502171360737E+03    1.28834301659925E+03
    5.56508308011387E+03    1.28894301636289E+03
    5.56347934988310E+03    1.28910264442841E+03
    5.56502171360737E+03    1.28834301659925E+03


    5.56342058460874E+03    1.28850269680113E+03
    5.56502171360737E+03    1.28834301659925E+03
    5.56347934988310E+03    1.28910264442841E+03
    5.56342058460874E+03    1.28850269680113E+03


    5.56342058460874E+03    1.28850269680113E+03
    5.56347934988310E+03    1.28910264442841E+03
    5.56187051220798E+03    1.28925611385374E+03
    5.56342058460874E+03    1.28850269680113E+03


    5.56181838822067E+03    1.28865684844817E+03
    5.56342058460874E+03    1.28850269680113E+03
    5.56187051220798E+03    1.28925611385374E+03
    5.56181838822067E+03    1.28865684844817E+03


    5.55786569142433E+03    1.28950254332611E+03
    5.55881502589516E+03    1.28883259194149E+03
    5.55885291626085E+03    1.28943596517620E+03
    5.55786569142433E+03    1.28950254332611E+03


    5.55786569142433E+03    1.28950254332611E+03
    5.55782199830653E+03    1.28889994518939E+03
    5.55881502589516E+03    1.28883259194149E+03
    5.55786569142433E+03    1.28950254332611E+03


    5.55881502589516E+03    1.28883259194149E+03
    5.55977299742870E+03    1.28818682232572E+03
    5.55981305949845E+03    1.28878858988387E+03
    5.55881502589516E+03    1.28883259194149E+03


    5.55881502589516E+03    1.28883259194149E+03
    5.55877291193942E+03    1.28822593564232E+03
    5.55977299742870E+03    1.28818682232572E+03
    5.55881502589516E+03    1.28883259194149E+03


    5.55981305949845E+03    1.28878858988387E+03
    5.56077057679133E+03    1.28813388899716E+03
    5.56081529795956E+03    1.28873437238523E+03
    5.55981305949845E+03    1.28878858988387E+03


    5.55981305949845E+03    1.28878858988387E+03
    5.55977299742870E+03    1.28818682232572E+03
    5.56077057679133E+03    1.28813388899716E+03
    5.55981305949845E+03    1.28878858988387E+03


    5.56081529795956E+03    1.28873437238523E+03
    5.56176545718560E+03    1.28805571301148E+03
    5.56181838822067E+03    1.28865684844817E+03
    5.56081529795956E+03    1.28873437238523E+03


    5.56081529795956E+03    1.28873437238523E+03
    5.56077057679133E+03    1.28813388899716E+03
    5.56176545718560E+03    1.28805571301148E+03
    5.56081529795956E+03    1.28873437238523E+03


    5.55583000871020E+03    1.28906528586212E+03
    5.55677894627130E+03    1.28837695700044E+03
    5.55682727566564E+03    1.28898032825587E+03
    5.55583000871020E+03    1.28906528586212E+03


    5.55583000871020E+03    1.28906528586212E+03
    5.55578119962968E+03    1.28846309067449E+03
    5.55677894627130E+03    1.28837695700044E+03
    5.55583000871020E+03    1.28906528586212E+03


    5.55682727566564E+03    1.28898032825587E+03
    5.55777652257267E+03    1.28829533856367E+03
    5.55782199830653E+03    1.28889994518939E+03
    5.55682727566564E+03    1.28898032825587E+03


    5.55682727566564E+03    1.28898032825587E+03
    5.55677894627130E+03    1.28837695700044E+03
    5.55777652257267E+03    1.28829533856367E+03
    5.55682727566564E+03    1.28898032825587E+03


    5.56655895526194E+03    1.28757773184799E+03
    5.56662227382733E+03    1.28817816056934E+03
    5.56502171360737E+03    1.28834301659925E+03
    5.56655895526194E+03    1.28757773184799E+03


    5.56495891390971E+03    1.28774217665742E+03
    5.56655895526194E+03    1.28757773184799E+03
    5.56502171360737E+03    1.28834301659925E+03
    5.56495891390971E+03    1.28774217665742E+03


    5.56495891390971E+03    1.28774217665742E+03
    5.56502171360737E+03    1.28834301659925E+03
    5.56342058460874E+03    1.28850269680113E+03
    5.56495891390971E+03    1.28774217665742E+03


    5.56336057769248E+03    1.28790081322850E+03
    5.56495891390971E+03    1.28774217665742E+03
    5.56342058460874E+03    1.28850269680113E+03
    5.56336057769248E+03    1.28790081322850E+03


    5.56336057769248E+03    1.28790081322850E+03
    5.56342058460874E+03    1.28850269680113E+03
    5.56181838822067E+03    1.28865684844817E+03
    5.56336057769248E+03    1.28790081322850E+03


    5.56176545718560E+03    1.28805571301148E+03
    5.56336057769248E+03    1.28790081322850E+03
    5.56181838822067E+03    1.28865684844817E+03
    5.56176545718560E+03    1.28805571301148E+03


    5.55782199830653E+03    1.28889994518939E+03
    5.55877291193942E+03    1.28822593564232E+03
    5.55881502589516E+03    1.28883259194149E+03
    5.55782199830653E+03    1.28889994518939E+03


    5.55782199830653E+03    1.28889994518939E+03
    5.55777652257267E+03    1.28829533856367E+03
    5.55877291193942E+03    1.28822593564232E+03
    5.55782199830653E+03    1.28889994518939E+03


    5.55877291193942E+03    1.28822593564232E+03
    5.55973648401533E+03    1.28758444430347E+03
    5.55977299742870E+03    1.28818682232572E+03
    5.55877291193942E+03    1.28822593564232E+03


    5.55877291193942E+03    1.28822593564232E+03
    5.55872893568012E+03    1.28761565589496E+03
    5.55973648401533E+03    1.28758444430347E+03
    5.55877291193942E+03    1.28822593564232E+03


    5.55977299742870E+03    1.28818682232572E+03
    5.56072734148835E+03    1.28753172337926E+03
    5.56077057679133E+03    1.28813388899716E+03
    5.55977299742870E+03    1.28818682232572E+03


    5.55977299742870E+03    1.28818682232572E+03
    5.55973648401533E+03    1.28758444430347E+03
    5.56072734148835E+03    1.28753172337926E+03
    5.55977299742870E+03    1.28818682232572E+03


    5.56077057679133E+03    1.28813388899716E+03
    5.56170877737508E+03    1.28745312705304E+03
    5.56176545718560E+03    1.28805571301148E+03
    5.56077057679133E+03    1.28813388899716E+03


    5.56077057679133E+03    1.28813388899716E+03
    5.56072734148835E+03    1.28753172337926E+03
    5.56170877737508E+03    1.28745312705304E+03
    5.56077057679133E+03    1.28813388899716E+03


    5.55578119962968E+03    1.28846309067449E+03
    5.55672794520513E+03    1.28777162934256E+03
    5.55677894627130E+03    1.28837695700044E+03
    5.55578119962968E+03    1.28846309067449E+03


    5.55578119962968E+03    1.28846309067449E+03
    5.55573045187307E+03    1.28785962988493E+03
    5.55672794520513E+03    1.28777162934256E+03
    5.55578119962968E+03    1.28846309067449E+03


    5.55677894627130E+03    1.28837695700044E+03
    5.55772796705437E+03    1.28768878890657E+03
    5.55777652257267E+03    1.28829533856367E+03
    5.55677894627130E+03    1.28837695700044E+03


    5.55677894627130E+03    1.28837695700044E+03
    5.55672794520513E+03    1.28777162934256E+03
    5.55772796705437E+03    1.28768878890657E+03
    5.55677894627130E+03    1.28837695700044E+03


    5.55642945490685E+03    1.28469377988404E+03
    5.55652796315691E+03    1.28572974975753E+03
    5.55553732781963E+03    1.28581799161749E+03
    5.55642945490685E+03    1.28469377988404E+03


    5.55642945490685E+03    1.28469377988404E+03
    5.55553732781963E+03    1.28581799161749E+03
    5.55544327011428E+03    1.28477571851027E+03
    5.55642945490685E+03    1.28469377988404E+03


    5.55652796315691E+03    1.28572974975753E+03
    5.55663096564475E+03    1.28675549568852E+03
    5.55563613418914E+03    1.28684552885494E+03
    5.55652796315691E+03    1.28572974975753E+03


    5.55652796315691E+03    1.28572974975753E+03
    5.55563613418914E+03    1.28684552885494E+03
    5.55553732781963E+03    1.28581799161749E+03
    5.55652796315691E+03    1.28572974975753E+03


    5.55663096564475E+03    1.28675549568852E+03
    5.55672794520513E+03    1.28777162934256E+03
    5.55573045187307E+03    1.28785962988493E+03
    5.55663096564475E+03    1.28675549568852E+03


    5.55663096564475E+03    1.28675549568852E+03
    5.55573045187307E+03    1.28785962988493E+03
    5.55563613418914E+03    1.28684552885494E+03
    5.55663096564475E+03    1.28675549568852E+03


    5.55741479743344E+03    1.28461570057622E+03
    5.55751914324405E+03    1.28564586543339E+03
    5.55652796315691E+03    1.28572974975753E+03
    5.55741479743344E+03    1.28461570057622E+03


    5.55741479743344E+03    1.28461570057622E+03
    5.55652796315691E+03    1.28572974975753E+03
    5.55642945490685E+03    1.28469377988404E+03
    5.55741479743344E+03    1.28461570057622E+03


    5.55751914324405E+03    1.28564586543339E+03
    5.55762708890160E+03    1.28667004361015E+03
    5.55663096564475E+03    1.28675549568852E+03
    5.55751914324405E+03    1.28564586543339E+03


    5.55751914324405E+03    1.28564586543339E+03
    5.55663096564475E+03    1.28675549568852E+03
    5.55652796315691E+03    1.28572974975753E+03
    5.55751914324405E+03    1.28564586543339E+03


    5.55762708890160E+03    1.28667004361015E+03
    5.55772796705437E+03    1.28768878890657E+03
    5.55672794520513E+03    1.28777162934256E+03
    5.55762708890160E+03    1.28667004361015E+03


    5.55762708890160E+03    1.28667004361015E+03
    5.55672794520513E+03    1.28777162934256E+03
    5.55663096564475E+03    1.28675549568852E+03
    5.55762708890160E+03    1.28667004361015E+03


    5.55839929193332E+03    1.28453332551510E+03
    5.55851284515298E+03    1.28555283016374E+03
    5.55751914324405E+03    1.28564586543339E+03
    5.55839929193332E+03    1.28453332551510E+03


    5.55839929193332E+03    1.28453332551510E+03
    5.55751914324405E+03    1.28564586543339E+03
    5.55741479743344E+03    1.28461570057622E+03
    5.55839929193332E+03    1.28453332551510E+03


    5.55851284515298E+03    1.28555283016374E+03
    5.55862283295796E+03    1.28658098174272E+03
    5.55762708890160E+03    1.28667004361015E+03
    5.55851284515298E+03    1.28555283016374E+03


    5.55851284515298E+03    1.28555283016374E+03
    5.55762708890160E+03    1.28667004361015E+03
    5.55751914324405E+03    1.28564586543339E+03
    5.55851284515298E+03    1.28555283016374E+03


    5.56489477374012E+03    1.28714055917832E+03
    5.56638649745274E+03    1.28597762850940E+03
    5.56649469767670E+03    1.28697727096937E+03
    5.56489477374012E+03    1.28714055917832E+03


    5.56489477374012E+03    1.28714055917832E+03
    5.56478613633626E+03    1.28613679867774E+03
    5.56638649745274E+03    1.28597762850940E+03
    5.56489477374012E+03    1.28714055917832E+03


    5.56329843870622E+03    1.28729694548637E+03
    5.56478613633626E+03    1.28613679867774E+03
    5.56489477374012E+03    1.28714055917832E+03
    5.56329843870622E+03    1.28729694548637E+03


    5.56329843870622E+03    1.28729694548637E+03
    5.56318969086048E+03    1.28628715536684E+03
    5.56478613633626E+03    1.28613679867774E+03
    5.56329843870622E+03    1.28729694548637E+03


    5.56170877737508E+03    1.28745312705304E+03
    5.56318969086048E+03    1.28628715536684E+03
    5.56329843870622E+03    1.28729694548637E+03
    5.56170877737508E+03    1.28745312705304E+03


    5.56170877737508E+03    1.28745312705304E+03
    5.56159598798944E+03    1.28644082317447E+03
    5.56318969086048E+03    1.28628715536684E+03
    5.56170877737508E+03    1.28745312705304E+03


    5.56478613633626E+03    1.28613679867774E+03
    5.56628012458616E+03    1.28498051272940E+03
    5.56638649745274E+03    1.28597762850940E+03
    5.56478613633626E+03    1.28613679867774E+03


    5.56478613633626E+03    1.28613679867774E+03
    5.56467918274446E+03    1.28513254149667E+03
    5.56628012458616E+03    1.28498051272940E+03
    5.56478613633626E+03    1.28613679867774E+03


    5.56318969086048E+03    1.28628715536684E+03
    5.56467918274446E+03    1.28513254149667E+03
    5.56478613633626E+03    1.28613679867774E+03
    5.56318969086048E+03    1.28628715536684E+03


    5.56318969086048E+03    1.28628715536684E+03
    5.56308219177584E+03    1.28527507531711E+03
    5.56467918274446E+03    1.28513254149667E+03
    5.56318969086048E+03    1.28628715536684E+03


    5.56159598798944E+03    1.28644082317447E+03
    5.56308219177584E+03    1.28527507531711E+03
    5.56318969086048E+03    1.28628715536684E+03
    5.56159598798944E+03    1.28644082317447E+03


    5.56159598798944E+03    1.28644082317447E+03
    5.56148909188353E+03    1.28541833011015E+03
    5.56308219177584E+03    1.28527507531711E+03
    5.56159598798944E+03    1.28644082317447E+03


    5.56649469767670E+03    1.28697727096937E+03
    5.56655895526194E+03    1.28757773184799E+03
    5.56495891390971E+03    1.28774217665742E+03
    5.56649469767670E+03    1.28697727096937E+03


    5.56489477374012E+03    1.28714055917832E+03
    5.56649469767670E+03    1.28697727096937E+03
    5.56495891390971E+03    1.28774217665742E+03
    5.56489477374012E+03    1.28714055917832E+03


    5.56489477374012E+03    1.28714055917832E+03
    5.56495891390971E+03    1.28774217665742E+03
    5.56336057769248E+03    1.28790081322850E+03
    5.56489477374012E+03    1.28714055917832E+03


    5.56329843870622E+03    1.28729694548637E+03
    5.56489477374012E+03    1.28714055917832E+03
    5.56336057769248E+03    1.28790081322850E+03
    5.56329843870622E+03    1.28729694548637E+03


    5.56467918274446E+03    1.28513254149667E+03
    5.56617886709135E+03    1.28398645863215E+03
    5.56628012458616E+03    1.28498051272940E+03
    5.56467918274446E+03    1.28513254149667E+03


    5.56467918274446E+03    1.28513254149667E+03
    5.56457831401370E+03    1.28412779648717E+03
    5.56617886709135E+03    1.28398645863215E+03
    5.56467918274446E+03    1.28513254149667E+03


    5.56308219177584E+03    1.28527507531711E+03
    5.56457831401370E+03    1.28412779648717E+03
    5.56467918274446E+03    1.28513254149667E+03
    5.56308219177584E+03    1.28527507531711E+03


    5.56308219177584E+03    1.28527507531711E+03
    5.56298210274385E+03    1.28425987972904E+03
    5.56457831401370E+03    1.28412779648717E+03
    5.56308219177584E+03    1.28527507531711E+03


    5.56148909188353E+03    1.28541833011015E+03
    5.56298210274385E+03    1.28425987972904E+03
    5.56308219177584E+03    1.28527507531711E+03
    5.56148909188353E+03    1.28541833011015E+03


    5.56148909188353E+03    1.28541833011015E+03
    5.56138846656313E+03    1.28438603392464E+03
    5.56298210274385E+03    1.28425987972904E+03
    5.56148909188353E+03    1.28541833011015E+03


    5.56329843870622E+03    1.28729694548637E+03
    5.56336057769248E+03    1.28790081322850E+03
    5.56176545718560E+03    1.28805571301148E+03
    5.56329843870622E+03    1.28729694548637E+03


    5.56170877737508E+03    1.28745312705304E+03
    5.56329843870622E+03    1.28729694548637E+03
    5.56176545718560E+03    1.28805571301148E+03
    5.56170877737508E+03    1.28745312705304E+03


    5.55777652257267E+03    1.28829533856367E+03
    5.55872893568012E+03    1.28761565589496E+03
    5.55877291193942E+03    1.28822593564232E+03
    5.55777652257267E+03    1.28829533856367E+03


    5.55777652257267E+03    1.28829533856367E+03
    5.55772796705437E+03    1.28768878890657E+03
    5.55872893568012E+03    1.28761565589496E+03
    5.55777652257267E+03    1.28829533856367E+03


    5.55862283295796E+03    1.28658098174272E+03
    5.55872893568012E+03    1.28761565589496E+03
    5.55772796705437E+03    1.28768878890657E+03
    5.55862283295796E+03    1.28658098174272E+03


    5.55862283295796E+03    1.28658098174272E+03
    5.55772796705437E+03    1.28768878890657E+03
    5.55762708890160E+03    1.28667004361015E+03
    5.55862283295796E+03    1.28658098174272E+03


    5.55839929193332E+03    1.28453332551510E+03
    5.55934590064570E+03    1.28388010656037E+03
    5.55938292980536E+03    1.28448252351242E+03
    5.55839929193332E+03    1.28453332551510E+03


    5.55839929193332E+03    1.28453332551510E+03
    5.55835133893255E+03    1.28392618146818E+03
    5.55934590064570E+03    1.28388010656037E+03
    5.55839929193332E+03    1.28453332551510E+03


    5.55938292980536E+03    1.28448252351242E+03
    5.56034533874588E+03    1.28383191027183E+03
    5.56038294305209E+03    1.28443390142693E+03
    5.55938292980536E+03    1.28448252351242E+03


    5.55938292980536E+03    1.28448252351242E+03
    5.55934590064570E+03    1.28388010656037E+03
    5.56034533874588E+03    1.28383191027183E+03
    5.55938292980536E+03    1.28448252351242E+03


    5.56038294305209E+03    1.28443390142693E+03
    5.56134205474249E+03    1.28377221354045E+03
    5.56138846656313E+03    1.28438603392464E+03
    5.56038294305209E+03    1.28443390142693E+03


    5.56038294305209E+03    1.28443390142693E+03
    5.56034533874588E+03    1.28383191027183E+03
    5.56134205474249E+03    1.28377221354045E+03
    5.56038294305209E+03    1.28443390142693E+03


    5.55544327011428E+03    1.28477571851027E+03
    5.55637788603386E+03    1.28406822907803E+03
    5.55642945490685E+03    1.28469377988404E+03
    5.55544327011428E+03    1.28477571851027E+03


    5.55544327011428E+03    1.28477571851027E+03
    5.55539317703920E+03    1.28414444192202E+03
    5.55637788603386E+03    1.28406822907803E+03
    5.55544327011428E+03    1.28477571851027E+03


    5.55642945490685E+03    1.28469377988404E+03
    5.55736344787431E+03    1.28399570846088E+03
    5.55741479743344E+03    1.28461570057622E+03
    5.55642945490685E+03    1.28469377988404E+03


    5.55642945490685E+03    1.28469377988404E+03
    5.55637788603386E+03    1.28406822907803E+03
    5.55736344787431E+03    1.28399570846088E+03
    5.55642945490685E+03    1.28469377988404E+03


    5.56612303077085E+03    1.28339145178492E+03
    5.56617886709135E+03    1.28398645863215E+03
    5.56457831401370E+03    1.28412779648717E+03
    5.56612303077085E+03    1.28339145178492E+03


    5.56452238562253E+03    1.28352458925550E+03
    5.56612303077085E+03    1.28339145178492E+03
    5.56457831401370E+03    1.28412779648717E+03
    5.56452238562253E+03    1.28352458925550E+03


    5.56452238562253E+03    1.28352458925550E+03
    5.56457831401370E+03    1.28412779648717E+03
    5.56298210274385E+03    1.28425987972904E+03
    5.56452238562253E+03    1.28352458925550E+03


    5.56292933040898E+03    1.28364957265486E+03
    5.56452238562253E+03    1.28352458925550E+03
    5.56298210274385E+03    1.28425987972904E+03
    5.56292933040898E+03    1.28364957265486E+03


    5.56292933040898E+03    1.28364957265486E+03
    5.56298210274385E+03    1.28425987972904E+03
    5.56138846656313E+03    1.28438603392464E+03
    5.56292933040898E+03    1.28364957265486E+03


    5.56134205474249E+03    1.28377221354045E+03
    5.56292933040898E+03    1.28364957265486E+03
    5.56138846656313E+03    1.28438603392464E+03
    5.56134205474249E+03    1.28377221354045E+03


    5.55741479743344E+03    1.28461570057622E+03
    5.55835133893255E+03    1.28392618146818E+03
    5.55839929193332E+03    1.28453332551510E+03
    5.55741479743344E+03    1.28461570057622E+03


    5.55741479743344E+03    1.28461570057622E+03
    5.55736344787431E+03    1.28399570846088E+03
    5.55835133893255E+03    1.28392618146818E+03
    5.55741479743344E+03    1.28461570057622E+03


    5.55835133893255E+03    1.28392618146818E+03
    5.55930674209024E+03    1.28327852298064E+03
    5.55934590064570E+03    1.28388010656037E+03
    5.55835133893255E+03    1.28392618146818E+03


    5.55835133893255E+03    1.28392618146818E+03
    5.55830936354389E+03    1.28331560362055E+03
    5.55930674209024E+03    1.28327852298064E+03
    5.55835133893255E+03    1.28392618146818E+03


    5.55934590064570E+03    1.28388010656037E+03
    5.56030453022449E+03    1.28322905175057E+03
    5.56034533874588E+03    1.28383191027183E+03
    5.55934590064570E+03    1.28388010656037E+03


    5.55934590064570E+03    1.28388010656037E+03
    5.55930674209024E+03    1.28327852298064E+03
    5.56030453022449E+03    1.28322905175057E+03
    5.55934590064570E+03    1.28388010656037E+03


    5.56034533874588E+03    1.28383191027183E+03
    5.56129601452490E+03    1.28315701956478E+03
    5.56134205474249E+03    1.28377221354045E+03
    5.56034533874588E+03    1.28383191027183E+03


    5.56034533874588E+03    1.28383191027183E+03
    5.56030453022449E+03    1.28322905175057E+03
    5.56129601452490E+03    1.28315701956478E+03
    5.56034533874588E+03    1.28383191027183E+03


    5.55539317703920E+03    1.28414444192202E+03
    5.55633239956625E+03    1.28344039463861E+03
    5.55637788603386E+03    1.28406822907803E+03
    5.55539317703920E+03    1.28414444192202E+03


    5.55539317703920E+03    1.28414444192202E+03
    5.55534825251091E+03    1.28351030075345E+03
    5.55633239956625E+03    1.28344039463861E+03
    5.55539317703920E+03    1.28414444192202E+03


    5.55637788603386E+03    1.28406822907803E+03
    5.55731921323165E+03    1.28337422220742E+03
    5.55736344787431E+03    1.28399570846088E+03
    5.55637788603386E+03    1.28406822907803E+03


    5.55637788603386E+03    1.28406822907803E+03
    5.55633239956625E+03    1.28344039463861E+03
    5.55731921323165E+03    1.28337422220742E+03
    5.55637788603386E+03    1.28406822907803E+03


    5.56607067625837E+03    1.28279715313901E+03
    5.56612303077085E+03    1.28339145178492E+03
    5.56452238562253E+03    1.28352458925550E+03
    5.56607067625837E+03    1.28279715313901E+03


    5.56446994466353E+03    1.28292074287779E+03
    5.56607067625837E+03    1.28279715313901E+03
    5.56452238562253E+03    1.28352458925550E+03
    5.56446994466353E+03    1.28292074287779E+03


    5.56446994466353E+03    1.28292074287779E+03
    5.56452238562253E+03    1.28352458925550E+03
    5.56292933040898E+03    1.28364957265486E+03
    5.56446994466353E+03    1.28292074287779E+03


    5.56287908327385E+03    1.28303736879105E+03
    5.56446994466353E+03    1.28292074287779E+03
    5.56292933040898E+03    1.28364957265486E+03
    5.56287908327385E+03    1.28303736879105E+03


    5.56287908327385E+03    1.28303736879105E+03
    5.56292933040898E+03    1.28364957265486E+03
    5.56134205474249E+03    1.28377221354045E+03
    5.56287908327385E+03    1.28303736879105E+03


    5.56129601452490E+03    1.28315701956478E+03
    5.56287908327385E+03    1.28303736879105E+03
    5.56134205474249E+03    1.28377221354045E+03
    5.56129601452490E+03    1.28315701956478E+03


    5.55736344787431E+03    1.28399570846088E+03
    5.55830936354389E+03    1.28331560362055E+03
    5.55835133893255E+03    1.28392618146818E+03
    5.55736344787431E+03    1.28399570846088E+03


    5.55736344787431E+03    1.28399570846088E+03
    5.55731921323165E+03    1.28337422220742E+03
    5.55830936354389E+03    1.28331560362055E+03
    5.55736344787431E+03    1.28399570846088E+03


    5.55830936354389E+03    1.28331560362055E+03
    5.55927282837757E+03    1.28267610204363E+03
    5.55930674209024E+03    1.28327852298064E+03
    5.55830936354389E+03    1.28331560362055E+03


    5.55830936354389E+03    1.28331560362055E+03
    5.55827346678164E+03    1.28270147289081E+03
    5.55927282837757E+03    1.28267610204363E+03
    5.55830936354389E+03    1.28331560362055E+03


    5.55930674209024E+03    1.28327852298064E+03
    5.56026198698349E+03    1.28262669756144E+03
    5.56030453022449E+03    1.28322905175057E+03
    5.55930674209024E+03    1.28327852298064E+03


    5.55930674209024E+03    1.28327852298064E+03
    5.55927282837757E+03    1.28267610204363E+03
    5.56026198698349E+03    1.28262669756144E+03
    5.55930674209024E+03    1.28327852298064E+03


    5.56030453022449E+03    1.28322905175057E+03
    5.56124849195846E+03    1.28254012124466E+03
    5.56129601452490E+03    1.28315701956478E+03
    5.56030453022449E+03    1.28322905175057E+03


    5.56030453022449E+03    1.28322905175057E+03
    5.56026198698349E+03    1.28262669756144E+03
    5.56124849195846E+03    1.28254012124466E+03
    5.56030453022449E+03    1.28322905175057E+03


    5.55534825251091E+03    1.28351030075345E+03
    5.55629183969262E+03    1.28281071051474E+03
    5.55633239956625E+03    1.28344039463861E+03
    5.55534825251091E+03    1.28351030075345E+03


    5.55534825251091E+03    1.28351030075345E+03
    5.55530772747213E+03    1.28287403468167E+03
    5.55629183969262E+03    1.28281071051474E+03
    5.55534825251091E+03    1.28351030075345E+03


    5.55633239956625E+03    1.28344039463861E+03
    5.55728087463157E+03    1.28275089978281E+03
    5.55731921323165E+03    1.28337422220742E+03
    5.55633239956625E+03    1.28344039463861E+03


    5.55633239956625E+03    1.28344039463861E+03
    5.55629183969262E+03    1.28281071051474E+03
    5.55728087463157E+03    1.28275089978281E+03
    5.55633239956625E+03    1.28344039463861E+03


    5.55613794190704E+03    1.27962913216599E+03
    5.55617757457958E+03    1.28069487103216E+03
    5.55519732814922E+03    1.28073561022250E+03
    5.55613794190704E+03    1.27962913216599E+03


    5.55613794190704E+03    1.27962913216599E+03
    5.55519732814922E+03    1.28073561022250E+03
    5.55516068680440E+03    1.27965453201692E+03
    5.55613794190704E+03    1.27962913216599E+03


    5.55617757457958E+03    1.28069487103216E+03
    5.55622988303856E+03    1.28175571703523E+03
    5.55524773528889E+03    1.28180854609602E+03
    5.55617757457958E+03    1.28069487103216E+03


    5.55617757457958E+03    1.28069487103216E+03
    5.55524773528889E+03    1.28180854609602E+03
    5.55519732814922E+03    1.28073561022250E+03
    5.55617757457958E+03    1.28069487103216E+03


    5.55622988303856E+03    1.28175571703523E+03
    5.55629183969262E+03    1.28281071051474E+03
    5.55530772747213E+03    1.28287403468167E+03
    5.55622988303856E+03    1.28175571703523E+03


    5.55622988303856E+03    1.28175571703523E+03
    5.55530772747213E+03    1.28287403468167E+03
    5.55524773528889E+03    1.28180854609602E+03
    5.55622988303856E+03    1.28175571703523E+03


    5.55712196667314E+03    1.27960187422995E+03
    5.55716345540680E+03    1.28065343051728E+03
    5.55617757457958E+03    1.28069487103216E+03
    5.55712196667314E+03    1.27960187422995E+03


    5.55712196667314E+03    1.27960187422995E+03
    5.55617757457958E+03    1.28069487103216E+03
    5.55613794190704E+03    1.27962913216599E+03
    5.55712196667314E+03    1.27960187422995E+03


    5.55716345540680E+03    1.28065343051728E+03
    5.55721636091949E+03    1.28170491054605E+03
    5.55622988303856E+03    1.28175571703523E+03
    5.55716345540680E+03    1.28065343051728E+03


    5.55716345540680E+03    1.28065343051728E+03
    5.55622988303856E+03    1.28175571703523E+03
    5.55617757457958E+03    1.28069487103216E+03
    5.55716345540680E+03    1.28065343051728E+03


    5.55721636091949E+03    1.28170491054605E+03
    5.55728087463157E+03    1.28275089978281E+03
    5.55629183969262E+03    1.28281071051474E+03
    5.55721636091949E+03    1.28170491054605E+03


    5.55721636091949E+03    1.28170491054605E+03
    5.55629183969262E+03    1.28281071051474E+03
    5.55622988303856E+03    1.28175571703523E+03
    5.55721636091949E+03    1.28170491054605E+03


    5.55811661531984E+03    1.27955910051913E+03
    5.55815026196243E+03    1.28060914052147E+03
    5.55716345540680E+03    1.28065343051728E+03
    5.55811661531984E+03    1.27955910051913E+03


    5.55811661531984E+03    1.27955910051913E+03
    5.55716345540680E+03    1.28065343051728E+03
    5.55712196667314E+03    1.27960187422995E+03
    5.55811661531984E+03    1.27955910051913E+03


    5.55815026196243E+03    1.28060914052147E+03
    5.55820492221961E+03    1.28165433735015E+03
    5.55721636091949E+03    1.28170491054605E+03
    5.55815026196243E+03    1.28060914052147E+03


    5.55815026196243E+03    1.28060914052147E+03
    5.55721636091949E+03    1.28170491054605E+03
    5.55716345540680E+03    1.28065343051728E+03
    5.55815026196243E+03    1.28060914052147E+03


    5.56442120270415E+03    1.28231640295631E+03
    5.56595055870380E+03    1.28121493743390E+03
    5.56602264333838E+03    1.28220346357201E+03
    5.56442120270415E+03    1.28231640295631E+03


    5.56442120270415E+03    1.28231640295631E+03
    5.56434986984209E+03    1.28130808033145E+03
    5.56595055870380E+03    1.28121493743390E+03
    5.56442120270415E+03    1.28231640295631E+03


    5.56283110152125E+03    1.28242345972662E+03
    5.56434986984209E+03    1.28130808033145E+03
    5.56442120270415E+03    1.28231640295631E+03
    5.56283110152125E+03    1.28242345972662E+03


    5.56283110152125E+03    1.28242345972662E+03
    5.56275937909906E+03    1.28139718424899E+03
    5.56434986984209E+03    1.28130808033145E+03
    5.56283110152125E+03    1.28242345972662E+03


    5.56124849195846E+03    1.28254012124466E+03
    5.56275937909906E+03    1.28139718424899E+03
    5.56283110152125E+03    1.28242345972662E+03
    5.56124849195846E+03    1.28254012124466E+03


    5.56124849195846E+03    1.28254012124466E+03
    5.56117880910732E+03    1.28148946311876E+03
    5.56275937909906E+03    1.28139718424899E+03
    5.56124849195846E+03    1.28254012124466E+03


    5.56434986984209E+03    1.28130808033145E+03
    5.56589438422132E+03    1.28022743612046E+03
    5.56595055870380E+03    1.28121493743390E+03
    5.56434986984209E+03    1.28130808033145E+03


    5.56434986984209E+03    1.28130808033145E+03
    5.56429481880307E+03    1.28029837574140E+03
    5.56589438422132E+03    1.28022743612046E+03
    5.56434986984209E+03    1.28130808033145E+03


    5.56275937909906E+03    1.28139718424899E+03
    5.56429481880307E+03    1.28029837574140E+03
    5.56434986984209E+03    1.28130808033145E+03
    5.56275937909906E+03    1.28139718424899E+03


    5.56275937909906E+03    1.28139718424899E+03
    5.56270659429293E+03    1.28036720001850E+03
    5.56429481880307E+03    1.28029837574140E+03
    5.56275937909906E+03    1.28139718424899E+03


    5.56117880910732E+03    1.28148946311876E+03
    5.56270659429293E+03    1.28036720001850E+03
    5.56275937909906E+03    1.28139718424899E+03
    5.56117880910732E+03    1.28148946311876E+03


    5.56117880910732E+03    1.28148946311876E+03
    5.56112944007137E+03    1.28043386441000E+03
    5.56270659429293E+03    1.28036720001850E+03
    5.56117880910732E+03    1.28148946311876E+03


    5.56602264333838E+03    1.28220346357201E+03
    5.56607067625837E+03    1.28279715313901E+03
    5.56446994466353E+03    1.28292074287779E+03
    5.56602264333838E+03    1.28220346357201E+03


    5.56442120270415E+03    1.28231640295631E+03
    5.56602264333838E+03    1.28220346357201E+03
    5.56446994466353E+03    1.28292074287779E+03
    5.56442120270415E+03    1.28231640295631E+03


    5.56442120270415E+03    1.28231640295631E+03
    5.56446994466353E+03    1.28292074287779E+03
    5.56287908327385E+03    1.28303736879105E+03
    5.56442120270415E+03    1.28231640295631E+03


    5.56283110152125E+03    1.28242345972662E+03
    5.56442120270415E+03    1.28231640295631E+03
    5.56287908327385E+03    1.28303736879105E+03
    5.56283110152125E+03    1.28242345972662E+03


    5.56429481880307E+03    1.28029837574140E+03
    5.56585499160169E+03    1.27923958595558E+03
    5.56589438422132E+03    1.28022743612046E+03
    5.56429481880307E+03    1.28029837574140E+03


    5.56429481880307E+03    1.28029837574140E+03
    5.56425815499920E+03    1.27928613731718E+03
    5.56585499160169E+03    1.27923958595558E+03
    5.56429481880307E+03    1.28029837574140E+03


    5.56270659429293E+03    1.28036720001850E+03
    5.56425815499920E+03    1.27928613731718E+03
    5.56429481880307E+03    1.28029837574140E+03
    5.56270659429293E+03    1.28036720001850E+03


    5.56270659429293E+03    1.28036720001850E+03
    5.56267341774591E+03    1.27933391534782E+03
    5.56425815499920E+03    1.27928613731718E+03
    5.56270659429293E+03    1.28036720001850E+03


    5.56112944007137E+03    1.28043386441000E+03
    5.56267341774591E+03    1.27933391534782E+03
    5.56270659429293E+03    1.28036720001850E+03
    5.56112944007137E+03    1.28043386441000E+03


    5.56112944007137E+03    1.28043386441000E+03
    5.56110415752766E+03    1.27937463731692E+03
    5.56267341774591E+03    1.27933391534782E+03
    5.56112944007137E+03    1.28043386441000E+03


    5.56283110152125E+03    1.28242345972662E+03
    5.56287908327385E+03    1.28303736879105E+03
    5.56129601452490E+03    1.28315701956478E+03
    5.56283110152125E+03    1.28242345972662E+03


    5.56124849195846E+03    1.28254012124466E+03
    5.56283110152125E+03    1.28242345972662E+03
    5.56129601452490E+03    1.28315701956478E+03
    5.56124849195846E+03    1.28254012124466E+03


    5.55731921323165E+03    1.28337422220742E+03
    5.55827346678164E+03    1.28270147289081E+03
    5.55830936354389E+03    1.28331560362055E+03
    5.55731921323165E+03    1.28337422220742E+03


    5.55731921323165E+03    1.28337422220742E+03
    5.55728087463157E+03    1.28275089978281E+03
    5.55827346678164E+03    1.28270147289081E+03
    5.55731921323165E+03    1.28337422220742E+03


    5.55820492221961E+03    1.28165433735015E+03
    5.55827346678164E+03    1.28270147289081E+03
    5.55728087463157E+03    1.28275089978281E+03
    5.55820492221961E+03    1.28165433735015E+03


    5.55820492221961E+03    1.28165433735015E+03
    5.55728087463157E+03    1.28275089978281E+03
    5.55721636091949E+03    1.28170491054605E+03
    5.55820492221961E+03    1.28165433735015E+03


    5.55811661531984E+03    1.27955910051913E+03
    5.55909491861354E+03    1.27888376012569E+03
    5.55913253967771E+03    1.27948210880237E+03
    5.55811661531984E+03    1.27955910051913E+03


    5.55811661531984E+03    1.27955910051913E+03
    5.55809229112480E+03    1.27894449997506E+03
    5.55909491861354E+03    1.27888376012569E+03
    5.55811661531984E+03    1.27955910051913E+03


    5.55913253967771E+03    1.27948210880237E+03
    5.56009877182437E+03    1.27880752422258E+03
    5.56013043953596E+03    1.27940993162632E+03
    5.55913253967771E+03    1.27948210880237E+03


    5.55913253967771E+03    1.27948210880237E+03
    5.55909491861354E+03    1.27888376012569E+03
    5.56009877182437E+03    1.27880752422258E+03
    5.55913253967771E+03    1.27948210880237E+03


    5.56013043953596E+03    1.27940993162632E+03
    5.56108767163360E+03    1.27875048342890E+03
    5.56110415752766E+03    1.27937463731692E+03
    5.56013043953596E+03    1.27940993162632E+03


    5.56013043953596E+03    1.27940993162632E+03
    5.56009877182437E+03    1.27880752422258E+03
    5.56108767163360E+03    1.27875048342890E+03
    5.56013043953596E+03    1.27940993162632E+03


    5.55516068680440E+03    1.27965453201692E+03
    5.55612195204339E+03    1.27898696548894E+03
    5.55613794190704E+03    1.27962913216599E+03
    5.55516068680440E+03    1.27965453201692E+03


    5.55516068680440E+03    1.27965453201692E+03
    5.55514636898260E+03    1.27900122754381E+03
    5.55612195204339E+03    1.27898696548894E+03
    5.55516068680440E+03    1.27965453201692E+03


    5.55613794190704E+03    1.27962913216599E+03
    5.55710240998635E+03    1.27897080277425E+03
    5.55712196667314E+03    1.27960187422995E+03
    5.55613794190704E+03    1.27962913216599E+03


    5.55613794190704E+03    1.27962913216599E+03
    5.55612195204339E+03    1.27898696548894E+03
    5.55710240998635E+03    1.27897080277425E+03
    5.55613794190704E+03    1.27962913216599E+03


    5.56584192457817E+03    1.27864622175796E+03
    5.56585499160169E+03    1.27923958595558E+03
    5.56425815499920E+03    1.27928613731718E+03
    5.56584192457817E+03    1.27864622175796E+03


    5.56424505145660E+03    1.27867742839868E+03
    5.56584192457817E+03    1.27864622175796E+03
    5.56425815499920E+03    1.27928613731718E+03
    5.56424505145660E+03    1.27867742839868E+03


    5.56424505145660E+03    1.27867742839868E+03
    5.56425815499920E+03    1.27928613731718E+03
    5.56267341774591E+03    1.27933391534782E+03
    5.56424505145660E+03    1.27867742839868E+03


    5.56266146852757E+03    1.27871233170740E+03
    5.56424505145660E+03    1.27867742839868E+03
    5.56267341774591E+03    1.27933391534782E+03
    5.56266146852757E+03    1.27871233170740E+03


    5.56266146852757E+03    1.27871233170740E+03
    5.56267341774591E+03    1.27933391534782E+03
    5.56110415752766E+03    1.27937463731692E+03
    5.56266146852757E+03    1.27871233170740E+03


    5.56108767163360E+03    1.27875048342890E+03
    5.56266146852757E+03    1.27871233170740E+03
    5.56110415752766E+03    1.27937463731692E+03
    5.56108767163360E+03    1.27875048342890E+03


    5.55712196667314E+03    1.27960187422995E+03
    5.55809229112480E+03    1.27894449997506E+03
    5.55811661531984E+03    1.27955910051913E+03
    5.55712196667314E+03    1.27960187422995E+03


    5.55712196667314E+03    1.27960187422995E+03
    5.55710240998635E+03    1.27897080277425E+03
    5.55809229112480E+03    1.27894449997506E+03
    5.55712196667314E+03    1.27960187422995E+03


    5.55809229112480E+03    1.27894449997506E+03
    5.55906539191772E+03    1.27828378089710E+03
    5.55909491861354E+03    1.27888376012569E+03
    5.55809229112480E+03    1.27894449997506E+03


    5.55809229112480E+03    1.27894449997506E+03
    5.55807431806026E+03    1.27833021541432E+03
    5.55906539191772E+03    1.27828378089710E+03
    5.55809229112480E+03    1.27894449997506E+03


    5.55909491861354E+03    1.27888376012569E+03
    5.56006896125208E+03    1.27820515179738E+03
    5.56009877182437E+03    1.27880752422258E+03
    5.55909491861354E+03    1.27888376012569E+03


    5.55909491861354E+03    1.27888376012569E+03
    5.55906539191772E+03    1.27828378089710E+03
    5.56006896125208E+03    1.27820515179738E+03
    5.55909491861354E+03    1.27888376012569E+03


    5.56009877182437E+03    1.27880752422258E+03
    5.56106914036486E+03    1.27812601423822E+03
    5.56108767163360E+03    1.27875048342890E+03
    5.56009877182437E+03    1.27880752422258E+03


    5.56009877182437E+03    1.27880752422258E+03
    5.56006896125208E+03    1.27820515179738E+03
    5.56106914036486E+03    1.27812601423822E+03
    5.56009877182437E+03    1.27880752422258E+03


    5.55514636898260E+03    1.27900122754381E+03
    5.55611498600591E+03    1.27834277716082E+03
    5.55612195204339E+03    1.27898696548894E+03
    5.55514636898260E+03    1.27900122754381E+03


    5.55514636898260E+03    1.27900122754381E+03
    5.55514066083777E+03    1.27834554363542E+03
    5.55611498600591E+03    1.27834277716082E+03
    5.55514636898260E+03    1.27900122754381E+03


    5.55612195204339E+03    1.27898696548894E+03
    5.55709178262070E+03    1.27833773689270E+03
    5.55710240998635E+03    1.27897080277425E+03
    5.55612195204339E+03    1.27898696548894E+03


    5.55612195204339E+03    1.27898696548894E+03
    5.55611498600591E+03    1.27834277716082E+03
    5.55709178262070E+03    1.27833773689270E+03
    5.55612195204339E+03    1.27898696548894E+03


    5.56583533829218E+03    1.27805176668067E+03
    5.56584192457817E+03    1.27864622175796E+03
    5.56424505145660E+03    1.27867742839868E+03
    5.56583533829218E+03    1.27805176668067E+03


    5.56423853768545E+03    1.27806776045276E+03
    5.56583533829218E+03    1.27805176668067E+03
    5.56424505145660E+03    1.27867742839868E+03
    5.56423853768545E+03    1.27806776045276E+03


    5.56423853768545E+03    1.27806776045276E+03
    5.56424505145660E+03    1.27867742839868E+03
    5.56266146852757E+03    1.27871233170740E+03
    5.56423853768545E+03    1.27806776045276E+03


    5.56265276442978E+03    1.27809076965355E+03
    5.56423853768545E+03    1.27806776045276E+03
    5.56266146852757E+03    1.27871233170740E+03
    5.56265276442978E+03    1.27809076965355E+03


    5.56265276442978E+03    1.27809076965355E+03
    5.56266146852757E+03    1.27871233170740E+03
    5.56108767163360E+03    1.27875048342890E+03
    5.56265276442978E+03    1.27809076965355E+03


    5.56106914036486E+03    1.27812601423822E+03
    5.56265276442978E+03    1.27809076965355E+03
    5.56108767163360E+03    1.27875048342890E+03
    5.56106914036486E+03    1.27812601423822E+03


    5.55710240998635E+03    1.27897080277425E+03
    5.55807431806026E+03    1.27833021541432E+03
    5.55809229112480E+03    1.27894449997506E+03
    5.55710240998635E+03    1.27897080277425E+03


    5.55710240998635E+03    1.27897080277425E+03
    5.55709178262070E+03    1.27833773689270E+03
    5.55807431806026E+03    1.27833021541432E+03
    5.55710240998635E+03    1.27897080277425E+03


    5.55807431806026E+03    1.27833021541432E+03
    5.55903569001931E+03    1.27768242545431E+03
    5.55906539191772E+03    1.27828378089710E+03
    5.55807431806026E+03    1.27833021541432E+03


    5.55807431806026E+03    1.27833021541432E+03
    5.55806832889413E+03    1.27771386874768E+03
    5.55903569001931E+03    1.27768242545431E+03
    5.55807431806026E+03    1.27833021541432E+03


    5.55906539191772E+03    1.27828378089710E+03
    5.56002719096368E+03    1.27760733977694E+03
    5.56006896125208E+03    1.27820515179738E+03
    5.55906539191772E+03    1.27828378089710E+03


    5.55906539191772E+03    1.27828378089710E+03
    5.55903569001931E+03    1.27768242545431E+03
    5.56002719096368E+03    1.27760733977694E+03
    5.55906539191772E+03    1.27828378089710E+03


    5.56006896125208E+03    1.27820515179738E+03
    5.56105358709922E+03    1.27749855988958E+03
    5.56106914036486E+03    1.27812601423822E+03
    5.56006896125208E+03    1.27820515179738E+03


    5.56006896125208E+03    1.27820515179738E+03
    5.56002719096368E+03    1.27760733977694E+03
    5.56105358709922E+03    1.27749855988958E+03
    5.56006896125208E+03    1.27820515179738E+03


    5.55514066083777E+03    1.27834554363542E+03
    5.55611846305352E+03    1.27769732847177E+03
    5.55611498600591E+03    1.27834277716082E+03
    5.55514066083777E+03    1.27834554363542E+03


    5.55514066083777E+03    1.27834554363542E+03
    5.55514396469618E+03    1.27768905041681E+03
    5.55611846305352E+03    1.27769732847177E+03
    5.55514066083777E+03    1.27834554363542E+03


    5.55611498600591E+03    1.27834277716082E+03
    5.55709422794977E+03    1.27770143398021E+03
    5.55709178262070E+03    1.27833773689270E+03
    5.55611498600591E+03    1.27834277716082E+03


    5.55611498600591E+03    1.27834277716082E+03
    5.55611846305352E+03    1.27769732847177E+03
    5.55709422794977E+03    1.27770143398021E+03
    5.55611498600591E+03    1.27834277716082E+03


    5.55622924291906E+03    1.27447876618502E+03
    5.55618667924610E+03    1.27554834200650E+03
    5.55520816315797E+03    1.27551760446328E+03
    5.55622924291906E+03    1.27447876618502E+03


    5.55622924291906E+03    1.27447876618502E+03
    5.55520816315797E+03    1.27551760446328E+03
    5.55524999256204E+03    1.27444129329527E+03
    5.55622924291906E+03    1.27447876618502E+03


    5.55618667924610E+03    1.27554834200650E+03
    5.55614583270422E+03    1.27662166285924E+03
    5.55517008017595E+03    1.27659964489700E+03
    5.55618667924610E+03    1.27554834200650E+03


    5.55618667924610E+03    1.27554834200650E+03
    5.55517008017595E+03    1.27659964489700E+03
    5.55520816315797E+03    1.27551760446328E+03
    5.55618667924610E+03    1.27554834200650E+03


    5.55614583270422E+03    1.27662166285924E+03
    5.55611846305352E+03    1.27769732847177E+03
    5.55514396469618E+03    1.27768905041681E+03
    5.55614583270422E+03    1.27662166285924E+03


    5.55614583270422E+03    1.27662166285924E+03
    5.55514396469618E+03    1.27768905041681E+03
    5.55517008017595E+03    1.27659964489700E+03
    5.55614583270422E+03    1.27662166285924E+03


    5.55721662305022E+03    1.27450589636947E+03
    5.55717118279436E+03    1.27556907521355E+03
    5.55618667924610E+03    1.27554834200650E+03
    5.55721662305022E+03    1.27450589636947E+03


    5.55721662305022E+03    1.27450589636947E+03
    5.55618667924610E+03    1.27554834200650E+03
    5.55622924291906E+03    1.27447876618502E+03
    5.55721662305022E+03    1.27450589636947E+03


    5.55717118279436E+03    1.27556907521355E+03
    5.55712440344037E+03    1.27663767324112E+03
    5.55614583270422E+03    1.27662166285924E+03
    5.55717118279436E+03    1.27556907521355E+03


    5.55717118279436E+03    1.27556907521355E+03
    5.55614583270422E+03    1.27662166285924E+03
    5.55618667924610E+03    1.27554834200650E+03
    5.55717118279436E+03    1.27556907521355E+03


    5.55712440344037E+03    1.27663767324112E+03
    5.55709422794977E+03    1.27770143398021E+03
    5.55611846305352E+03    1.27769732847177E+03
    5.55712440344037E+03    1.27663767324112E+03


    5.55712440344037E+03    1.27663767324112E+03
    5.55611846305352E+03    1.27769732847177E+03
    5.55614583270422E+03    1.27662166285924E+03
    5.55712440344037E+03    1.27663767324112E+03


    5.55822130642934E+03    1.27450882213014E+03
    5.55815046531221E+03    1.27559802881663E+03
    5.55717118279436E+03    1.27556907521355E+03
    5.55822130642934E+03    1.27450882213014E+03


    5.55822130642934E+03    1.27450882213014E+03
    5.55717118279436E+03    1.27556907521355E+03
    5.55721662305022E+03    1.27450589636947E+03
    5.55822130642934E+03    1.27450882213014E+03


    5.55815046531221E+03    1.27559802881663E+03
    5.55810409365497E+03    1.27666185255353E+03
    5.55712440344037E+03    1.27663767324112E+03
    5.55815046531221E+03    1.27559802881663E+03


    5.55815046531221E+03    1.27559802881663E+03
    5.55712440344037E+03    1.27663767324112E+03
    5.55717118279436E+03    1.27556907521355E+03
    5.55815046531221E+03    1.27559802881663E+03


    5.56423888710826E+03    1.27745743340677E+03
    5.56584921868681E+03    1.27645795334551E+03
    5.56583586843836E+03    1.27745587606891E+03
    5.56423888710826E+03    1.27745743340677E+03


    5.56423888710826E+03    1.27745743340677E+03
    5.56425585096192E+03    1.27643761357595E+03
    5.56584921868681E+03    1.27645795334551E+03
    5.56423888710826E+03    1.27745743340677E+03


    5.56264990692435E+03    1.27746959102236E+03
    5.56425585096192E+03    1.27643761357595E+03
    5.56423888710826E+03    1.27745743340677E+03
    5.56264990692435E+03    1.27746959102236E+03


    5.56264990692435E+03    1.27746959102236E+03
    5.56266825924675E+03    1.27643340364485E+03
    5.56425585096192E+03    1.27643761357595E+03
    5.56264990692435E+03    1.27746959102236E+03


    5.56105358709922E+03    1.27749855988958E+03
    5.56266825924675E+03    1.27643340364485E+03
    5.56264990692435E+03    1.27746959102236E+03
    5.56105358709922E+03    1.27749855988958E+03


    5.56105358709922E+03    1.27749855988958E+03
    5.56109313277200E+03    1.27642025791077E+03
    5.56266825924675E+03    1.27643340364485E+03
    5.56105358709922E+03    1.27749855988958E+03


    5.56425585096192E+03    1.27643761357595E+03
    5.56588097657778E+03    1.27545222168230E+03
    5.56584921868681E+03    1.27645795334551E+03
    5.56425585096192E+03    1.27643761357595E+03


    5.56425585096192E+03    1.27643761357595E+03
    5.56429239818801E+03    1.27541257811574E+03
    5.56588097657778E+03    1.27545222168230E+03
    5.56425585096192E+03    1.27643761357595E+03


    5.56266825924675E+03    1.27643340364485E+03
    5.56429239818801E+03    1.27541257811574E+03
    5.56425585096192E+03    1.27643761357595E+03
    5.56266825924675E+03    1.27643340364485E+03


    5.56266825924675E+03    1.27643340364485E+03
    5.56271250364209E+03    1.27539094216150E+03
    5.56429239818801E+03    1.27541257811574E+03
    5.56266825924675E+03    1.27643340364485E+03


    5.56109313277200E+03    1.27642025791077E+03
    5.56271250364209E+03    1.27539094216150E+03
    5.56266825924675E+03    1.27643340364485E+03
    5.56109313277200E+03    1.27642025791077E+03


    5.56109313277200E+03    1.27642025791077E+03
    5.56114328956890E+03    1.27535569423151E+03
    5.56271250364209E+03    1.27539094216150E+03
    5.56109313277200E+03    1.27642025791077E+03


    5.56583586843836E+03    1.27745587606891E+03
    5.56583533829218E+03    1.27805176668067E+03
    5.56423853768545E+03    1.27806776045276E+03
    5.56583586843836E+03    1.27745587606891E+03


    5.56423888710826E+03    1.27745743340677E+03
    5.56583586843836E+03    1.27745587606891E+03
    5.56423853768545E+03    1.27806776045276E+03
    5.56423888710826E+03    1.27745743340677E+03


    5.56423888710826E+03    1.27745743340677E+03
    5.56423853768545E+03    1.27806776045276E+03
    5.56265276442978E+03    1.27809076965355E+03
    5.56423888710826E+03    1.27745743340677E+03


    5.56264990692435E+03    1.27746959102236E+03
    5.56423888710826E+03    1.27745743340677E+03
    5.56265276442978E+03    1.27809076965355E+03
    5.56264990692435E+03    1.27746959102236E+03


    5.56429239818801E+03    1.27541257811574E+03
    5.56592694236176E+03    1.27443619914771E+03
    5.56588097657778E+03    1.27545222168230E+03
    5.56429239818801E+03    1.27541257811574E+03


    5.56429239818801E+03    1.27541257811574E+03
    5.56434375450267E+03    1.27438070017302E+03
    5.56592694236176E+03    1.27443619914771E+03
    5.56429239818801E+03    1.27541257811574E+03


    5.56271250364209E+03    1.27539094216150E+03
    5.56434375450267E+03    1.27438070017302E+03
    5.56429239818801E+03    1.27541257811574E+03
    5.56271250364209E+03    1.27539094216150E+03


    5.56271250364209E+03    1.27539094216150E+03
    5.56276986674135E+03    1.27434677636553E+03
    5.56434375450267E+03    1.27438070017302E+03
    5.56271250364209E+03    1.27539094216150E+03


    5.56114328956890E+03    1.27535569423151E+03
    5.56276986674135E+03    1.27434677636553E+03
    5.56271250364209E+03    1.27539094216150E+03
    5.56114328956890E+03    1.27535569423151E+03


    5.56114328956890E+03    1.27535569423151E+03
    5.56121269003196E+03    1.27430308899492E+03
    5.56276986674135E+03    1.27434677636553E+03
    5.56114328956890E+03    1.27535569423151E+03


    5.56264990692435E+03    1.27746959102236E+03
    5.56265276442978E+03    1.27809076965355E+03
    5.56106914036486E+03    1.27812601423822E+03
    5.56264990692435E+03    1.27746959102236E+03


    5.56105358709922E+03    1.27749855988958E+03
    5.56264990692435E+03    1.27746959102236E+03
    5.56106914036486E+03    1.27812601423822E+03
    5.56105358709922E+03    1.27749855988958E+03


    5.55709178262070E+03    1.27833773689270E+03
    5.55806832889413E+03    1.27771386874768E+03
    5.55807431806026E+03    1.27833021541432E+03
    5.55709178262070E+03    1.27833773689270E+03


    5.55709178262070E+03    1.27833773689270E+03
    5.55709422794977E+03    1.27770143398021E+03
    5.55806832889413E+03    1.27771386874768E+03
    5.55709178262070E+03    1.27833773689270E+03


    5.55810409365497E+03    1.27666185255353E+03
    5.55806832889413E+03    1.27771386874768E+03
    5.55709422794977E+03    1.27770143398021E+03
    5.55810409365497E+03    1.27666185255353E+03


    5.55810409365497E+03    1.27666185255353E+03
    5.55709422794977E+03    1.27770143398021E+03
    5.55712440344037E+03    1.27663767324112E+03
    5.55810409365497E+03    1.27666185255353E+03


    5.55822130642934E+03    1.27450882213014E+03
    5.55923152531739E+03    1.27381532953082E+03
    5.55926525907418E+03    1.27441055482481E+03
    5.55822130642934E+03    1.27450882213014E+03


    5.55822130642934E+03    1.27450882213014E+03
    5.55822333862799E+03    1.27388236338879E+03
    5.55923152531739E+03    1.27381532953082E+03
    5.55822130642934E+03    1.27450882213014E+03


    5.55926525907418E+03    1.27441055482481E+03
    5.56024013168381E+03    1.27372875970533E+03
    5.56026104985879E+03    1.27432977802521E+03
    5.55926525907418E+03    1.27441055482481E+03


    5.55926525907418E+03    1.27441055482481E+03
    5.55923152531739E+03    1.27381532953082E+03
    5.56024013168381E+03    1.27372875970533E+03
    5.55926525907418E+03    1.27441055482481E+03


    5.56026104985879E+03    1.27432977802521E+03
    5.56122883125232E+03    1.27368356625482E+03
    5.56121269003196E+03    1.27430308899492E+03
    5.56026104985879E+03    1.27432977802521E+03


    5.56026104985879E+03    1.27432977802521E+03
    5.56024013168381E+03    1.27372875970533E+03
    5.56122883125232E+03    1.27368356625482E+03
    5.56026104985879E+03    1.27432977802521E+03


    5.55524999256204E+03    1.27444129329527E+03
    5.55625268434760E+03    1.27383677845705E+03
    5.55622924291906E+03    1.27447876618502E+03
    5.55524999256204E+03    1.27444129329527E+03


    5.55524999256204E+03    1.27444129329527E+03
    5.55527498269478E+03    1.27379578226983E+03
    5.55625268434760E+03    1.27383677845705E+03
    5.55524999256204E+03    1.27444129329527E+03


    5.55622924291906E+03    1.27447876618502E+03
    5.55723283081584E+03    1.27386925616112E+03
    5.55721662305022E+03    1.27450589636947E+03
    5.55622924291906E+03    1.27447876618502E+03


    5.55622924291906E+03    1.27447876618502E+03
    5.55625268434760E+03    1.27383677845705E+03
    5.55723283081584E+03    1.27386925616112E+03
    5.55622924291906E+03    1.27447876618502E+03


    5.56596031083013E+03    1.27382105056945E+03
    5.56592694236176E+03    1.27443619914771E+03
    5.56434375450267E+03    1.27438070017302E+03
    5.56596031083013E+03    1.27382105056945E+03


    5.56437866012202E+03    1.27375848166884E+03
    5.56596031083013E+03    1.27382105056945E+03
    5.56434375450267E+03    1.27438070017302E+03
    5.56437866012202E+03    1.27375848166884E+03


    5.56437866012202E+03    1.27375848166884E+03
    5.56434375450267E+03    1.27438070017302E+03
    5.56276986674135E+03    1.27434677636553E+03
    5.56437866012202E+03    1.27375848166884E+03


    5.56280272706829E+03    1.27371922638500E+03
    5.56437866012202E+03    1.27375848166884E+03
    5.56276986674135E+03    1.27434677636553E+03
    5.56280272706829E+03    1.27371922638500E+03


    5.56280272706829E+03    1.27371922638500E+03
    5.56276986674135E+03    1.27434677636553E+03
    5.56121269003196E+03    1.27430308899492E+03
    5.56280272706829E+03    1.27371922638500E+03


    5.56122883125232E+03    1.27368356625482E+03
    5.56280272706829E+03    1.27371922638500E+03
    5.56121269003196E+03    1.27430308899492E+03
    5.56122883125232E+03    1.27368356625482E+03


    5.55721662305022E+03    1.27450589636947E+03
    5.55822333862799E+03    1.27388236338879E+03
    5.55822130642934E+03    1.27450882213014E+03
    5.55721662305022E+03    1.27450589636947E+03


    5.55721662305022E+03    1.27450589636947E+03
    5.55723283081584E+03    1.27386925616112E+03
    5.55822333862799E+03    1.27388236338879E+03
    5.55721662305022E+03    1.27450589636947E+03


    5.55822333862799E+03    1.27388236338879E+03
    5.55921552183628E+03    1.27321538330835E+03
    5.55923152531739E+03    1.27381532953082E+03
    5.55822333862799E+03    1.27388236338879E+03


    5.55822333862799E+03    1.27388236338879E+03
    5.55822780948116E+03    1.27325929798349E+03
    5.55921552183628E+03    1.27321538330835E+03
    5.55822333862799E+03    1.27388236338879E+03


    5.55923152531739E+03    1.27381532953082E+03
    5.56022605107571E+03    1.27312933826426E+03
    5.56024013168381E+03    1.27372875970533E+03
    5.55923152531739E+03    1.27381532953082E+03


    5.55923152531739E+03    1.27381532953082E+03
    5.55921552183628E+03    1.27321538330835E+03
    5.56022605107571E+03    1.27312933826426E+03
    5.55923152531739E+03    1.27381532953082E+03


    5.56024013168381E+03    1.27372875970533E+03
    5.56123917356005E+03    1.27306575599271E+03
    5.56122883125232E+03    1.27368356625482E+03
    5.56024013168381E+03    1.27372875970533E+03


    5.56024013168381E+03    1.27372875970533E+03
    5.56022605107571E+03    1.27312933826426E+03
    5.56123917356005E+03    1.27306575599271E+03
    5.56024013168381E+03    1.27372875970533E+03


    5.55527498269478E+03    1.27379578226983E+03
    5.55627897879618E+03    1.27319364493237E+03
    5.55625268434760E+03    1.27383677845705E+03
    5.55527498269478E+03    1.27379578226983E+03


    5.55527498269478E+03    1.27379578226983E+03
    5.55530276249478E+03    1.27315003325714E+03
    5.55627897879618E+03    1.27319364493237E+03
    5.55527498269478E+03    1.27379578226983E+03


    5.55625268434760E+03    1.27383677845705E+03
    5.55725186868993E+03    1.27323024335872E+03
    5.55723283081584E+03    1.27386925616112E+03
    5.55625268434760E+03    1.27383677845705E+03


    5.55625268434760E+03    1.27383677845705E+03
    5.55627897879618E+03    1.27319364493237E+03
    5.55725186868993E+03    1.27323024335872E+03
    5.55625268434760E+03    1.27383677845705E+03


    5.56599656451087E+03    1.27320177872468E+03
    5.56596031083013E+03    1.27382105056945E+03
    5.56437866012202E+03    1.27375848166884E+03
    5.56599656451087E+03    1.27320177872468E+03


    5.56441617159301E+03    1.27313472560072E+03
    5.56599656451087E+03    1.27320177872468E+03
    5.56437866012202E+03    1.27375848166884E+03
    5.56441617159301E+03    1.27313472560072E+03


    5.56441617159301E+03    1.27313472560072E+03
    5.56437866012202E+03    1.27375848166884E+03
    5.56280272706829E+03    1.27371922638500E+03
    5.56441617159301E+03    1.27313472560072E+03


    5.56283390369743E+03    1.27309414614468E+03
    5.56441617159301E+03    1.27313472560072E+03
    5.56280272706829E+03    1.27371922638500E+03
    5.56283390369743E+03    1.27309414614468E+03


    5.56283390369743E+03    1.27309414614468E+03
    5.56280272706829E+03    1.27371922638500E+03
    5.56122883125232E+03    1.27368356625482E+03
    5.56283390369743E+03    1.27309414614468E+03


    5.56123917356005E+03    1.27306575599271E+03
    5.56283390369743E+03    1.27309414614468E+03
    5.56122883125232E+03    1.27368356625482E+03
    5.56123917356005E+03    1.27306575599271E+03


    5.55723283081584E+03    1.27386925616112E+03
    5.55822780948116E+03    1.27325929798349E+03
    5.55822333862799E+03    1.27388236338879E+03
    5.55723283081584E+03    1.27386925616112E+03


    5.55723283081584E+03    1.27386925616112E+03
    5.55725186868993E+03    1.27323024335872E+03
    5.55822780948116E+03    1.27325929798349E+03
    5.55723283081584E+03    1.27386925616112E+03


    5.55822780948116E+03    1.27325929798349E+03
    5.55919559850125E+03    1.27261470747086E+03
    5.55921552183628E+03    1.27321538330835E+03
    5.55822780948116E+03    1.27325929798349E+03


    5.55822780948116E+03    1.27325929798349E+03
    5.55824329632250E+03    1.27263552704505E+03
    5.55919559850125E+03    1.27261470747086E+03
    5.55822780948116E+03    1.27325929798349E+03


    5.55921552183628E+03    1.27321538330835E+03
    5.56019693074902E+03    1.27253587183425E+03
    5.56022605107571E+03    1.27312933826426E+03
    5.55921552183628E+03    1.27321538330835E+03


    5.55921552183628E+03    1.27321538330835E+03
    5.55919559850125E+03    1.27261470747086E+03
    5.56019693074902E+03    1.27253587183425E+03
    5.55921552183628E+03    1.27321538330835E+03


    5.56022605107571E+03    1.27312933826426E+03
    5.56125381903487E+03    1.27244592915414E+03
    5.56123917356005E+03    1.27306575599271E+03
    5.56022605107571E+03    1.27312933826426E+03


    5.56022605107571E+03    1.27312933826426E+03
    5.56019693074902E+03    1.27253587183425E+03
    5.56125381903487E+03    1.27244592915414E+03
    5.56022605107571E+03    1.27312933826426E+03


    5.55530276249478E+03    1.27315003325714E+03
    5.55631098765192E+03    1.27255025736355E+03
    5.55627897879618E+03    1.27319364493237E+03
    5.55530276249478E+03    1.27315003325714E+03


    5.55530276249478E+03    1.27315003325714E+03
    5.55533477798248E+03    1.27250563610951E+03
    5.55631098765192E+03    1.27255025736355E+03
    5.55530276249478E+03    1.27315003325714E+03


    5.55627897879618E+03    1.27319364493237E+03
    5.55728151357623E+03    1.27258737058907E+03
    5.55725186868993E+03    1.27323024335872E+03
    5.55627897879618E+03    1.27319364493237E+03


    5.55627897879618E+03    1.27319364493237E+03
    5.55631098765192E+03    1.27255025736355E+03
    5.55728151357623E+03    1.27258737058907E+03
    5.55627897879618E+03    1.27319364493237E+03


    5.55646630155454E+03    1.26936506476346E+03
    5.55643369333448E+03    1.27041868269735E+03
    5.55544713808930E+03    1.27039451115679E+03
    5.55646630155454E+03    1.26936506476346E+03


    5.55646630155454E+03    1.26936506476346E+03
    5.55544713808930E+03    1.27039451115679E+03
    5.55546630155454E+03    1.26936506476346E+03
    5.55646630155454E+03    1.26936506476346E+03


    5.55643369333448E+03    1.27041868269735E+03
    5.55637527351411E+03    1.27148142906565E+03
    5.55539538763654E+03    1.27144168381821E+03
    5.55643369333448E+03    1.27041868269735E+03


    5.55643369333448E+03    1.27041868269735E+03
    5.55539538763654E+03    1.27144168381821E+03
    5.55544713808930E+03    1.27039451115679E+03
    5.55643369333448E+03    1.27041868269735E+03


    5.55637527351411E+03    1.27148142906565E+03
    5.55631098765192E+03    1.27255025736355E+03
    5.55533477798248E+03    1.27250563610951E+03
    5.55637527351411E+03    1.27148142906565E+03


    5.55637527351411E+03    1.27148142906565E+03
    5.55533477798248E+03    1.27250563610951E+03
    5.55539538763654E+03    1.27144168381821E+03
    5.55637527351411E+03    1.27148142906565E+03


    5.55746630155454E+03    1.26936506476346E+03
    5.55741844970106E+03    1.27043791404615E+03
    5.55643369333448E+03    1.27041868269735E+03
    5.55746630155454E+03    1.26936506476346E+03


    5.55746630155454E+03    1.26936506476346E+03
    5.55643369333448E+03    1.27041868269735E+03
    5.55646630155454E+03    1.26936506476346E+03
    5.55746630155454E+03    1.26936506476346E+03


    5.55741844970106E+03    1.27043791404615E+03
    5.55735142207970E+03    1.27151471244308E+03
    5.55637527351411E+03    1.27148142906565E+03
    5.55741844970106E+03    1.27043791404615E+03


    5.55741844970106E+03    1.27043791404615E+03
    5.55637527351411E+03    1.27148142906565E+03
    5.55643369333448E+03    1.27041868269735E+03
    5.55741844970106E+03    1.27043791404615E+03


    5.55735142207970E+03    1.27151471244308E+03
    5.55728151357623E+03    1.27258737058907E+03
    5.55631098765192E+03    1.27255025736355E+03
    5.55735142207970E+03    1.27151471244308E+03


    5.55735142207970E+03    1.27151471244308E+03
    5.55631098765192E+03    1.27255025736355E+03
    5.55637527351411E+03    1.27148142906565E+03
    5.55735142207970E+03    1.27151471244308E+03


    5.55846630155454E+03    1.26936506476346E+03
    5.55839290391863E+03    1.27047627724507E+03
    5.55741844970106E+03    1.27043791404615E+03
    5.55846630155454E+03    1.26936506476346E+03


    5.55846630155454E+03    1.26936506476346E+03
    5.55741844970106E+03    1.27043791404615E+03
    5.55746630155454E+03    1.26936506476346E+03
    5.55846630155454E+03    1.26936506476346E+03


    5.55839290391863E+03    1.27047627724507E+03
    5.55832465816079E+03    1.27156277676448E+03
    5.55735142207970E+03    1.27151471244308E+03
    5.55839290391863E+03    1.27047627724507E+03


    5.55839290391863E+03    1.27047627724507E+03
    5.55735142207970E+03    1.27151471244308E+03
    5.55741844970106E+03    1.27043791404615E+03
    5.55839290391863E+03    1.27047627724507E+03


    5.56445649151106E+03    1.27250982076582E+03
    5.56610543660419E+03    1.27152776533710E+03
    5.56603534404952E+03    1.27257819914440E+03
    5.56445649151106E+03    1.27250982076582E+03


    5.56445649151106E+03    1.27250982076582E+03
    5.56452973833864E+03    1.27146481631999E+03
    5.56610543660419E+03    1.27152776533710E+03
    5.56445649151106E+03    1.27250982076582E+03


    5.56286754389425E+03    1.27247168891016E+03
    5.56452973833864E+03    1.27146481631999E+03
    5.56445649151106E+03    1.27250982076582E+03
    5.56286754389425E+03    1.27247168891016E+03


    5.56286754389425E+03    1.27247168891016E+03
    5.56293873826888E+03    1.27143683342493E+03
    5.56452973833864E+03    1.27146481631999E+03
    5.56286754389425E+03    1.27247168891016E+03


    5.56125381903487E+03    1.27244592915414E+03
    5.56293873826888E+03    1.27143683342493E+03
    5.56286754389425E+03    1.27247168891016E+03
    5.56125381903487E+03    1.27244592915414E+03


    5.56125381903487E+03    1.27244592915414E+03
    5.56135092742073E+03    1.27139286541304E+03
    5.56293873826888E+03    1.27143683342493E+03
    5.56125381903487E+03    1.27244592915414E+03


    5.56452973833864E+03    1.27146481631999E+03
    5.56618038338340E+03    1.27045924837803E+03
    5.56610543660419E+03    1.27152776533710E+03
    5.56452973833864E+03    1.27146481631999E+03


    5.56452973833864E+03    1.27146481631999E+03
    5.56460469427175E+03    1.27041445311236E+03
    5.56618038338340E+03    1.27045924837803E+03
    5.56452973833864E+03    1.27146481631999E+03


    5.56293873826888E+03    1.27143683342493E+03
    5.56460469427175E+03    1.27041445311236E+03
    5.56452973833864E+03    1.27146481631999E+03
    5.56293873826888E+03    1.27143683342493E+03


    5.56293873826888E+03    1.27143683342493E+03
    5.56301168289135E+03    1.27039889949515E+03
    5.56460469427175E+03    1.27041445311236E+03
    5.56293873826888E+03    1.27143683342493E+03


    5.56135092742073E+03    1.27139286541304E+03
    5.56301168289135E+03    1.27039889949515E+03
    5.56293873826888E+03    1.27143683342493E+03
    5.56135092742073E+03    1.27139286541304E+03


    5.56135092742073E+03    1.27139286541304E+03
    5.56142201711875E+03    1.27036761216630E+03
    5.56301168289135E+03    1.27039889949515E+03
    5.56135092742073E+03    1.27139286541304E+03


    5.56603534404952E+03    1.27257819914440E+03
    5.56599656451087E+03    1.27320177872468E+03
    5.56441617159301E+03    1.27313472560072E+03
    5.56603534404952E+03    1.27257819914440E+03


    5.56445649151106E+03    1.27250982076582E+03
    5.56603534404952E+03    1.27257819914440E+03
    5.56441617159301E+03    1.27313472560072E+03
    5.56445649151106E+03    1.27250982076582E+03


    5.56445649151106E+03    1.27250982076582E+03
    5.56441617159301E+03    1.27313472560072E+03
    5.56283390369743E+03    1.27309414614468E+03
    5.56445649151106E+03    1.27250982076582E+03


    5.56286754389425E+03    1.27247168891016E+03
    5.56445649151106E+03    1.27250982076582E+03
    5.56283390369743E+03    1.27309414614468E+03
    5.56286754389425E+03    1.27247168891016E+03


    5.56460469427175E+03    1.27041445311236E+03
    5.56626630155455E+03    1.26936506476346E+03
    5.56618038338340E+03    1.27045924837803E+03
    5.56460469427175E+03    1.27041445311236E+03


    5.56460469427175E+03    1.27041445311236E+03
    5.56466630155455E+03    1.26936506476346E+03
    5.56626630155455E+03    1.26936506476346E+03
    5.56460469427175E+03    1.27041445311236E+03


    5.56301168289135E+03    1.27039889949515E+03
    5.56466630155455E+03    1.26936506476346E+03
    5.56460469427175E+03    1.27041445311236E+03
    5.56301168289135E+03    1.27039889949515E+03


    5.56301168289135E+03    1.27039889949515E+03
    5.56306630155455E+03    1.26936506476346E+03
    5.56466630155455E+03    1.26936506476346E+03
    5.56301168289135E+03    1.27039889949515E+03


    5.56142201711875E+03    1.27036761216630E+03
    5.56306630155455E+03    1.26936506476346E+03
    5.56301168289135E+03    1.27039889949515E+03
    5.56142201711875E+03    1.27036761216630E+03


    5.56142201711875E+03    1.27036761216630E+03
    5.56146630155455E+03    1.26936506476346E+03
    5.56306630155455E+03    1.26936506476346E+03
    5.56142201711875E+03    1.27036761216630E+03


    5.56286754389425E+03    1.27247168891016E+03
    5.56283390369743E+03    1.27309414614468E+03
    5.56123917356005E+03    1.27306575599271E+03
    5.56286754389425E+03    1.27247168891016E+03


    5.56125381903487E+03    1.27244592915414E+03
    5.56286754389425E+03    1.27247168891016E+03
    5.56123917356005E+03    1.27306575599271E+03
    5.56125381903487E+03    1.27244592915414E+03


    5.55725186868993E+03    1.27323024335872E+03
    5.55824329632250E+03    1.27263552704505E+03
    5.55822780948116E+03    1.27325929798349E+03
    5.55725186868993E+03    1.27323024335872E+03


    5.55725186868993E+03    1.27323024335872E+03
    5.55728151357623E+03    1.27258737058907E+03
    5.55824329632250E+03    1.27263552704505E+03
    5.55725186868993E+03    1.27323024335872E+03


    5.55832465816079E+03    1.27156277676448E+03
    5.55824329632250E+03    1.27263552704505E+03
    5.55728151357623E+03    1.27258737058907E+03
    5.55832465816079E+03    1.27156277676448E+03


    5.55832465816079E+03    1.27156277676448E+03
    5.55728151357623E+03    1.27258737058907E+03
    5.55735142207970E+03    1.27151471244308E+03
    5.55832465816079E+03    1.27156277676448E+03


