   5.558466E+03    1.288565E+03   -3.419513E-05
   5.559466E+03    1.287965E+03   -3.419513E-05
   5.559466E+03    1.288565E+03   -3.419513E-05
   5.558466E+03    1.288565E+03   -3.419513E-05


   5.558466E+03    1.288565E+03    2.319453E-04
   5.558466E+03    1.287965E+03    2.319453E-04
   5.559466E+03    1.287965E+03    2.319453E-04
   5.558466E+03    1.288565E+03    2.319453E-04


   5.559466E+03    1.288565E+03   -4.602741E-06
   5.560466E+03    1.287965E+03   -4.602741E-06
   5.560466E+03    1.288565E+03   -4.602741E-06
   5.559466E+03    1.288565E+03   -4.602741E-06


   5.559466E+03    1.288565E+03    1.825022E-04
   5.559466E+03    1.287965E+03    1.825022E-04
   5.560466E+03    1.287965E+03    1.825022E-04
   5.559466E+03    1.288565E+03    1.825022E-04


   5.560466E+03    1.288565E+03    2.600404E-05
   5.561466E+03    1.287965E+03    2.600404E-05
   5.561466E+03    1.288565E+03    2.600404E-05
   5.560466E+03    1.288565E+03    2.600404E-05


   5.560466E+03    1.288565E+03    6.263245E-05
   5.560466E+03    1.287965E+03    6.263245E-05
   5.561466E+03    1.287965E+03    6.263245E-05
   5.560466E+03    1.288565E+03    6.263245E-05


   5.555466E+03    1.288565E+03   -2.161376E-05
   5.556466E+03    1.287965E+03   -2.161376E-05
   5.556466E+03    1.288565E+03   -2.161376E-05
   5.555466E+03    1.288565E+03   -2.161376E-05


   5.555466E+03    1.288565E+03   -6.269009E-05
   5.555466E+03    1.287965E+03   -6.269009E-05
   5.556466E+03    1.287965E+03   -6.269009E-05
   5.555466E+03    1.288565E+03   -6.269009E-05


   5.556466E+03    1.288565E+03   -2.251276E-05
   5.557466E+03    1.287965E+03   -2.251276E-05
   5.557466E+03    1.288565E+03   -2.251276E-05
   5.556466E+03    1.288565E+03   -2.251276E-05


   5.556466E+03    1.288565E+03   -4.693330E-05
   5.556466E+03    1.287965E+03   -4.693330E-05
   5.557466E+03    1.287965E+03   -4.693330E-05
   5.556466E+03    1.288565E+03   -4.693330E-05


   5.566266E+03    1.287965E+03    7.604901E-06
   5.566266E+03    1.288565E+03    7.604901E-06
   5.564666E+03    1.288565E+03    7.604901E-06
   5.566266E+03    1.287965E+03    7.604901E-06


   5.564666E+03    1.287965E+03   -6.597724E-05
   5.566266E+03    1.287965E+03   -6.597724E-05
   5.564666E+03    1.288565E+03   -6.597724E-05
   5.564666E+03    1.287965E+03   -6.597724E-05


   5.564666E+03    1.287965E+03    4.417477E-05
   5.564666E+03    1.288565E+03    4.417477E-05
   5.563066E+03    1.288565E+03    4.417477E-05
   5.564666E+03    1.287965E+03    4.417477E-05


   5.563066E+03    1.287965E+03   -1.035685E-04
   5.564666E+03    1.287965E+03   -1.035685E-04
   5.563066E+03    1.288565E+03   -1.035685E-04
   5.563066E+03    1.287965E+03   -1.035685E-04


   5.563066E+03    1.287965E+03    5.778220E-05
   5.563066E+03    1.288565E+03    5.778220E-05
   5.561466E+03    1.288565E+03    5.778220E-05
   5.563066E+03    1.287965E+03    5.778220E-05


   5.561466E+03    1.287965E+03   -1.482210E-04
   5.563066E+03    1.287965E+03   -1.482210E-04
   5.561466E+03    1.288565E+03   -1.482210E-04
   5.561466E+03    1.287965E+03   -1.482210E-04


   5.557466E+03    1.288565E+03    1.319247E-05
   5.558466E+03    1.287965E+03    1.319247E-05
   5.558466E+03    1.288565E+03    1.319247E-05
   5.557466E+03    1.288565E+03    1.319247E-05


   5.557466E+03    1.288565E+03    1.465497E-05
   5.557466E+03    1.287965E+03    1.465497E-05
   5.558466E+03    1.287965E+03    1.465497E-05
   5.557466E+03    1.288565E+03    1.465497E-05


   5.558466E+03    1.287965E+03    9.463193E-05
   5.559466E+03    1.287365E+03    9.463193E-05
   5.559466E+03    1.287965E+03    9.463193E-05
   5.558466E+03    1.287965E+03    9.463193E-05


   5.558466E+03    1.287965E+03    4.815439E-04
   5.558466E+03    1.287365E+03    4.815439E-04
   5.559466E+03    1.287365E+03    4.815439E-04
   5.558466E+03    1.287965E+03    4.815439E-04


   5.559466E+03    1.287965E+03   -3.141251E-06
   5.560466E+03    1.287365E+03   -3.141251E-06
   5.560466E+03    1.287965E+03   -3.141251E-06
   5.559466E+03    1.287965E+03   -3.141251E-06


   5.559466E+03    1.287965E+03    1.531889E-04
   5.559466E+03    1.287365E+03    1.531889E-04
   5.560466E+03    1.287365E+03    1.531889E-04
   5.559466E+03    1.287965E+03    1.531889E-04


   5.560466E+03    1.287965E+03   -2.295463E-04
   5.561466E+03    1.287365E+03   -2.295463E-04
   5.561466E+03    1.287965E+03   -2.295463E-04
   5.560466E+03    1.287965E+03   -2.295463E-04


   5.560466E+03    1.287965E+03   -5.881377E-05
   5.560466E+03    1.287365E+03   -5.881377E-05
   5.561466E+03    1.287365E+03   -5.881377E-05
   5.560466E+03    1.287965E+03   -5.881377E-05


   5.555466E+03    1.287965E+03   -6.663802E-05
   5.556466E+03    1.287365E+03   -6.663802E-05
   5.556466E+03    1.287965E+03   -6.663802E-05
   5.555466E+03    1.287965E+03   -6.663802E-05


   5.555466E+03    1.287965E+03   -1.869247E-04
   5.555466E+03    1.287365E+03   -1.869247E-04
   5.556466E+03    1.287365E+03   -1.869247E-04
   5.555466E+03    1.287965E+03   -1.869247E-04


   5.556466E+03    1.287965E+03    3.164742E-05
   5.557466E+03    1.287365E+03    3.164742E-05
   5.557466E+03    1.287965E+03    3.164742E-05
   5.556466E+03    1.287965E+03    3.164742E-05


   5.556466E+03    1.287965E+03   -4.350695E-05
   5.556466E+03    1.287365E+03   -4.350695E-05
   5.557466E+03    1.287365E+03   -4.350695E-05
   5.556466E+03    1.287965E+03   -4.350695E-05


   5.566266E+03    1.287365E+03    4.402723E-05
   5.566266E+03    1.287965E+03    4.402723E-05
   5.564666E+03    1.287965E+03    4.402723E-05
   5.566266E+03    1.287365E+03    4.402723E-05


   5.564666E+03    1.287365E+03   -3.444659E-05
   5.566266E+03    1.287365E+03   -3.444659E-05
   5.564666E+03    1.287965E+03   -3.444659E-05
   5.564666E+03    1.287365E+03   -3.444659E-05


   5.564666E+03    1.287365E+03    3.242145E-05
   5.564666E+03    1.287965E+03    3.242145E-05
   5.563066E+03    1.287965E+03    3.242145E-05
   5.564666E+03    1.287365E+03    3.242145E-05


   5.563066E+03    1.287365E+03   -7.434418E-05
   5.564666E+03    1.287365E+03   -7.434418E-05
   5.563066E+03    1.287965E+03   -7.434418E-05
   5.563066E+03    1.287365E+03   -7.434418E-05


   5.563066E+03    1.287365E+03    1.604785E-05
   5.563066E+03    1.287965E+03    1.604785E-05
   5.561466E+03    1.287965E+03    1.604785E-05
   5.563066E+03    1.287365E+03    1.604785E-05


   5.561466E+03    1.287365E+03   -3.277209E-04
   5.563066E+03    1.287365E+03   -3.277209E-04
   5.561466E+03    1.287965E+03   -3.277209E-04
   5.561466E+03    1.287365E+03   -3.277209E-04


   5.557466E+03    1.287965E+03    3.048698E-04
   5.558466E+03    1.287365E+03    3.048698E-04
   5.558466E+03    1.287965E+03    3.048698E-04
   5.557466E+03    1.287965E+03    3.048698E-04


   5.557466E+03    1.287965E+03    8.890968E-05
   5.557466E+03    1.287365E+03    8.890968E-05
   5.558466E+03    1.287365E+03    8.890968E-05
   5.557466E+03    1.287965E+03    8.890968E-05


   5.558466E+03    1.287365E+03    1.685567E-04
   5.559466E+03    1.286765E+03    1.685567E-04
   5.559466E+03    1.287365E+03    1.685567E-04
   5.558466E+03    1.287365E+03    1.685567E-04


   5.558466E+03    1.287365E+03    8.538563E-04
   5.558466E+03    1.286765E+03    8.538563E-04
   5.559466E+03    1.286765E+03    8.538563E-04
   5.558466E+03    1.287365E+03    8.538563E-04


   5.559466E+03    1.287365E+03    2.078003E-04
   5.560466E+03    1.286765E+03    2.078003E-04
   5.560466E+03    1.287365E+03    2.078003E-04
   5.559466E+03    1.287365E+03    2.078003E-04


   5.559466E+03    1.287365E+03    1.168322E-04
   5.559466E+03    1.286765E+03    1.168322E-04
   5.560466E+03    1.286765E+03    1.168322E-04
   5.559466E+03    1.287365E+03    1.168322E-04


   5.560466E+03    1.287365E+03   -5.517601E-04
   5.561466E+03    1.286765E+03   -5.517601E-04
   5.561466E+03    1.287365E+03   -5.517601E-04
   5.560466E+03    1.287365E+03   -5.517601E-04


   5.560466E+03    1.287365E+03   -1.449958E-04
   5.560466E+03    1.286765E+03   -1.449958E-04
   5.561466E+03    1.286765E+03   -1.449958E-04
   5.560466E+03    1.287365E+03   -1.449958E-04


   5.555466E+03    1.287365E+03   -9.149928E-05
   5.556466E+03    1.286765E+03   -9.149928E-05
   5.556466E+03    1.287365E+03   -9.149928E-05
   5.555466E+03    1.287365E+03   -9.149928E-05


   5.555466E+03    1.287365E+03   -3.119342E-04
   5.555466E+03    1.286765E+03   -3.119342E-04
   5.556466E+03    1.286765E+03   -3.119342E-04
   5.555466E+03    1.287365E+03   -3.119342E-04


   5.556466E+03    1.287365E+03    6.735796E-05
   5.557466E+03    1.286765E+03    6.735796E-05
   5.557466E+03    1.287365E+03    6.735796E-05
   5.556466E+03    1.287365E+03    6.735796E-05


   5.556466E+03    1.287365E+03   -3.683956E-05
   5.556466E+03    1.286765E+03   -3.683956E-05
   5.557466E+03    1.286765E+03   -3.683956E-05
   5.556466E+03    1.287365E+03   -3.683956E-05


   5.556466E+03    1.283765E+03    4.823795E-04
   5.556466E+03    1.284765E+03    4.823795E-04
   5.555466E+03    1.284765E+03    4.823795E-04
   5.556466E+03    1.283765E+03    4.823795E-04


   5.556466E+03    1.283765E+03    3.295115E-04
   5.555466E+03    1.284765E+03    3.295115E-04
   5.555466E+03    1.283765E+03    3.295115E-04
   5.556466E+03    1.283765E+03    3.295115E-04


   5.556466E+03    1.284765E+03    2.454593E-04
   5.556466E+03    1.285765E+03    2.454593E-04
   5.555466E+03    1.285765E+03    2.454593E-04
   5.556466E+03    1.284765E+03    2.454593E-04


   5.556466E+03    1.284765E+03    3.507321E-05
   5.555466E+03    1.285765E+03    3.507321E-05
   5.555466E+03    1.284765E+03    3.507321E-05
   5.556466E+03    1.284765E+03    3.507321E-05


   5.556466E+03    1.285765E+03    4.416320E-05
   5.556466E+03    1.286765E+03    4.416320E-05
   5.555466E+03    1.286765E+03    4.416320E-05
   5.556466E+03    1.285765E+03    4.416320E-05


   5.556466E+03    1.285765E+03   -2.280647E-04
   5.555466E+03    1.286765E+03   -2.280647E-04
   5.555466E+03    1.285765E+03   -2.280647E-04
   5.556466E+03    1.285765E+03   -2.280647E-04


   5.557466E+03    1.283765E+03    5.642830E-04
   5.557466E+03    1.284765E+03    5.642830E-04
   5.556466E+03    1.284765E+03    5.642830E-04
   5.557466E+03    1.283765E+03    5.642830E-04


   5.557466E+03    1.283765E+03    3.355025E-04
   5.556466E+03    1.284765E+03    3.355025E-04
   5.556466E+03    1.283765E+03    3.355025E-04
   5.557466E+03    1.283765E+03    3.355025E-04


   5.557466E+03    1.284765E+03    3.497066E-04
   5.557466E+03    1.285765E+03    3.497066E-04
   5.556466E+03    1.285765E+03    3.497066E-04
   5.557466E+03    1.284765E+03    3.497066E-04


   5.557466E+03    1.284765E+03    1.543555E-04
   5.556466E+03    1.285765E+03    1.543555E-04
   5.556466E+03    1.284765E+03    1.543555E-04
   5.557466E+03    1.284765E+03    1.543555E-04


   5.557466E+03    1.285765E+03    3.464299E-04
   5.557466E+03    1.286765E+03    3.464299E-04
   5.556466E+03    1.286765E+03    3.464299E-04
   5.557466E+03    1.285765E+03    3.464299E-04


   5.557466E+03    1.285765E+03    2.760733E-05
   5.556466E+03    1.286765E+03    2.760733E-05
   5.556466E+03    1.285765E+03    2.760733E-05
   5.557466E+03    1.285765E+03    2.760733E-05


   5.558466E+03    1.283765E+03   -1.013021E-04
   5.558466E+03    1.284765E+03   -1.013021E-04
   5.557466E+03    1.284765E+03   -1.013021E-04
   5.558466E+03    1.283765E+03   -1.013021E-04


   5.558466E+03    1.283765E+03    2.981279E-04
   5.557466E+03    1.284765E+03    2.981279E-04
   5.557466E+03    1.283765E+03    2.981279E-04
   5.558466E+03    1.283765E+03    2.981279E-04


   5.558466E+03    1.284765E+03    7.495229E-04
   5.558466E+03    1.285765E+03    7.495229E-04
   5.557466E+03    1.285765E+03    7.495229E-04
   5.558466E+03    1.284765E+03    7.495229E-04


   5.558466E+03    1.284765E+03    3.051023E-04
   5.557466E+03    1.285765E+03    3.051023E-04
   5.557466E+03    1.284765E+03    3.051023E-04
   5.558466E+03    1.284765E+03    3.051023E-04


   5.564666E+03    1.286765E+03    8.344299E-05
   5.566266E+03    1.285765E+03    8.344299E-05
   5.566266E+03    1.286765E+03    8.344299E-05
   5.564666E+03    1.286765E+03    8.344299E-05


   5.564666E+03    1.286765E+03   -2.225861E-05
   5.564666E+03    1.285765E+03   -2.225861E-05
   5.566266E+03    1.285765E+03   -2.225861E-05
   5.564666E+03    1.286765E+03   -2.225861E-05


   5.563066E+03    1.286765E+03   -3.878693E-05
   5.564666E+03    1.285765E+03   -3.878693E-05
   5.564666E+03    1.286765E+03   -3.878693E-05
   5.563066E+03    1.286765E+03   -3.878693E-05


   5.563066E+03    1.286765E+03   -6.353444E-05
   5.563066E+03    1.285765E+03   -6.353444E-05
   5.564666E+03    1.285765E+03   -6.353444E-05
   5.563066E+03    1.286765E+03   -6.353444E-05


   5.561466E+03    1.286765E+03   -1.558639E-04
   5.563066E+03    1.285765E+03   -1.558639E-04
   5.563066E+03    1.286765E+03   -1.558639E-04
   5.561466E+03    1.286765E+03   -1.558639E-04


   5.561466E+03    1.286765E+03   -8.904251E-04
   5.561466E+03    1.285765E+03   -8.904251E-04
   5.563066E+03    1.285765E+03   -8.904251E-04
   5.561466E+03    1.286765E+03   -8.904251E-04


   5.564666E+03    1.285765E+03    2.326411E-05
   5.566266E+03    1.284765E+03    2.326411E-05
   5.566266E+03    1.285765E+03    2.326411E-05
   5.564666E+03    1.285765E+03    2.326411E-05


   5.564666E+03    1.285765E+03   -1.174107E-04
   5.564666E+03    1.284765E+03   -1.174107E-04
   5.566266E+03    1.284765E+03   -1.174107E-04
   5.564666E+03    1.285765E+03   -1.174107E-04


   5.563066E+03    1.285765E+03   -1.392771E-04
   5.564666E+03    1.284765E+03   -1.392771E-04
   5.564666E+03    1.285765E+03   -1.392771E-04
   5.563066E+03    1.285765E+03   -1.392771E-04


   5.563066E+03    1.285765E+03   -2.436747E-04
   5.563066E+03    1.284765E+03   -2.436747E-04
   5.564666E+03    1.284765E+03   -2.436747E-04
   5.563066E+03    1.285765E+03   -2.436747E-04


   5.561466E+03    1.285765E+03   -2.590297E-04
   5.563066E+03    1.284765E+03   -2.590297E-04
   5.563066E+03    1.285765E+03   -2.590297E-04
   5.561466E+03    1.285765E+03   -2.590297E-04


   5.561466E+03    1.285765E+03   -3.981833E-04
   5.561466E+03    1.284765E+03   -3.981833E-04
   5.563066E+03    1.284765E+03   -3.981833E-04
   5.561466E+03    1.285765E+03   -3.981833E-04


   5.566266E+03    1.286765E+03    7.977445E-05
   5.566266E+03    1.287365E+03    7.977445E-05
   5.564666E+03    1.287365E+03    7.977445E-05
   5.566266E+03    1.286765E+03    7.977445E-05


   5.564666E+03    1.286765E+03   -9.474316E-06
   5.566266E+03    1.286765E+03   -9.474316E-06
   5.564666E+03    1.287365E+03   -9.474316E-06
   5.564666E+03    1.286765E+03   -9.474316E-06


   5.564666E+03    1.286765E+03    1.478521E-05
   5.564666E+03    1.287365E+03    1.478521E-05
   5.563066E+03    1.287365E+03    1.478521E-05
   5.564666E+03    1.286765E+03    1.478521E-05


   5.563066E+03    1.286765E+03   -5.404730E-05
   5.564666E+03    1.286765E+03   -5.404730E-05
   5.563066E+03    1.287365E+03   -5.404730E-05
   5.563066E+03    1.286765E+03   -5.404730E-05


   5.564666E+03    1.284765E+03   -9.166027E-05
   5.566266E+03    1.283765E+03   -9.166027E-05
   5.566266E+03    1.284765E+03   -9.166027E-05
   5.564666E+03    1.284765E+03   -9.166027E-05


   5.564666E+03    1.284765E+03   -2.609327E-04
   5.564666E+03    1.283765E+03   -2.609327E-04
   5.566266E+03    1.283765E+03   -2.609327E-04
   5.564666E+03    1.284765E+03   -2.609327E-04


   5.563066E+03    1.284765E+03   -2.473575E-04
   5.564666E+03    1.283765E+03   -2.473575E-04
   5.564666E+03    1.284765E+03   -2.473575E-04
   5.563066E+03    1.284765E+03   -2.473575E-04


   5.563066E+03    1.284765E+03   -3.286736E-04
   5.563066E+03    1.283765E+03   -3.286736E-04
   5.564666E+03    1.283765E+03   -3.286736E-04
   5.563066E+03    1.284765E+03   -3.286736E-04


   5.561466E+03    1.284765E+03   -3.358931E-04
   5.563066E+03    1.283765E+03   -3.358931E-04
   5.563066E+03    1.284765E+03   -3.358931E-04
   5.561466E+03    1.284765E+03   -3.358931E-04


   5.561466E+03    1.284765E+03    8.400331E-05
   5.561466E+03    1.283765E+03    8.400331E-05
   5.563066E+03    1.283765E+03    8.400331E-05
   5.561466E+03    1.284765E+03    8.400331E-05


   5.563066E+03    1.286765E+03   -3.750956E-05
   5.563066E+03    1.287365E+03   -3.750956E-05
   5.561466E+03    1.287365E+03   -3.750956E-05
   5.563066E+03    1.286765E+03   -3.750956E-05


   5.561466E+03    1.286765E+03   -5.906162E-04
   5.563066E+03    1.286765E+03   -5.906162E-04
   5.561466E+03    1.287365E+03   -5.906162E-04
   5.561466E+03    1.286765E+03   -5.906162E-04


   5.557466E+03    1.287365E+03    5.447983E-04
   5.558466E+03    1.286765E+03    5.447983E-04
   5.558466E+03    1.287365E+03    5.447983E-04
   5.557466E+03    1.287365E+03    5.447983E-04


   5.557466E+03    1.287365E+03    1.595148E-04
   5.557466E+03    1.286765E+03    1.595148E-04
   5.558466E+03    1.286765E+03    1.595148E-04
   5.557466E+03    1.287365E+03    1.595148E-04


   5.558466E+03    1.285765E+03    1.301400E-03
   5.558466E+03    1.286765E+03    1.301400E-03
   5.557466E+03    1.286765E+03    1.301400E-03
   5.558466E+03    1.285765E+03    1.301400E-03


   5.558466E+03    1.285765E+03    2.775035E-04
   5.557466E+03    1.286765E+03    2.775035E-04
   5.557466E+03    1.285765E+03    2.775035E-04
   5.558466E+03    1.285765E+03    2.775035E-04


   5.558466E+03    1.283765E+03   -1.717322E-04
   5.559466E+03    1.283165E+03   -1.717322E-04
   5.559466E+03    1.283765E+03   -1.717322E-04
   5.558466E+03    1.283765E+03   -1.717322E-04


   5.558466E+03    1.283765E+03   -7.424271E-07
   5.558466E+03    1.283165E+03   -7.424271E-07
   5.559466E+03    1.283165E+03   -7.424271E-07
   5.558466E+03    1.283765E+03   -7.424271E-07


   5.559466E+03    1.283765E+03    6.432948E-05
   5.560466E+03    1.283165E+03    6.432948E-05
   5.560466E+03    1.283765E+03    6.432948E-05
   5.559466E+03    1.283765E+03    6.432948E-05


   5.559466E+03    1.283765E+03    4.443487E-04
   5.559466E+03    1.283165E+03    4.443487E-04
   5.560466E+03    1.283165E+03    4.443487E-04
   5.559466E+03    1.283765E+03    4.443487E-04


   5.560466E+03    1.283765E+03    3.884697E-04
   5.561466E+03    1.283165E+03    3.884697E-04
   5.561466E+03    1.283765E+03    3.884697E-04
   5.560466E+03    1.283765E+03    3.884697E-04


   5.560466E+03    1.283765E+03    2.136717E-04
   5.560466E+03    1.283165E+03    2.136717E-04
   5.561466E+03    1.283165E+03    2.136717E-04
   5.560466E+03    1.283765E+03    2.136717E-04


   5.555466E+03    1.283765E+03    4.961002E-04
   5.556466E+03    1.283165E+03    4.961002E-04
   5.556466E+03    1.283765E+03    4.961002E-04
   5.555466E+03    1.283765E+03    4.961002E-04


   5.555466E+03    1.283765E+03    3.814780E-04
   5.555466E+03    1.283165E+03    3.814780E-04
   5.556466E+03    1.283165E+03    3.814780E-04
   5.555466E+03    1.283765E+03    3.814780E-04


   5.556466E+03    1.283765E+03    5.302612E-04
   5.557466E+03    1.283165E+03    5.302612E-04
   5.557466E+03    1.283765E+03    5.302612E-04
   5.556466E+03    1.283765E+03    5.302612E-04


   5.556466E+03    1.283765E+03    4.552375E-04
   5.556466E+03    1.283165E+03    4.552375E-04
   5.557466E+03    1.283165E+03    4.552375E-04
   5.556466E+03    1.283765E+03    4.552375E-04


   5.566266E+03    1.283165E+03   -1.880828E-04
   5.566266E+03    1.283765E+03   -1.880828E-04
   5.564666E+03    1.283765E+03   -1.880828E-04
   5.566266E+03    1.283165E+03   -1.880828E-04


   5.564666E+03    1.283165E+03   -3.829943E-04
   5.566266E+03    1.283165E+03   -3.829943E-04
   5.564666E+03    1.283765E+03   -3.829943E-04
   5.564666E+03    1.283165E+03   -3.829943E-04


   5.564666E+03    1.283165E+03   -3.215052E-04
   5.564666E+03    1.283765E+03   -3.215052E-04
   5.563066E+03    1.283765E+03   -3.215052E-04
   5.564666E+03    1.283165E+03   -3.215052E-04


   5.563066E+03    1.283165E+03   -5.383398E-04
   5.564666E+03    1.283165E+03   -5.383398E-04
   5.563066E+03    1.283765E+03   -5.383398E-04
   5.563066E+03    1.283165E+03   -5.383398E-04


   5.563066E+03    1.283165E+03   -3.824218E-04
   5.563066E+03    1.283765E+03   -3.824218E-04
   5.561466E+03    1.283765E+03   -3.824218E-04
   5.563066E+03    1.283165E+03   -3.824218E-04


   5.561466E+03    1.283165E+03   -1.454714E-04
   5.563066E+03    1.283165E+03   -1.454714E-04
   5.561466E+03    1.283765E+03   -1.454714E-04
   5.561466E+03    1.283165E+03   -1.454714E-04


   5.557466E+03    1.283765E+03   -1.675350E-04
   5.558466E+03    1.283165E+03   -1.675350E-04
   5.558466E+03    1.283765E+03   -1.675350E-04
   5.557466E+03    1.283765E+03   -1.675350E-04


   5.557466E+03    1.283765E+03    5.229505E-04
   5.557466E+03    1.283165E+03    5.229505E-04
   5.558466E+03    1.283165E+03    5.229505E-04
   5.557466E+03    1.283765E+03    5.229505E-04


   5.558466E+03    1.283165E+03    8.960697E-05
   5.559466E+03    1.282565E+03    8.960697E-05
   5.559466E+03    1.283165E+03    8.960697E-05
   5.558466E+03    1.283165E+03    8.960697E-05


   5.558466E+03    1.283165E+03    7.231872E-04
   5.558466E+03    1.282565E+03    7.231872E-04
   5.559466E+03    1.282565E+03    7.231872E-04
   5.558466E+03    1.283165E+03    7.231872E-04


   5.559466E+03    1.283165E+03    6.897845E-05
   5.560466E+03    1.282565E+03    6.897845E-05
   5.560466E+03    1.283165E+03    6.897845E-05
   5.559466E+03    1.283165E+03    6.897845E-05


   5.559466E+03    1.283165E+03    2.013044E-04
   5.559466E+03    1.282565E+03    2.013044E-04
   5.560466E+03    1.282565E+03    2.013044E-04
   5.559466E+03    1.283165E+03    2.013044E-04


   5.560466E+03    1.283165E+03   -1.854466E-04
   5.561466E+03    1.282565E+03   -1.854466E-04
   5.561466E+03    1.283165E+03   -1.854466E-04
   5.560466E+03    1.283165E+03   -1.854466E-04


   5.560466E+03    1.283165E+03   -4.407624E-05
   5.560466E+03    1.282565E+03   -4.407624E-05
   5.561466E+03    1.282565E+03   -4.407624E-05
   5.560466E+03    1.283165E+03   -4.407624E-05


   5.555466E+03    1.283165E+03    4.430492E-04
   5.556466E+03    1.282565E+03    4.430492E-04
   5.556466E+03    1.283165E+03    4.430492E-04
   5.555466E+03    1.283165E+03    4.430492E-04


   5.555466E+03    1.283165E+03    2.804367E-04
   5.555466E+03    1.282565E+03    2.804367E-04
   5.556466E+03    1.282565E+03    2.804367E-04
   5.555466E+03    1.283165E+03    2.804367E-04


   5.556466E+03    1.283165E+03    5.104447E-04
   5.557466E+03    1.282565E+03    5.104447E-04
   5.557466E+03    1.283165E+03    5.104447E-04
   5.556466E+03    1.283165E+03    5.104447E-04


   5.556466E+03    1.283165E+03    4.887528E-04
   5.556466E+03    1.282565E+03    4.887528E-04
   5.557466E+03    1.282565E+03    4.887528E-04
   5.556466E+03    1.283165E+03    4.887528E-04


   5.566266E+03    1.282565E+03   -2.504394E-04
   5.566266E+03    1.283165E+03   -2.504394E-04
   5.564666E+03    1.283165E+03   -2.504394E-04
   5.566266E+03    1.282565E+03   -2.504394E-04


   5.564666E+03    1.282565E+03   -4.002735E-04
   5.566266E+03    1.282565E+03   -4.002735E-04
   5.564666E+03    1.283165E+03   -4.002735E-04
   5.564666E+03    1.282565E+03   -4.002735E-04


   5.564666E+03    1.282565E+03   -3.657881E-04
   5.564666E+03    1.283165E+03   -3.657881E-04
   5.563066E+03    1.283165E+03   -3.657881E-04
   5.564666E+03    1.282565E+03   -3.657881E-04


   5.563066E+03    1.282565E+03   -4.544188E-04
   5.564666E+03    1.282565E+03   -4.544188E-04
   5.563066E+03    1.283165E+03   -4.544188E-04
   5.563066E+03    1.282565E+03   -4.544188E-04


   5.563066E+03    1.282565E+03   -3.814230E-04
   5.563066E+03    1.283165E+03   -3.814230E-04
   5.561466E+03    1.283165E+03   -3.814230E-04
   5.563066E+03    1.282565E+03   -3.814230E-04


   5.561466E+03    1.282565E+03   -3.931857E-04
   5.563066E+03    1.282565E+03   -3.931857E-04
   5.561466E+03    1.283165E+03   -3.931857E-04
   5.561466E+03    1.282565E+03   -3.931857E-04


   5.557466E+03    1.283165E+03    4.397604E-04
   5.558466E+03    1.282565E+03    4.397604E-04
   5.558466E+03    1.283165E+03    4.397604E-04
   5.557466E+03    1.283165E+03    4.397604E-04


   5.557466E+03    1.283165E+03    6.101911E-04
   5.557466E+03    1.282565E+03    6.101911E-04
   5.558466E+03    1.282565E+03    6.101911E-04
   5.557466E+03    1.283165E+03    6.101911E-04


   5.558466E+03    1.282565E+03    2.879614E-04
   5.559466E+03    1.281965E+03    2.879614E-04
   5.559466E+03    1.282565E+03    2.879614E-04
   5.558466E+03    1.282565E+03    2.879614E-04


   5.558466E+03    1.282565E+03    1.448578E-03
   5.558466E+03    1.281965E+03    1.448578E-03
   5.559466E+03    1.281965E+03    1.448578E-03
   5.558466E+03    1.282565E+03    1.448578E-03


   5.559466E+03    1.282565E+03    4.281757E-04
   5.560466E+03    1.281965E+03    4.281757E-04
   5.560466E+03    1.282565E+03    4.281757E-04
   5.559466E+03    1.282565E+03    4.281757E-04


   5.559466E+03    1.282565E+03    1.646880E-04
   5.559466E+03    1.281965E+03    1.646880E-04
   5.560466E+03    1.281965E+03    1.646880E-04
   5.559466E+03    1.282565E+03    1.646880E-04


   5.560466E+03    1.282565E+03   -8.027139E-04
   5.561466E+03    1.281965E+03   -8.027139E-04
   5.561466E+03    1.282565E+03   -8.027139E-04
   5.560466E+03    1.282565E+03   -8.027139E-04


   5.560466E+03    1.282565E+03   -2.592646E-04
   5.560466E+03    1.281965E+03   -2.592646E-04
   5.561466E+03    1.281965E+03   -2.592646E-04
   5.560466E+03    1.282565E+03   -2.592646E-04


   5.555466E+03    1.282565E+03    4.074166E-04
   5.556466E+03    1.281965E+03    4.074166E-04
   5.556466E+03    1.282565E+03    4.074166E-04
   5.555466E+03    1.282565E+03    4.074166E-04


   5.555466E+03    1.282565E+03    1.943232E-04
   5.555466E+03    1.281965E+03    1.943232E-04
   5.556466E+03    1.281965E+03    1.943232E-04
   5.555466E+03    1.282565E+03    1.943232E-04


   5.556466E+03    1.282565E+03    4.846439E-04
   5.557466E+03    1.281965E+03    4.846439E-04
   5.557466E+03    1.282565E+03    4.846439E-04
   5.556466E+03    1.282565E+03    4.846439E-04


   5.556466E+03    1.282565E+03    5.160872E-04
   5.556466E+03    1.281965E+03    5.160872E-04
   5.557466E+03    1.281965E+03    5.160872E-04
   5.556466E+03    1.282565E+03    5.160872E-04


   5.556466E+03    1.278965E+03    1.335658E-03
   5.556466E+03    1.279965E+03    1.335658E-03
   5.555466E+03    1.279965E+03    1.335658E-03
   5.556466E+03    1.278965E+03    1.335658E-03


   5.556466E+03    1.278965E+03    1.484648E-03
   5.555466E+03    1.279965E+03    1.484648E-03
   5.555466E+03    1.278965E+03    1.484648E-03
   5.556466E+03    1.278965E+03    1.484648E-03


   5.556466E+03    1.279965E+03    9.763140E-04
   5.556466E+03    1.280965E+03    9.763140E-04
   5.555466E+03    1.280965E+03    9.763140E-04
   5.556466E+03    1.279965E+03    9.763140E-04


   5.556466E+03    1.279965E+03    9.614229E-04
   5.555466E+03    1.280965E+03    9.614229E-04
   5.555466E+03    1.279965E+03    9.614229E-04
   5.556466E+03    1.279965E+03    9.614229E-04


   5.556466E+03    1.280965E+03    6.496111E-04
   5.556466E+03    1.281965E+03    6.496111E-04
   5.555466E+03    1.281965E+03    6.496111E-04
   5.556466E+03    1.280965E+03    6.496111E-04


   5.556466E+03    1.280965E+03    4.377154E-04
   5.555466E+03    1.281965E+03    4.377154E-04
   5.555466E+03    1.280965E+03    4.377154E-04
   5.556466E+03    1.280965E+03    4.377154E-04


   5.557466E+03    1.278965E+03    1.127129E-03
   5.557466E+03    1.279965E+03    1.127129E-03
   5.556466E+03    1.279965E+03    1.127129E-03
   5.557466E+03    1.278965E+03    1.127129E-03


   5.557466E+03    1.278965E+03    1.159845E-03
   5.556466E+03    1.279965E+03    1.159845E-03
   5.556466E+03    1.278965E+03    1.159845E-03
   5.557466E+03    1.278965E+03    1.159845E-03


   5.557466E+03    1.279965E+03    8.753130E-04
   5.557466E+03    1.280965E+03    8.753130E-04
   5.556466E+03    1.280965E+03    8.753130E-04
   5.557466E+03    1.279965E+03    8.753130E-04


   5.557466E+03    1.279965E+03    8.666007E-04
   5.556466E+03    1.280965E+03    8.666007E-04
   5.556466E+03    1.279965E+03    8.666007E-04
   5.557466E+03    1.279965E+03    8.666007E-04


   5.557466E+03    1.280965E+03    9.132492E-04
   5.557466E+03    1.281965E+03    9.132492E-04
   5.556466E+03    1.281965E+03    9.132492E-04
   5.557466E+03    1.280965E+03    9.132492E-04


   5.557466E+03    1.280965E+03    6.374101E-04
   5.556466E+03    1.281965E+03    6.374101E-04
   5.556466E+03    1.280965E+03    6.374101E-04
   5.557466E+03    1.280965E+03    6.374101E-04


   5.558466E+03    1.278965E+03   -1.595209E-04
   5.558466E+03    1.279965E+03   -1.595209E-04
   5.557466E+03    1.279965E+03   -1.595209E-04
   5.558466E+03    1.278965E+03   -1.595209E-04


   5.558466E+03    1.278965E+03    7.890842E-04
   5.557466E+03    1.279965E+03    7.890842E-04
   5.557466E+03    1.278965E+03    7.890842E-04
   5.558466E+03    1.278965E+03    7.890842E-04


   5.558466E+03    1.279965E+03    1.164806E-03
   5.558466E+03    1.280965E+03    1.164806E-03
   5.557466E+03    1.280965E+03    1.164806E-03
   5.558466E+03    1.279965E+03    1.164806E-03


   5.558466E+03    1.279965E+03    8.325548E-04
   5.557466E+03    1.280965E+03    8.325548E-04
   5.557466E+03    1.279965E+03    8.325548E-04
   5.558466E+03    1.279965E+03    8.325548E-04


   5.564666E+03    1.281965E+03   -4.915833E-04
   5.566266E+03    1.280965E+03   -4.915833E-04
   5.566266E+03    1.281965E+03   -4.915833E-04
   5.564666E+03    1.281965E+03   -4.915833E-04


   5.564666E+03    1.281965E+03   -4.469769E-04
   5.564666E+03    1.280965E+03   -4.469769E-04
   5.566266E+03    1.280965E+03   -4.469769E-04
   5.564666E+03    1.281965E+03   -4.469769E-04


   5.563066E+03    1.281965E+03   -5.301001E-04
   5.564666E+03    1.280965E+03   -5.301001E-04
   5.564666E+03    1.281965E+03   -5.301001E-04
   5.563066E+03    1.281965E+03   -5.301001E-04


   5.563066E+03    1.281965E+03   -2.888816E-04
   5.563066E+03    1.280965E+03   -2.888816E-04
   5.564666E+03    1.280965E+03   -2.888816E-04
   5.563066E+03    1.281965E+03   -2.888816E-04


   5.561466E+03    1.281965E+03   -5.134740E-04
   5.563066E+03    1.280965E+03   -5.134740E-04
   5.563066E+03    1.281965E+03   -5.134740E-04
   5.561466E+03    1.281965E+03   -5.134740E-04


   5.561466E+03    1.281965E+03   -1.208520E-03
   5.561466E+03    1.280965E+03   -1.208520E-03
   5.563066E+03    1.280965E+03   -1.208520E-03
   5.561466E+03    1.281965E+03   -1.208520E-03


   5.564666E+03    1.280965E+03   -7.854206E-04
   5.566266E+03    1.279965E+03   -7.854206E-04
   5.566266E+03    1.280965E+03   -7.854206E-04
   5.564666E+03    1.280965E+03   -7.854206E-04


   5.564666E+03    1.280965E+03   -6.381674E-04
   5.564666E+03    1.279965E+03   -6.381674E-04
   5.566266E+03    1.279965E+03   -6.381674E-04
   5.564666E+03    1.280965E+03   -6.381674E-04


   5.563066E+03    1.280965E+03   -7.190784E-04
   5.564666E+03    1.279965E+03   -7.190784E-04
   5.564666E+03    1.280965E+03   -7.190784E-04
   5.563066E+03    1.280965E+03   -7.190784E-04


   5.563066E+03    1.280965E+03   -5.236346E-04
   5.563066E+03    1.279965E+03   -5.236346E-04
   5.564666E+03    1.279965E+03   -5.236346E-04
   5.563066E+03    1.280965E+03   -5.236346E-04


   5.561466E+03    1.280965E+03   -5.888060E-04
   5.563066E+03    1.279965E+03   -5.888060E-04
   5.563066E+03    1.280965E+03   -5.888060E-04
   5.561466E+03    1.280965E+03   -5.888060E-04


   5.561466E+03    1.280965E+03   -2.660090E-04
   5.561466E+03    1.279965E+03   -2.660090E-04
   5.563066E+03    1.279965E+03   -2.660090E-04
   5.561466E+03    1.280965E+03   -2.660090E-04


   5.566266E+03    1.281965E+03   -3.274088E-04
   5.566266E+03    1.282565E+03   -3.274088E-04
   5.564666E+03    1.282565E+03   -3.274088E-04
   5.566266E+03    1.281965E+03   -3.274088E-04


   5.564666E+03    1.281965E+03   -3.994998E-04
   5.566266E+03    1.281965E+03   -3.994998E-04
   5.564666E+03    1.282565E+03   -3.994998E-04
   5.564666E+03    1.281965E+03   -3.994998E-04


   5.564666E+03    1.281965E+03   -4.176392E-04
   5.564666E+03    1.282565E+03   -4.176392E-04
   5.563066E+03    1.282565E+03   -4.176392E-04
   5.564666E+03    1.281965E+03   -4.176392E-04


   5.563066E+03    1.281965E+03   -3.554248E-04
   5.564666E+03    1.281965E+03   -3.554248E-04
   5.563066E+03    1.282565E+03   -3.554248E-04
   5.563066E+03    1.281965E+03   -3.554248E-04


   5.564666E+03    1.279965E+03   -1.124721E-03
   5.566266E+03    1.278965E+03   -1.124721E-03
   5.566266E+03    1.279965E+03   -1.124721E-03
   5.564666E+03    1.279965E+03   -1.124721E-03


   5.564666E+03    1.279965E+03   -8.849784E-04
   5.564666E+03    1.278965E+03   -8.849784E-04
   5.566266E+03    1.278965E+03   -8.849784E-04
   5.564666E+03    1.279965E+03   -8.849784E-04


   5.563066E+03    1.279965E+03   -9.064554E-04
   5.564666E+03    1.278965E+03   -9.064554E-04
   5.564666E+03    1.279965E+03   -9.064554E-04
   5.563066E+03    1.279965E+03   -9.064554E-04


   5.563066E+03    1.279965E+03   -5.807227E-04
   5.563066E+03    1.278965E+03   -5.807227E-04
   5.564666E+03    1.278965E+03   -5.807227E-04
   5.563066E+03    1.279965E+03   -5.807227E-04


   5.561466E+03    1.279965E+03   -6.326031E-04
   5.563066E+03    1.278965E+03   -6.326031E-04
   5.563066E+03    1.279965E+03   -6.326031E-04
   5.561466E+03    1.279965E+03   -6.326031E-04


   5.561466E+03    1.279965E+03    5.687708E-04
   5.561466E+03    1.278965E+03    5.687708E-04
   5.563066E+03    1.278965E+03    5.687708E-04
   5.561466E+03    1.279965E+03    5.687708E-04


   5.563066E+03    1.281965E+03   -3.998070E-04
   5.563066E+03    1.282565E+03   -3.998070E-04
   5.561466E+03    1.282565E+03   -3.998070E-04
   5.563066E+03    1.281965E+03   -3.998070E-04


   5.561466E+03    1.281965E+03   -8.373086E-04
   5.563066E+03    1.281965E+03   -8.373086E-04
   5.561466E+03    1.282565E+03   -8.373086E-04
   5.561466E+03    1.281965E+03   -8.373086E-04


   5.557466E+03    1.282565E+03    8.770566E-04
   5.558466E+03    1.281965E+03    8.770566E-04
   5.558466E+03    1.282565E+03    8.770566E-04
   5.557466E+03    1.282565E+03    8.770566E-04


   5.557466E+03    1.282565E+03    6.762677E-04
   5.557466E+03    1.281965E+03    6.762677E-04
   5.558466E+03    1.281965E+03    6.762677E-04
   5.557466E+03    1.282565E+03    6.762677E-04


   5.558466E+03    1.280965E+03    2.161162E-03
   5.558466E+03    1.281965E+03    2.161162E-03
   5.557466E+03    1.281965E+03    2.161162E-03
   5.558466E+03    1.280965E+03    2.161162E-03


   5.558466E+03    1.280965E+03    8.152121E-04
   5.557466E+03    1.281965E+03    8.152121E-04
   5.557466E+03    1.280965E+03    8.152121E-04
   5.558466E+03    1.280965E+03    8.152121E-04


   5.558466E+03    1.278965E+03   -2.453057E-04
   5.559466E+03    1.278365E+03   -2.453057E-04
   5.559466E+03    1.278965E+03   -2.453057E-04
   5.558466E+03    1.278965E+03   -2.453057E-04


   5.558466E+03    1.278965E+03   -4.641898E-05
   5.558466E+03    1.278365E+03   -4.641898E-05
   5.559466E+03    1.278365E+03   -4.641898E-05
   5.558466E+03    1.278965E+03   -4.641898E-05


   5.559466E+03    1.278965E+03    1.391078E-04
   5.560466E+03    1.278365E+03    1.391078E-04
   5.560466E+03    1.278965E+03    1.391078E-04
   5.559466E+03    1.278965E+03    1.391078E-04


   5.559466E+03    1.278965E+03    6.021577E-04
   5.559466E+03    1.278365E+03    6.021577E-04
   5.560466E+03    1.278365E+03    6.021577E-04
   5.559466E+03    1.278965E+03    6.021577E-04


   5.560466E+03    1.278965E+03    8.772828E-04
   5.561466E+03    1.278365E+03    8.772828E-04
   5.561466E+03    1.278965E+03    8.772828E-04
   5.560466E+03    1.278965E+03    8.772828E-04


   5.560466E+03    1.278965E+03    3.206978E-04
   5.560466E+03    1.278365E+03    3.206978E-04
   5.561466E+03    1.278365E+03    3.206978E-04
   5.560466E+03    1.278965E+03    3.206978E-04


   5.555466E+03    1.278965E+03    1.366074E-03
   5.556466E+03    1.278365E+03    1.366074E-03
   5.556466E+03    1.278965E+03    1.366074E-03
   5.555466E+03    1.278965E+03    1.366074E-03


   5.555466E+03    1.278965E+03    1.663979E-03
   5.555466E+03    1.278365E+03    1.663979E-03
   5.556466E+03    1.278365E+03    1.663979E-03
   5.555466E+03    1.278965E+03    1.663979E-03


   5.556466E+03    1.278965E+03    1.035350E-03
   5.557466E+03    1.278365E+03    1.035350E-03
   5.557466E+03    1.278965E+03    1.035350E-03
   5.556466E+03    1.278965E+03    1.035350E-03


   5.556466E+03    1.278965E+03    1.353724E-03
   5.556466E+03    1.278365E+03    1.353724E-03
   5.557466E+03    1.278365E+03    1.353724E-03
   5.556466E+03    1.278965E+03    1.353724E-03


   5.566266E+03    1.278365E+03   -1.390076E-03
   5.566266E+03    1.278965E+03   -1.390076E-03
   5.564666E+03    1.278965E+03   -1.390076E-03
   5.566266E+03    1.278365E+03   -1.390076E-03


   5.564666E+03    1.278365E+03   -1.078152E-03
   5.566266E+03    1.278365E+03   -1.078152E-03
   5.564666E+03    1.278965E+03   -1.078152E-03
   5.564666E+03    1.278365E+03   -1.078152E-03


   5.564666E+03    1.278365E+03   -1.038865E-03
   5.564666E+03    1.278965E+03   -1.038865E-03
   5.563066E+03    1.278965E+03   -1.038865E-03
   5.564666E+03    1.278365E+03   -1.038865E-03


   5.563066E+03    1.278365E+03   -8.325104E-04
   5.564666E+03    1.278365E+03   -8.325104E-04
   5.563066E+03    1.278965E+03   -8.325104E-04
   5.563066E+03    1.278365E+03   -8.325104E-04


   5.563066E+03    1.278365E+03   -6.633320E-04
   5.563066E+03    1.278965E+03   -6.633320E-04
   5.561466E+03    1.278965E+03   -6.633320E-04
   5.563066E+03    1.278365E+03   -6.633320E-04


   5.561466E+03    1.278365E+03    1.385807E-04
   5.563066E+03    1.278365E+03    1.385807E-04
   5.561466E+03    1.278965E+03    1.385807E-04
   5.561466E+03    1.278365E+03    1.385807E-04


   5.557466E+03    1.278965E+03   -3.177787E-04
   5.558466E+03    1.278365E+03   -3.177787E-04
   5.558466E+03    1.278965E+03   -3.177787E-04
   5.557466E+03    1.278965E+03   -3.177787E-04


   5.557466E+03    1.278965E+03    1.076914E-03
   5.557466E+03    1.278365E+03    1.076914E-03
   5.558466E+03    1.278365E+03    1.076914E-03
   5.557466E+03    1.278965E+03    1.076914E-03


   5.558466E+03    1.278365E+03    9.566091E-05
   5.559466E+03    1.277765E+03    9.566091E-05
   5.559466E+03    1.278365E+03    9.566091E-05
   5.558466E+03    1.278365E+03    9.566091E-05


   5.558466E+03    1.278365E+03    9.066140E-04
   5.558466E+03    1.277765E+03    9.066140E-04
   5.559466E+03    1.277765E+03    9.066140E-04
   5.558466E+03    1.278365E+03    9.066140E-04


   5.559466E+03    1.278365E+03    1.631829E-04
   5.560466E+03    1.277765E+03    1.631829E-04
   5.560466E+03    1.278365E+03    1.631829E-04
   5.559466E+03    1.278365E+03    1.631829E-04


   5.559466E+03    1.278365E+03    2.452092E-04
   5.559466E+03    1.277765E+03    2.452092E-04
   5.560466E+03    1.277765E+03    2.452092E-04
   5.559466E+03    1.278365E+03    2.452092E-04


   5.560466E+03    1.278365E+03    1.101426E-04
   5.561466E+03    1.277765E+03    1.101426E-04
   5.561466E+03    1.278365E+03    1.101426E-04
   5.560466E+03    1.278365E+03    1.101426E-04


   5.560466E+03    1.278365E+03   -7.038409E-06
   5.560466E+03    1.277765E+03   -7.038409E-06
   5.561466E+03    1.277765E+03   -7.038409E-06
   5.560466E+03    1.278365E+03   -7.038409E-06


   5.555466E+03    1.278365E+03    1.301878E-03
   5.556466E+03    1.277765E+03    1.301878E-03
   5.556466E+03    1.278365E+03    1.301878E-03
   5.555466E+03    1.278365E+03    1.301878E-03


   5.555466E+03    1.278365E+03    1.565616E-03
   5.555466E+03    1.277765E+03    1.565616E-03
   5.556466E+03    1.277765E+03    1.565616E-03
   5.555466E+03    1.278365E+03    1.565616E-03


   5.556466E+03    1.278365E+03    9.937004E-04
   5.557466E+03    1.277765E+03    9.937004E-04
   5.557466E+03    1.278365E+03    9.937004E-04
   5.556466E+03    1.278365E+03    9.937004E-04


   5.556466E+03    1.278365E+03    1.406179E-03
   5.556466E+03    1.277765E+03    1.406179E-03
   5.557466E+03    1.277765E+03    1.406179E-03
   5.556466E+03    1.278365E+03    1.406179E-03


   5.566266E+03    1.277765E+03   -1.533419E-03
   5.566266E+03    1.278365E+03   -1.533419E-03
   5.564666E+03    1.278365E+03   -1.533419E-03
   5.566266E+03    1.277765E+03   -1.533419E-03


   5.564666E+03    1.277765E+03   -1.111534E-03
   5.566266E+03    1.277765E+03   -1.111534E-03
   5.564666E+03    1.278365E+03   -1.111534E-03
   5.564666E+03    1.277765E+03   -1.111534E-03


   5.564666E+03    1.277765E+03   -1.118205E-03
   5.564666E+03    1.278365E+03   -1.118205E-03
   5.563066E+03    1.278365E+03   -1.118205E-03
   5.564666E+03    1.277765E+03   -1.118205E-03


   5.563066E+03    1.277765E+03   -6.886302E-04
   5.564666E+03    1.277765E+03   -6.886302E-04
   5.563066E+03    1.278365E+03   -6.886302E-04
   5.563066E+03    1.277765E+03   -6.886302E-04


   5.563066E+03    1.277765E+03   -6.395107E-04
   5.563066E+03    1.278365E+03   -6.395107E-04
   5.561466E+03    1.278365E+03   -6.395107E-04
   5.563066E+03    1.277765E+03   -6.395107E-04


   5.561466E+03    1.277765E+03   -1.671370E-04
   5.563066E+03    1.277765E+03   -1.671370E-04
   5.561466E+03    1.278365E+03   -1.671370E-04
   5.561466E+03    1.277765E+03   -1.671370E-04


   5.557466E+03    1.278365E+03    5.087978E-04
   5.558466E+03    1.277765E+03    5.087978E-04
   5.558466E+03    1.278365E+03    5.087978E-04
   5.557466E+03    1.278365E+03    5.087978E-04


   5.557466E+03    1.278365E+03    1.175883E-03
   5.557466E+03    1.277765E+03    1.175883E-03
   5.558466E+03    1.277765E+03    1.175883E-03
   5.557466E+03    1.278365E+03    1.175883E-03


   5.558466E+03    1.277765E+03    3.717756E-04
   5.559466E+03    1.277165E+03    3.717756E-04
   5.559466E+03    1.277765E+03    3.717756E-04
   5.558466E+03    1.277765E+03    3.717756E-04


   5.558466E+03    1.277765E+03    1.825492E-03
   5.558466E+03    1.277165E+03    1.825492E-03
   5.559466E+03    1.277165E+03    1.825492E-03
   5.558466E+03    1.277765E+03    1.825492E-03


   5.559466E+03    1.277765E+03    5.788203E-04
   5.560466E+03    1.277165E+03    5.788203E-04
   5.560466E+03    1.277765E+03    5.788203E-04
   5.559466E+03    1.277765E+03    5.788203E-04


   5.559466E+03    1.277765E+03    1.930206E-04
   5.559466E+03    1.277165E+03    1.930206E-04
   5.560466E+03    1.277165E+03    1.930206E-04
   5.559466E+03    1.277765E+03    1.930206E-04


   5.560466E+03    1.277765E+03   -6.632276E-04
   5.561466E+03    1.277165E+03   -6.632276E-04
   5.561466E+03    1.277765E+03   -6.632276E-04
   5.560466E+03    1.277765E+03   -6.632276E-04


   5.560466E+03    1.277765E+03   -3.122738E-04
   5.560466E+03    1.277165E+03   -3.122738E-04
   5.561466E+03    1.277165E+03   -3.122738E-04
   5.560466E+03    1.277765E+03   -3.122738E-04


   5.555466E+03    1.277765E+03    1.262417E-03
   5.556466E+03    1.277165E+03    1.262417E-03
   5.556466E+03    1.277765E+03    1.262417E-03
   5.555466E+03    1.277765E+03    1.262417E-03


   5.555466E+03    1.277765E+03    1.471464E-03
   5.555466E+03    1.277165E+03    1.471464E-03
   5.556466E+03    1.277165E+03    1.471464E-03
   5.555466E+03    1.277765E+03    1.471464E-03


   5.556466E+03    1.277765E+03    9.659512E-04
   5.557466E+03    1.277165E+03    9.659512E-04
   5.557466E+03    1.277765E+03    9.659512E-04
   5.556466E+03    1.277765E+03    9.659512E-04


   5.556466E+03    1.277765E+03    1.446306E-03
   5.556466E+03    1.277165E+03    1.446306E-03
   5.557466E+03    1.277165E+03    1.446306E-03
   5.556466E+03    1.277765E+03    1.446306E-03


   5.556466E+03    1.274165E+03    2.357584E-03
   5.556466E+03    1.275165E+03    2.357584E-03
   5.555466E+03    1.275165E+03    2.357584E-03
   5.556466E+03    1.274165E+03    2.357584E-03


   5.556466E+03    1.274165E+03    3.001583E-03
   5.555466E+03    1.275165E+03    3.001583E-03
   5.555466E+03    1.274165E+03    3.001583E-03
   5.556466E+03    1.274165E+03    3.001583E-03


   5.556466E+03    1.275165E+03    1.959401E-03
   5.556466E+03    1.276165E+03    1.959401E-03
   5.555466E+03    1.276165E+03    1.959401E-03
   5.556466E+03    1.275165E+03    1.959401E-03


   5.556466E+03    1.275165E+03    2.352766E-03
   5.555466E+03    1.276165E+03    2.352766E-03
   5.555466E+03    1.275165E+03    2.352766E-03
   5.556466E+03    1.275165E+03    2.352766E-03


   5.556466E+03    1.276165E+03    1.575211E-03
   5.556466E+03    1.277165E+03    1.575211E-03
   5.555466E+03    1.277165E+03    1.575211E-03
   5.556466E+03    1.276165E+03    1.575211E-03


   5.556466E+03    1.276165E+03    1.727010E-03
   5.555466E+03    1.277165E+03    1.727010E-03
   5.555466E+03    1.276165E+03    1.727010E-03
   5.556466E+03    1.276165E+03    1.727010E-03


   5.557466E+03    1.274165E+03    1.672241E-03
   5.557466E+03    1.275165E+03    1.672241E-03
   5.556466E+03    1.275165E+03    1.672241E-03
   5.557466E+03    1.274165E+03    1.672241E-03


   5.557466E+03    1.274165E+03    2.240589E-03
   5.556466E+03    1.275165E+03    2.240589E-03
   5.556466E+03    1.274165E+03    2.240589E-03
   5.557466E+03    1.274165E+03    2.240589E-03


   5.557466E+03    1.275165E+03    1.490977E-03
   5.557466E+03    1.276165E+03    1.490977E-03
   5.556466E+03    1.276165E+03    1.490977E-03
   5.557466E+03    1.275165E+03    1.490977E-03


   5.557466E+03    1.275165E+03    1.891154E-03
   5.556466E+03    1.276165E+03    1.891154E-03
   5.556466E+03    1.275165E+03    1.891154E-03
   5.557466E+03    1.275165E+03    1.891154E-03


   5.557466E+03    1.276165E+03    1.528605E-03
   5.557466E+03    1.277165E+03    1.528605E-03
   5.556466E+03    1.277165E+03    1.528605E-03
   5.557466E+03    1.276165E+03    1.528605E-03


   5.557466E+03    1.276165E+03    1.598965E-03
   5.556466E+03    1.277165E+03    1.598965E-03
   5.556466E+03    1.276165E+03    1.598965E-03
   5.557466E+03    1.276165E+03    1.598965E-03


   5.558466E+03    1.274165E+03   -2.561756E-05
   5.558466E+03    1.275165E+03   -2.561756E-05
   5.557466E+03    1.275165E+03   -2.561756E-05
   5.558466E+03    1.274165E+03   -2.561756E-05


   5.558466E+03    1.274165E+03    1.409660E-03
   5.557466E+03    1.275165E+03    1.409660E-03
   5.557466E+03    1.274165E+03    1.409660E-03
   5.558466E+03    1.274165E+03    1.409660E-03


   5.558466E+03    1.275165E+03    1.444311E-03
   5.558466E+03    1.276165E+03    1.444311E-03
   5.557466E+03    1.276165E+03    1.444311E-03
   5.558466E+03    1.275165E+03    1.444311E-03


   5.558466E+03    1.275165E+03    1.478057E-03
   5.557466E+03    1.276165E+03    1.478057E-03
   5.557466E+03    1.275165E+03    1.478057E-03
   5.558466E+03    1.275165E+03    1.478057E-03


   5.564666E+03    1.277165E+03   -1.923980E-03
   5.566266E+03    1.276165E+03   -1.923980E-03
   5.566266E+03    1.277165E+03   -1.923980E-03
   5.564666E+03    1.277165E+03   -1.923980E-03


   5.564666E+03    1.277165E+03   -1.194731E-03
   5.564666E+03    1.276165E+03   -1.194731E-03
   5.566266E+03    1.276165E+03   -1.194731E-03
   5.564666E+03    1.277165E+03   -1.194731E-03


   5.563066E+03    1.277165E+03   -1.359781E-03
   5.564666E+03    1.276165E+03   -1.359781E-03
   5.564666E+03    1.277165E+03   -1.359781E-03
   5.563066E+03    1.277165E+03   -1.359781E-03


   5.563066E+03    1.277165E+03   -4.241228E-04
   5.563066E+03    1.276165E+03   -4.241228E-04
   5.564666E+03    1.276165E+03   -4.241228E-04
   5.563066E+03    1.277165E+03   -4.241228E-04


   5.561466E+03    1.277165E+03   -7.497438E-04
   5.563066E+03    1.276165E+03   -7.497438E-04
   5.563066E+03    1.277165E+03   -7.497438E-04
   5.561466E+03    1.277165E+03   -7.497438E-04


   5.561466E+03    1.277165E+03   -9.142608E-04
   5.561466E+03    1.276165E+03   -9.142608E-04
   5.563066E+03    1.276165E+03   -9.142608E-04
   5.561466E+03    1.277165E+03   -9.142608E-04


   5.564666E+03    1.276165E+03   -2.358112E-03
   5.566266E+03    1.275165E+03   -2.358112E-03
   5.566266E+03    1.276165E+03   -2.358112E-03
   5.564666E+03    1.276165E+03   -2.358112E-03


   5.564666E+03    1.276165E+03   -1.443375E-03
   5.564666E+03    1.275165E+03   -1.443375E-03
   5.566266E+03    1.275165E+03   -1.443375E-03
   5.564666E+03    1.276165E+03   -1.443375E-03


   5.563066E+03    1.276165E+03   -1.608317E-03
   5.564666E+03    1.275165E+03   -1.608317E-03
   5.564666E+03    1.276165E+03   -1.608317E-03
   5.563066E+03    1.276165E+03   -1.608317E-03


   5.563066E+03    1.276165E+03   -6.711415E-04
   5.563066E+03    1.275165E+03   -6.711415E-04
   5.564666E+03    1.275165E+03   -6.711415E-04
   5.563066E+03    1.276165E+03   -6.711415E-04


   5.561466E+03    1.276165E+03   -8.009446E-04
   5.563066E+03    1.275165E+03   -8.009446E-04
   5.563066E+03    1.276165E+03   -8.009446E-04
   5.561466E+03    1.276165E+03   -8.009446E-04


   5.561466E+03    1.276165E+03    2.861218E-04
   5.561466E+03    1.275165E+03    2.861218E-04
   5.563066E+03    1.275165E+03    2.861218E-04
   5.561466E+03    1.276165E+03    2.861218E-04


   5.566266E+03    1.277165E+03   -1.680335E-03
   5.566266E+03    1.277765E+03   -1.680335E-03
   5.564666E+03    1.277765E+03   -1.680335E-03
   5.566266E+03    1.277165E+03   -1.680335E-03


   5.564666E+03    1.277165E+03   -1.121180E-03
   5.566266E+03    1.277165E+03   -1.121180E-03
   5.564666E+03    1.277765E+03   -1.121180E-03
   5.564666E+03    1.277165E+03   -1.121180E-03


   5.564666E+03    1.277165E+03   -1.206041E-03
   5.564666E+03    1.277765E+03   -1.206041E-03
   5.563066E+03    1.277765E+03   -1.206041E-03
   5.564666E+03    1.277165E+03   -1.206041E-03


   5.563066E+03    1.277165E+03   -5.350657E-04
   5.564666E+03    1.277165E+03   -5.350657E-04
   5.563066E+03    1.277765E+03   -5.350657E-04
   5.563066E+03    1.277165E+03   -5.350657E-04


   5.564666E+03    1.275165E+03   -2.840899E-03
   5.566266E+03    1.274165E+03   -2.840899E-03
   5.566266E+03    1.275165E+03   -2.840899E-03
   5.564666E+03    1.275165E+03   -2.840899E-03


   5.564666E+03    1.275165E+03   -1.745868E-03
   5.564666E+03    1.274165E+03   -1.745868E-03
   5.566266E+03    1.274165E+03   -1.745868E-03
   5.564666E+03    1.275165E+03   -1.745868E-03


   5.563066E+03    1.275165E+03   -1.843770E-03
   5.564666E+03    1.274165E+03   -1.843770E-03
   5.564666E+03    1.275165E+03   -1.843770E-03
   5.563066E+03    1.275165E+03   -1.843770E-03


   5.563066E+03    1.275165E+03   -6.898580E-04
   5.563066E+03    1.274165E+03   -6.898580E-04
   5.564666E+03    1.274165E+03   -6.898580E-04
   5.563066E+03    1.275165E+03   -6.898580E-04


   5.561466E+03    1.275165E+03   -8.083061E-04
   5.563066E+03    1.274165E+03   -8.083061E-04
   5.563066E+03    1.275165E+03   -8.083061E-04
   5.561466E+03    1.275165E+03   -8.083061E-04


   5.561466E+03    1.275165E+03    1.307392E-03
   5.561466E+03    1.274165E+03    1.307392E-03
   5.563066E+03    1.274165E+03    1.307392E-03
   5.561466E+03    1.275165E+03    1.307392E-03


   5.563066E+03    1.277165E+03   -6.422648E-04
   5.563066E+03    1.277765E+03   -6.422648E-04
   5.561466E+03    1.277765E+03   -6.422648E-04
   5.563066E+03    1.277165E+03   -6.422648E-04


   5.561466E+03    1.277165E+03   -6.992414E-04
   5.563066E+03    1.277165E+03   -6.992414E-04
   5.561466E+03    1.277765E+03   -6.992414E-04
   5.561466E+03    1.277165E+03   -6.992414E-04


   5.557466E+03    1.277765E+03    1.081190E-03
   5.558466E+03    1.277165E+03    1.081190E-03
   5.558466E+03    1.277765E+03    1.081190E-03
   5.557466E+03    1.277765E+03    1.081190E-03


   5.557466E+03    1.277765E+03    1.255438E-03
   5.557466E+03    1.277165E+03    1.255438E-03
   5.558466E+03    1.277165E+03    1.255438E-03
   5.557466E+03    1.277765E+03    1.255438E-03


   5.558466E+03    1.276165E+03    2.705265E-03
   5.558466E+03    1.277165E+03    2.705265E-03
   5.557466E+03    1.277165E+03    2.705265E-03
   5.558466E+03    1.276165E+03    2.705265E-03


   5.558466E+03    1.276165E+03    1.436915E-03
   5.557466E+03    1.277165E+03    1.436915E-03
   5.557466E+03    1.276165E+03    1.436915E-03
   5.558466E+03    1.276165E+03    1.436915E-03


   5.558466E+03    1.274165E+03   -2.354995E-04
   5.559466E+03    1.273565E+03   -2.354995E-04
   5.559466E+03    1.274165E+03   -2.354995E-04
   5.558466E+03    1.274165E+03   -2.354995E-04


   5.558466E+03    1.274165E+03   -4.619354E-05
   5.558466E+03    1.273565E+03   -4.619354E-05
   5.559466E+03    1.273565E+03   -4.619354E-05
   5.558466E+03    1.274165E+03   -4.619354E-05


   5.559466E+03    1.274165E+03    2.183285E-04
   5.560466E+03    1.273565E+03    2.183285E-04
   5.560466E+03    1.274165E+03    2.183285E-04
   5.559466E+03    1.274165E+03    2.183285E-04


   5.559466E+03    1.274165E+03    5.516588E-04
   5.559466E+03    1.273565E+03    5.516588E-04
   5.560466E+03    1.273565E+03    5.516588E-04
   5.559466E+03    1.274165E+03    5.516588E-04


   5.560466E+03    1.274165E+03    1.403049E-03
   5.561466E+03    1.273565E+03    1.403049E-03
   5.561466E+03    1.274165E+03    1.403049E-03
   5.560466E+03    1.274165E+03    1.403049E-03


   5.560466E+03    1.274165E+03    3.425079E-04
   5.560466E+03    1.273565E+03    3.425079E-04
   5.561466E+03    1.273565E+03    3.425079E-04
   5.560466E+03    1.274165E+03    3.425079E-04


   5.555466E+03    1.274165E+03    2.426217E-03
   5.556466E+03    1.273565E+03    2.426217E-03
   5.556466E+03    1.274165E+03    2.426217E-03
   5.555466E+03    1.274165E+03    2.426217E-03


   5.555466E+03    1.274165E+03    3.368457E-03
   5.555466E+03    1.273565E+03    3.368457E-03
   5.556466E+03    1.273565E+03    3.368457E-03
   5.555466E+03    1.274165E+03    3.368457E-03


   5.556466E+03    1.274165E+03    1.503853E-03
   5.557466E+03    1.273565E+03    1.503853E-03
   5.557466E+03    1.274165E+03    1.503853E-03
   5.556466E+03    1.274165E+03    1.503853E-03


   5.556466E+03    1.274165E+03    2.490682E-03
   5.556466E+03    1.273565E+03    2.490682E-03
   5.557466E+03    1.273565E+03    2.490682E-03
   5.556466E+03    1.274165E+03    2.490682E-03


   5.566266E+03    1.273565E+03   -3.241587E-03
   5.566266E+03    1.274165E+03   -3.241587E-03
   5.564666E+03    1.274165E+03   -3.241587E-03
   5.566266E+03    1.273565E+03   -3.241587E-03


   5.564666E+03    1.273565E+03   -1.973127E-03
   5.566266E+03    1.273565E+03   -1.973127E-03
   5.564666E+03    1.274165E+03   -1.973127E-03
   5.564666E+03    1.273565E+03   -1.973127E-03


   5.564666E+03    1.273565E+03   -2.022304E-03
   5.564666E+03    1.274165E+03   -2.022304E-03
   5.563066E+03    1.274165E+03   -2.022304E-03
   5.564666E+03    1.273565E+03   -2.022304E-03


   5.563066E+03    1.273565E+03   -9.031386E-04
   5.564666E+03    1.273565E+03   -9.031386E-04
   5.563066E+03    1.274165E+03   -9.031386E-04
   5.563066E+03    1.273565E+03   -9.031386E-04


   5.563066E+03    1.273565E+03   -8.192362E-04
   5.563066E+03    1.274165E+03   -8.192362E-04
   5.561466E+03    1.274165E+03   -8.192362E-04
   5.563066E+03    1.273565E+03   -8.192362E-04


   5.561466E+03    1.273565E+03    6.967228E-04
   5.563066E+03    1.273565E+03    6.967228E-04
   5.561466E+03    1.274165E+03    6.967228E-04
   5.561466E+03    1.273565E+03    6.967228E-04


   5.557466E+03    1.274165E+03   -3.768284E-04
   5.558466E+03    1.273565E+03   -3.768284E-04
   5.558466E+03    1.274165E+03   -3.768284E-04
   5.557466E+03    1.274165E+03   -3.768284E-04


   5.557466E+03    1.274165E+03    1.638271E-03
   5.557466E+03    1.273565E+03    1.638271E-03
   5.558466E+03    1.273565E+03    1.638271E-03
   5.557466E+03    1.274165E+03    1.638271E-03


   5.558466E+03    1.273565E+03    5.910483E-05
   5.559466E+03    1.272965E+03    5.910483E-05
   5.559466E+03    1.273565E+03    5.910483E-05
   5.558466E+03    1.273565E+03    5.910483E-05


   5.558466E+03    1.273565E+03    7.459411E-04
   5.558466E+03    1.272965E+03    7.459411E-04
   5.559466E+03    1.272965E+03    7.459411E-04
   5.558466E+03    1.273565E+03    7.459411E-04


   5.559466E+03    1.273565E+03    2.740123E-04
   5.560466E+03    1.272965E+03    2.740123E-04
   5.560466E+03    1.273565E+03    2.740123E-04
   5.559466E+03    1.273565E+03    2.740123E-04


   5.559466E+03    1.273565E+03    1.909456E-04
   5.559466E+03    1.272965E+03    1.909456E-04
   5.560466E+03    1.272965E+03    1.909456E-04
   5.559466E+03    1.273565E+03    1.909456E-04


   5.560466E+03    1.273565E+03    7.255965E-04
   5.561466E+03    1.272965E+03    7.255965E-04
   5.561466E+03    1.273565E+03    7.255965E-04
   5.560466E+03    1.273565E+03    7.255965E-04


   5.560466E+03    1.273565E+03    7.690664E-05
   5.560466E+03    1.272965E+03    7.690664E-05
   5.561466E+03    1.272965E+03    7.690664E-05
   5.560466E+03    1.273565E+03    7.690664E-05


   5.555466E+03    1.273565E+03    2.404526E-03
   5.556466E+03    1.272965E+03    2.404526E-03
   5.556466E+03    1.273565E+03    2.404526E-03
   5.555466E+03    1.273565E+03    2.404526E-03


   5.555466E+03    1.273565E+03    3.412763E-03
   5.555466E+03    1.272965E+03    3.412763E-03
   5.556466E+03    1.272965E+03    3.412763E-03
   5.555466E+03    1.273565E+03    3.412763E-03


   5.556466E+03    1.273565E+03    1.423140E-03
   5.557466E+03    1.272965E+03    1.423140E-03
   5.557466E+03    1.273565E+03    1.423140E-03
   5.556466E+03    1.273565E+03    1.423140E-03


   5.556466E+03    1.273565E+03    2.581828E-03
   5.556466E+03    1.272965E+03    2.581828E-03
   5.557466E+03    1.272965E+03    2.581828E-03
   5.556466E+03    1.273565E+03    2.581828E-03


   5.566266E+03    1.272965E+03   -3.447696E-03
   5.566266E+03    1.273565E+03   -3.447696E-03
   5.564666E+03    1.273565E+03   -3.447696E-03
   5.566266E+03    1.272965E+03   -3.447696E-03


   5.564666E+03    1.272965E+03   -2.029326E-03
   5.566266E+03    1.272965E+03   -2.029326E-03
   5.564666E+03    1.273565E+03   -2.029326E-03
   5.564666E+03    1.272965E+03   -2.029326E-03


   5.564666E+03    1.272965E+03   -2.134536E-03
   5.564666E+03    1.273565E+03   -2.134536E-03
   5.563066E+03    1.273565E+03   -2.134536E-03
   5.564666E+03    1.272965E+03   -2.134536E-03


   5.563066E+03    1.272965E+03   -7.402552E-04
   5.564666E+03    1.272965E+03   -7.402552E-04
   5.563066E+03    1.273565E+03   -7.402552E-04
   5.563066E+03    1.272965E+03   -7.402552E-04


   5.563066E+03    1.272965E+03   -7.785321E-04
   5.563066E+03    1.273565E+03   -7.785321E-04
   5.561466E+03    1.273565E+03   -7.785321E-04
   5.563066E+03    1.272965E+03   -7.785321E-04


   5.561466E+03    1.272965E+03    4.677761E-04
   5.563066E+03    1.272965E+03    4.677761E-04
   5.561466E+03    1.273565E+03    4.677761E-04
   5.561466E+03    1.272965E+03    4.677761E-04


   5.557466E+03    1.273565E+03    3.484549E-04
   5.558466E+03    1.272965E+03    3.484549E-04
   5.558466E+03    1.273565E+03    3.484549E-04
   5.557466E+03    1.273565E+03    3.484549E-04


   5.557466E+03    1.273565E+03    1.686953E-03
   5.557466E+03    1.272965E+03    1.686953E-03
   5.558466E+03    1.272965E+03    1.686953E-03
   5.557466E+03    1.273565E+03    1.686953E-03


   5.558466E+03    1.272965E+03    3.243779E-04
   5.559466E+03    1.272365E+03    3.243779E-04
   5.559466E+03    1.272965E+03    3.243779E-04
   5.558466E+03    1.272965E+03    3.243779E-04


   5.558466E+03    1.272965E+03    1.441266E-03
   5.558466E+03    1.272365E+03    1.441266E-03
   5.559466E+03    1.272365E+03    1.441266E-03
   5.558466E+03    1.272965E+03    1.441266E-03


   5.559466E+03    1.272965E+03    5.407642E-04
   5.560466E+03    1.272365E+03    5.407642E-04
   5.560466E+03    1.272965E+03    5.407642E-04
   5.559466E+03    1.272965E+03    5.407642E-04


   5.559466E+03    1.272965E+03    1.331342E-04
   5.559466E+03    1.272365E+03    1.331342E-04
   5.560466E+03    1.272365E+03    1.331342E-04
   5.559466E+03    1.272965E+03    1.331342E-04


   5.560466E+03    1.272965E+03    1.356943E-04
   5.561466E+03    1.272365E+03    1.356943E-04
   5.561466E+03    1.272965E+03    1.356943E-04
   5.560466E+03    1.272965E+03    1.356943E-04


   5.560466E+03    1.272965E+03   -2.271190E-04
   5.560466E+03    1.272365E+03   -2.271190E-04
   5.561466E+03    1.272365E+03   -2.271190E-04
   5.560466E+03    1.272965E+03   -2.271190E-04


   5.555466E+03    1.272965E+03    2.419537E-03
   5.556466E+03    1.272365E+03    2.419537E-03
   5.556466E+03    1.272965E+03    2.419537E-03
   5.555466E+03    1.272965E+03    2.419537E-03


   5.555466E+03    1.272965E+03    3.476622E-03
   5.555466E+03    1.272365E+03    3.476622E-03
   5.556466E+03    1.272365E+03    3.476622E-03
   5.555466E+03    1.272965E+03    3.476622E-03


   5.556466E+03    1.272965E+03    1.380813E-03
   5.557466E+03    1.272365E+03    1.380813E-03
   5.557466E+03    1.272965E+03    1.380813E-03
   5.556466E+03    1.272965E+03    1.380813E-03


   5.556466E+03    1.272965E+03    2.666770E-03
   5.556466E+03    1.272365E+03    2.666770E-03
   5.557466E+03    1.272365E+03    2.666770E-03
   5.556466E+03    1.272965E+03    2.666770E-03


   5.556466E+03    1.269365E+03    3.110226E-03
   5.556466E+03    1.270365E+03    3.110226E-03
   5.555466E+03    1.270365E+03    3.110226E-03
   5.556466E+03    1.269365E+03    3.110226E-03


   5.556466E+03    1.269365E+03    5.686792E-03
   5.555466E+03    1.270365E+03    5.686792E-03
   5.555466E+03    1.269365E+03    5.686792E-03
   5.556466E+03    1.269365E+03    5.686792E-03


   5.556466E+03    1.270365E+03    3.034026E-03
   5.556466E+03    1.271365E+03    3.034026E-03
   5.555466E+03    1.271365E+03    3.034026E-03
   5.556466E+03    1.270365E+03    3.034026E-03


   5.556466E+03    1.270365E+03    4.592853E-03
   5.555466E+03    1.271365E+03    4.592853E-03
   5.555466E+03    1.270365E+03    4.592853E-03
   5.556466E+03    1.270365E+03    4.592853E-03


   5.556466E+03    1.271365E+03    2.741237E-03
   5.556466E+03    1.272365E+03    2.741237E-03
   5.555466E+03    1.272365E+03    2.741237E-03
   5.556466E+03    1.271365E+03    2.741237E-03


   5.556466E+03    1.271365E+03    3.794820E-03
   5.555466E+03    1.272365E+03    3.794820E-03
   5.555466E+03    1.271365E+03    3.794820E-03
   5.556466E+03    1.271365E+03    3.794820E-03


   5.557466E+03    1.269365E+03    1.556485E-03
   5.557466E+03    1.270365E+03    1.556485E-03
   5.556466E+03    1.270365E+03    1.556485E-03
   5.557466E+03    1.269365E+03    1.556485E-03


   5.557466E+03    1.269365E+03    3.390905E-03
   5.556466E+03    1.270365E+03    3.390905E-03
   5.556466E+03    1.269365E+03    3.390905E-03
   5.557466E+03    1.269365E+03    3.390905E-03


   5.557466E+03    1.270365E+03    1.740104E-03
   5.557466E+03    1.271365E+03    1.740104E-03
   5.556466E+03    1.271365E+03    1.740104E-03
   5.557466E+03    1.270365E+03    1.740104E-03


   5.557466E+03    1.270365E+03    3.182489E-03
   5.556466E+03    1.271365E+03    3.182489E-03
   5.556466E+03    1.270365E+03    3.182489E-03
   5.557466E+03    1.270365E+03    3.182489E-03


   5.557466E+03    1.271365E+03    1.830850E-03
   5.557466E+03    1.272365E+03    1.830850E-03
   5.556466E+03    1.272365E+03    1.830850E-03
   5.557466E+03    1.271365E+03    1.830850E-03


   5.557466E+03    1.271365E+03    2.857522E-03
   5.556466E+03    1.272365E+03    2.857522E-03
   5.556466E+03    1.271365E+03    2.857522E-03
   5.557466E+03    1.271365E+03    2.857522E-03


   5.558466E+03    1.269365E+03   -4.680055E-04
   5.558466E+03    1.270365E+03   -4.680055E-04
   5.557466E+03    1.270365E+03   -4.680055E-04
   5.558466E+03    1.269365E+03   -4.680055E-04


   5.558466E+03    1.269365E+03    1.692120E-03
   5.557466E+03    1.270365E+03    1.692120E-03
   5.557466E+03    1.269365E+03    1.692120E-03
   5.558466E+03    1.269365E+03    1.692120E-03


   5.558466E+03    1.270365E+03    5.605054E-04
   5.558466E+03    1.271365E+03    5.605054E-04
   5.557466E+03    1.271365E+03    5.605054E-04
   5.558466E+03    1.270365E+03    5.605054E-04


   5.558466E+03    1.270365E+03    1.850749E-03
   5.557466E+03    1.271365E+03    1.850749E-03
   5.557466E+03    1.270365E+03    1.850749E-03
   5.558466E+03    1.270365E+03    1.850749E-03


   5.564666E+03    1.272365E+03   -3.963817E-03
   5.566266E+03    1.271365E+03   -3.963817E-03
   5.566266E+03    1.272365E+03   -3.963817E-03
   5.564666E+03    1.272365E+03   -3.963817E-03


   5.564666E+03    1.272365E+03   -2.167304E-03
   5.564666E+03    1.271365E+03   -2.167304E-03
   5.566266E+03    1.271365E+03   -2.167304E-03
   5.564666E+03    1.272365E+03   -2.167304E-03


   5.563066E+03    1.272365E+03   -2.413365E-03
   5.564666E+03    1.271365E+03   -2.413365E-03
   5.564666E+03    1.272365E+03   -2.413365E-03
   5.563066E+03    1.272365E+03   -2.413365E-03


   5.563066E+03    1.272365E+03   -4.511434E-04
   5.563066E+03    1.271365E+03   -4.511434E-04
   5.564666E+03    1.271365E+03   -4.511434E-04
   5.563066E+03    1.272365E+03   -4.511434E-04


   5.561466E+03    1.272365E+03   -7.581103E-04
   5.563066E+03    1.271365E+03   -7.581103E-04
   5.563066E+03    1.272365E+03   -7.581103E-04
   5.561466E+03    1.272365E+03   -7.581103E-04


   5.561466E+03    1.272365E+03    4.622333E-04
   5.561466E+03    1.271365E+03    4.622333E-04
   5.563066E+03    1.271365E+03    4.622333E-04
   5.561466E+03    1.272365E+03    4.622333E-04


   5.564666E+03    1.271365E+03   -4.595567E-03
   5.566266E+03    1.270365E+03   -4.595567E-03
   5.566266E+03    1.271365E+03   -4.595567E-03
   5.564666E+03    1.271365E+03   -4.595567E-03


   5.564666E+03    1.271365E+03   -2.384271E-03
   5.564666E+03    1.270365E+03   -2.384271E-03
   5.566266E+03    1.270365E+03   -2.384271E-03
   5.564666E+03    1.271365E+03   -2.384271E-03


   5.563066E+03    1.271365E+03   -2.608734E-03
   5.564666E+03    1.270365E+03   -2.608734E-03
   5.564666E+03    1.271365E+03   -2.608734E-03
   5.563066E+03    1.271365E+03   -2.608734E-03


   5.563066E+03    1.271365E+03   -5.540918E-04
   5.563066E+03    1.270365E+03   -5.540918E-04
   5.564666E+03    1.270365E+03   -5.540918E-04
   5.563066E+03    1.271365E+03   -5.540918E-04


   5.561466E+03    1.271365E+03   -6.564082E-04
   5.563066E+03    1.270365E+03   -6.564082E-04
   5.563066E+03    1.271365E+03   -6.564082E-04
   5.561466E+03    1.271365E+03   -6.564082E-04


   5.561466E+03    1.271365E+03    1.498733E-03
   5.561466E+03    1.270365E+03    1.498733E-03
   5.563066E+03    1.270365E+03    1.498733E-03
   5.561466E+03    1.271365E+03    1.498733E-03


   5.566266E+03    1.272365E+03   -3.653809E-03
   5.566266E+03    1.272965E+03   -3.653809E-03
   5.564666E+03    1.272965E+03   -3.653809E-03
   5.566266E+03    1.272365E+03   -3.653809E-03


   5.564666E+03    1.272365E+03   -2.067134E-03
   5.566266E+03    1.272365E+03   -2.067134E-03
   5.564666E+03    1.272965E+03   -2.067134E-03
   5.564666E+03    1.272365E+03   -2.067134E-03


   5.564666E+03    1.272365E+03   -2.255597E-03
   5.564666E+03    1.272965E+03   -2.255597E-03
   5.563066E+03    1.272965E+03   -2.255597E-03
   5.564666E+03    1.272365E+03   -2.255597E-03


   5.563066E+03    1.272365E+03   -5.799100E-04
   5.564666E+03    1.272365E+03   -5.799100E-04
   5.563066E+03    1.272965E+03   -5.799100E-04
   5.563066E+03    1.272365E+03   -5.799100E-04


   5.564666E+03    1.270365E+03   -5.584672E-03
   5.566266E+03    1.269365E+03   -5.584672E-03
   5.566266E+03    1.270365E+03   -5.584672E-03
   5.564666E+03    1.270365E+03   -5.584672E-03


   5.564666E+03    1.270365E+03   -2.520435E-03
   5.564666E+03    1.269365E+03   -2.520435E-03
   5.566266E+03    1.269365E+03   -2.520435E-03
   5.564666E+03    1.270365E+03   -2.520435E-03


   5.563066E+03    1.270365E+03   -2.477218E-03
   5.564666E+03    1.269365E+03   -2.477218E-03
   5.564666E+03    1.270365E+03   -2.477218E-03
   5.563066E+03    1.270365E+03   -2.477218E-03


   5.563066E+03    1.270365E+03   -4.636706E-04
   5.563066E+03    1.269365E+03   -4.636706E-04
   5.564666E+03    1.269365E+03   -4.636706E-04
   5.563066E+03    1.270365E+03   -4.636706E-04


   5.561466E+03    1.270365E+03   -5.099770E-04
   5.563066E+03    1.269365E+03   -5.099770E-04
   5.563066E+03    1.270365E+03   -5.099770E-04
   5.561466E+03    1.270365E+03   -5.099770E-04


   5.561466E+03    1.270365E+03    2.251614E-03
   5.561466E+03    1.269365E+03    2.251614E-03
   5.563066E+03    1.269365E+03    2.251614E-03
   5.561466E+03    1.270365E+03    2.251614E-03


   5.563066E+03    1.272365E+03   -7.530863E-04
   5.563066E+03    1.272965E+03   -7.530863E-04
   5.561466E+03    1.272965E+03   -7.530863E-04
   5.563066E+03    1.272365E+03   -7.530863E-04


   5.561466E+03    1.272365E+03    1.051690E-04
   5.563066E+03    1.272365E+03    1.051690E-04
   5.561466E+03    1.272965E+03    1.051690E-04
   5.561466E+03    1.272365E+03    1.051690E-04


   5.557466E+03    1.272965E+03    7.869221E-04
   5.558466E+03    1.272365E+03    7.869221E-04
   5.558466E+03    1.272965E+03    7.869221E-04
   5.557466E+03    1.272965E+03    7.869221E-04


   5.557466E+03    1.272965E+03    1.724096E-03
   5.557466E+03    1.272365E+03    1.724096E-03
   5.558466E+03    1.272365E+03    1.724096E-03
   5.557466E+03    1.272965E+03    1.724096E-03


   5.558466E+03    1.271365E+03    1.879141E-03
   5.558466E+03    1.272365E+03    1.879141E-03
   5.557466E+03    1.272365E+03    1.879141E-03
   5.558466E+03    1.271365E+03    1.879141E-03


   5.558466E+03    1.271365E+03    1.842032E-03
   5.557466E+03    1.272365E+03    1.842032E-03
   5.557466E+03    1.271365E+03    1.842032E-03
   5.558466E+03    1.271365E+03    1.842032E-03


