   5.558466E+03    1.288565E+03   -6.657625E-04
   5.559466E+03    1.287965E+03   -6.657625E-04
   5.559466E+03    1.288565E+03   -6.657625E-04
   5.558466E+03    1.288565E+03   -6.657625E-04


   5.558466E+03    1.288565E+03   -1.814712E-04
   5.558466E+03    1.287965E+03   -1.814712E-04
   5.559466E+03    1.287965E+03   -1.814712E-04
   5.558466E+03    1.288565E+03   -1.814712E-04


   5.559466E+03    1.288565E+03    9.774511E-05
   5.560466E+03    1.287965E+03    9.774511E-05
   5.560466E+03    1.288565E+03    9.774511E-05
   5.559466E+03    1.288565E+03    9.774511E-05


   5.559466E+03    1.288565E+03    5.656204E-05
   5.559466E+03    1.287965E+03    5.656204E-05
   5.560466E+03    1.287965E+03    5.656204E-05
   5.559466E+03    1.288565E+03    5.656204E-05


   5.560466E+03    1.288565E+03    8.755439E-04
   5.561466E+03    1.287965E+03    8.755439E-04
   5.561466E+03    1.288565E+03    8.755439E-04
   5.560466E+03    1.288565E+03    8.755439E-04


   5.560466E+03    1.288565E+03    3.218624E-04
   5.560466E+03    1.287965E+03    3.218624E-04
   5.561466E+03    1.287965E+03    3.218624E-04
   5.560466E+03    1.288565E+03    3.218624E-04


   5.555466E+03    1.288565E+03   -1.596769E-04
   5.556466E+03    1.287965E+03   -1.596769E-04
   5.556466E+03    1.288565E+03   -1.596769E-04
   5.555466E+03    1.288565E+03   -1.596769E-04


   5.555466E+03    1.288565E+03   -8.280728E-05
   5.555466E+03    1.287965E+03   -8.280728E-05
   5.556466E+03    1.287965E+03   -8.280728E-05
   5.555466E+03    1.288565E+03   -8.280728E-05


   5.556466E+03    1.288565E+03   -5.279275E-04
   5.557466E+03    1.287965E+03   -5.279275E-04
   5.557466E+03    1.288565E+03   -5.279275E-04
   5.556466E+03    1.288565E+03   -5.279275E-04


   5.556466E+03    1.288565E+03   -2.440753E-04
   5.556466E+03    1.287965E+03   -2.440753E-04
   5.557466E+03    1.287965E+03   -2.440753E-04
   5.556466E+03    1.288565E+03   -2.440753E-04


   5.566266E+03    1.287965E+03    1.127913E-04
   5.566266E+03    1.288565E+03    1.127913E-04
   5.564666E+03    1.288565E+03    1.127913E-04
   5.566266E+03    1.287965E+03    1.127913E-04


   5.564666E+03    1.287965E+03    4.964502E-05
   5.566266E+03    1.287965E+03    4.964502E-05
   5.564666E+03    1.288565E+03    4.964502E-05
   5.564666E+03    1.287965E+03    4.964502E-05


   5.564666E+03    1.287965E+03    4.168184E-04
   5.564666E+03    1.288565E+03    4.168184E-04
   5.563066E+03    1.288565E+03    4.168184E-04
   5.564666E+03    1.287965E+03    4.168184E-04


   5.563066E+03    1.287965E+03    1.960221E-04
   5.564666E+03    1.287965E+03    1.960221E-04
   5.563066E+03    1.288565E+03    1.960221E-04
   5.563066E+03    1.287965E+03    1.960221E-04


   5.563066E+03    1.287965E+03    7.338579E-04
   5.563066E+03    1.288565E+03    7.338579E-04
   5.561466E+03    1.288565E+03    7.338579E-04
   5.563066E+03    1.287965E+03    7.338579E-04


   5.561466E+03    1.287965E+03    2.947938E-04
   5.563066E+03    1.287965E+03    2.947938E-04
   5.561466E+03    1.288565E+03    2.947938E-04
   5.561466E+03    1.287965E+03    2.947938E-04


   5.557466E+03    1.288565E+03   -9.106474E-04
   5.558466E+03    1.287965E+03   -9.106474E-04
   5.558466E+03    1.288565E+03   -9.106474E-04
   5.557466E+03    1.288565E+03   -9.106474E-04


   5.557466E+03    1.288565E+03   -4.040351E-04
   5.557466E+03    1.287965E+03   -4.040351E-04
   5.558466E+03    1.287965E+03   -4.040351E-04
   5.557466E+03    1.288565E+03   -4.040351E-04


   5.558466E+03    1.287965E+03   -2.226652E-04
   5.559466E+03    1.287365E+03   -2.226652E-04
   5.559466E+03    1.287965E+03   -2.226652E-04
   5.558466E+03    1.287965E+03   -2.226652E-04


   5.558466E+03    1.287965E+03    2.719431E-04
   5.558466E+03    1.287365E+03    2.719431E-04
   5.559466E+03    1.287365E+03    2.719431E-04
   5.558466E+03    1.287965E+03    2.719431E-04


   5.559466E+03    1.287965E+03    8.690005E-07
   5.560466E+03    1.287365E+03    8.690005E-07
   5.560466E+03    1.287965E+03    8.690005E-07
   5.559466E+03    1.287965E+03    8.690005E-07


   5.559466E+03    1.287965E+03   -2.747521E-05
   5.559466E+03    1.287365E+03   -2.747521E-05
   5.560466E+03    1.287365E+03   -2.747521E-05
   5.559466E+03    1.287965E+03   -2.747521E-05


   5.560466E+03    1.287965E+03    2.342088E-04
   5.561466E+03    1.287365E+03    2.342088E-04
   5.561466E+03    1.287965E+03    2.342088E-04
   5.560466E+03    1.287965E+03    2.342088E-04


   5.560466E+03    1.287965E+03   -1.847061E-04
   5.560466E+03    1.287365E+03   -1.847061E-04
   5.561466E+03    1.287365E+03   -1.847061E-04
   5.560466E+03    1.287965E+03   -1.847061E-04


   5.555466E+03    1.287965E+03   -8.399166E-05
   5.556466E+03    1.287365E+03   -8.399166E-05
   5.556466E+03    1.287965E+03   -8.399166E-05
   5.555466E+03    1.287965E+03   -8.399166E-05


   5.555466E+03    1.287965E+03   -3.435527E-05
   5.555466E+03    1.287365E+03   -3.435527E-05
   5.556466E+03    1.287365E+03   -3.435527E-05
   5.555466E+03    1.287965E+03   -3.435527E-05


   5.556466E+03    1.287965E+03   -2.205011E-04
   5.557466E+03    1.287365E+03   -2.205011E-04
   5.557466E+03    1.287965E+03   -2.205011E-04
   5.556466E+03    1.287965E+03   -2.205011E-04


   5.556466E+03    1.287965E+03   -6.888094E-06
   5.556466E+03    1.287365E+03   -6.888094E-06
   5.557466E+03    1.287365E+03   -6.888094E-06
   5.556466E+03    1.287965E+03   -6.888094E-06


   5.566266E+03    1.287365E+03    8.264636E-05
   5.566266E+03    1.287965E+03    8.264636E-05
   5.564666E+03    1.287965E+03    8.264636E-05
   5.566266E+03    1.287365E+03    8.264636E-05


   5.564666E+03    1.287365E+03    1.392562E-05
   5.566266E+03    1.287365E+03    1.392562E-05
   5.564666E+03    1.287965E+03    1.392562E-05
   5.564666E+03    1.287365E+03    1.392562E-05


   5.564666E+03    1.287365E+03    2.368191E-04
   5.564666E+03    1.287965E+03    2.368191E-04
   5.563066E+03    1.287965E+03    2.368191E-04
   5.564666E+03    1.287365E+03    2.368191E-04


   5.563066E+03    1.287365E+03    4.276774E-05
   5.564666E+03    1.287365E+03    4.276774E-05
   5.563066E+03    1.287965E+03    4.276774E-05
   5.563066E+03    1.287365E+03    4.276774E-05


   5.563066E+03    1.287365E+03    3.440745E-04
   5.563066E+03    1.287965E+03    3.440745E-04
   5.561466E+03    1.287965E+03    3.440745E-04
   5.563066E+03    1.287365E+03    3.440745E-04


   5.561466E+03    1.287365E+03   -9.304013E-05
   5.563066E+03    1.287365E+03   -9.304013E-05
   5.561466E+03    1.287965E+03   -9.304013E-05
   5.561466E+03    1.287365E+03   -9.304013E-05


   5.557466E+03    1.287965E+03   -3.169706E-04
   5.558466E+03    1.287365E+03   -3.169706E-04
   5.558466E+03    1.287965E+03   -3.169706E-04
   5.557466E+03    1.287965E+03   -3.169706E-04


   5.557466E+03    1.287965E+03   -2.962693E-05
   5.557466E+03    1.287365E+03   -2.962693E-05
   5.558466E+03    1.287365E+03   -2.962693E-05
   5.557466E+03    1.287965E+03   -2.962693E-05


   5.558466E+03    1.287365E+03    1.780469E-04
   5.559466E+03    1.286765E+03    1.780469E-04
   5.559466E+03    1.287365E+03    1.780469E-04
   5.558466E+03    1.287365E+03    1.780469E-04


   5.558466E+03    1.287365E+03    1.137333E-03
   5.558466E+03    1.286765E+03    1.137333E-03
   5.559466E+03    1.286765E+03    1.137333E-03
   5.558466E+03    1.287365E+03    1.137333E-03


   5.559466E+03    1.287365E+03   -1.109181E-05
   5.560466E+03    1.286765E+03   -1.109181E-05
   5.560466E+03    1.287365E+03   -1.109181E-05
   5.559466E+03    1.287365E+03   -1.109181E-05


   5.559466E+03    1.287365E+03    5.631713E-06
   5.559466E+03    1.286765E+03    5.631713E-06
   5.560466E+03    1.286765E+03    5.631713E-06
   5.559466E+03    1.287365E+03    5.631713E-06


   5.560466E+03    1.287365E+03   -3.325899E-04
   5.561466E+03    1.286765E+03   -3.325899E-04
   5.561466E+03    1.287365E+03   -3.325899E-04
   5.560466E+03    1.287365E+03   -3.325899E-04


   5.560466E+03    1.287365E+03   -1.187079E-03
   5.560466E+03    1.286765E+03   -1.187079E-03
   5.561466E+03    1.286765E+03   -1.187079E-03
   5.560466E+03    1.287365E+03   -1.187079E-03


   5.555466E+03    1.287365E+03   -5.727632E-06
   5.556466E+03    1.286765E+03   -5.727632E-06
   5.556466E+03    1.287365E+03   -5.727632E-06
   5.555466E+03    1.287365E+03   -5.727632E-06


   5.555466E+03    1.287365E+03   -1.924992E-05
   5.555466E+03    1.286765E+03   -1.924992E-05
   5.556466E+03    1.286765E+03   -1.924992E-05
   5.555466E+03    1.287365E+03   -1.924992E-05


   5.556466E+03    1.287365E+03    2.637138E-05
   5.557466E+03    1.286765E+03    2.637138E-05
   5.557466E+03    1.287365E+03    2.637138E-05
   5.556466E+03    1.287365E+03    2.637138E-05


   5.556466E+03    1.287365E+03    1.764714E-04
   5.556466E+03    1.286765E+03    1.764714E-04
   5.557466E+03    1.286765E+03    1.764714E-04
   5.556466E+03    1.287365E+03    1.764714E-04


   5.556466E+03    1.283765E+03    2.397542E-05
   5.556466E+03    1.284765E+03    2.397542E-05
   5.555466E+03    1.284765E+03    2.397542E-05
   5.556466E+03    1.283765E+03    2.397542E-05


   5.556466E+03    1.283765E+03   -1.291278E-04
   5.555466E+03    1.284765E+03   -1.291278E-04
   5.555466E+03    1.283765E+03   -1.291278E-04
   5.556466E+03    1.283765E+03   -1.291278E-04


   5.556466E+03    1.284765E+03    8.880270E-05
   5.556466E+03    1.285765E+03    8.880270E-05
   5.555466E+03    1.285765E+03    8.880270E-05
   5.556466E+03    1.284765E+03    8.880270E-05


   5.556466E+03    1.284765E+03   -1.102165E-04
   5.555466E+03    1.285765E+03   -1.102165E-04
   5.555466E+03    1.284765E+03   -1.102165E-04
   5.556466E+03    1.284765E+03   -1.102165E-04


   5.556466E+03    1.285765E+03    8.757929E-05
   5.556466E+03    1.286765E+03    8.757929E-05
   5.555466E+03    1.286765E+03    8.757929E-05
   5.556466E+03    1.285765E+03    8.757929E-05


   5.556466E+03    1.285765E+03   -5.325450E-05
   5.555466E+03    1.286765E+03   -5.325450E-05
   5.555466E+03    1.285765E+03   -5.325450E-05
   5.556466E+03    1.285765E+03   -5.325450E-05


   5.557466E+03    1.283765E+03   -9.189828E-05
   5.557466E+03    1.284765E+03   -9.189828E-05
   5.556466E+03    1.284765E+03   -9.189828E-05
   5.557466E+03    1.283765E+03   -9.189828E-05


   5.557466E+03    1.283765E+03   -4.656148E-04
   5.556466E+03    1.284765E+03   -4.656148E-04
   5.556466E+03    1.283765E+03   -4.656148E-04
   5.557466E+03    1.283765E+03   -4.656148E-04


   5.557466E+03    1.284765E+03    1.290228E-04
   5.557466E+03    1.285765E+03    1.290228E-04
   5.556466E+03    1.285765E+03    1.290228E-04
   5.557466E+03    1.284765E+03    1.290228E-04


   5.557466E+03    1.284765E+03   -2.148765E-04
   5.556466E+03    1.285765E+03   -2.148765E-04
   5.556466E+03    1.284765E+03   -2.148765E-04
   5.557466E+03    1.284765E+03   -2.148765E-04


   5.557466E+03    1.285765E+03    2.914523E-04
   5.557466E+03    1.286765E+03    2.914523E-04
   5.556466E+03    1.286765E+03    2.914523E-04
   5.557466E+03    1.285765E+03    2.914523E-04


   5.557466E+03    1.285765E+03    3.239307E-05
   5.556466E+03    1.286765E+03    3.239307E-05
   5.556466E+03    1.285765E+03    3.239307E-05
   5.557466E+03    1.285765E+03    3.239307E-05


   5.558466E+03    1.283765E+03   -1.415794E-04
   5.558466E+03    1.284765E+03   -1.415794E-04
   5.557466E+03    1.284765E+03   -1.415794E-04
   5.558466E+03    1.283765E+03   -1.415794E-04


   5.558466E+03    1.283765E+03   -9.790820E-04
   5.557466E+03    1.284765E+03   -9.790820E-04
   5.557466E+03    1.283765E+03   -9.790820E-04
   5.558466E+03    1.283765E+03   -9.790820E-04


   5.558466E+03    1.284765E+03    2.033035E-04
   5.558466E+03    1.285765E+03    2.033035E-04
   5.557466E+03    1.285765E+03    2.033035E-04
   5.558466E+03    1.284765E+03    2.033035E-04


   5.558466E+03    1.284765E+03   -1.965807E-05
   5.557466E+03    1.285765E+03   -1.965807E-05
   5.557466E+03    1.284765E+03   -1.965807E-05
   5.558466E+03    1.284765E+03   -1.965807E-05


   5.564666E+03    1.286765E+03    1.651665E-05
   5.566266E+03    1.285765E+03    1.651665E-05
   5.566266E+03    1.286765E+03    1.651665E-05
   5.564666E+03    1.286765E+03    1.651665E-05


   5.564666E+03    1.286765E+03   -1.430003E-06
   5.564666E+03    1.285765E+03   -1.430003E-06
   5.566266E+03    1.285765E+03   -1.430003E-06
   5.564666E+03    1.286765E+03   -1.430003E-06


   5.563066E+03    1.286765E+03   -5.652438E-05
   5.564666E+03    1.285765E+03   -5.652438E-05
   5.564666E+03    1.286765E+03   -5.652438E-05
   5.563066E+03    1.286765E+03   -5.652438E-05


   5.563066E+03    1.286765E+03   -2.391993E-05
   5.563066E+03    1.285765E+03   -2.391993E-05
   5.564666E+03    1.285765E+03   -2.391993E-05
   5.563066E+03    1.286765E+03   -2.391993E-05


   5.561466E+03    1.286765E+03   -3.316849E-04
   5.563066E+03    1.285765E+03   -3.316849E-04
   5.563066E+03    1.286765E+03   -3.316849E-04
   5.561466E+03    1.286765E+03   -3.316849E-04


   5.561466E+03    1.286765E+03   -1.500733E-04
   5.561466E+03    1.285765E+03   -1.500733E-04
   5.563066E+03    1.285765E+03   -1.500733E-04
   5.561466E+03    1.286765E+03   -1.500733E-04


   5.564666E+03    1.285765E+03    1.222681E-05
   5.566266E+03    1.284765E+03    1.222681E-05
   5.566266E+03    1.285765E+03    1.222681E-05
   5.564666E+03    1.285765E+03    1.222681E-05


   5.564666E+03    1.285765E+03    2.624537E-05
   5.564666E+03    1.284765E+03    2.624537E-05
   5.566266E+03    1.284765E+03    2.624537E-05
   5.564666E+03    1.285765E+03    2.624537E-05


   5.563066E+03    1.285765E+03   -4.664274E-05
   5.564666E+03    1.284765E+03   -4.664274E-05
   5.564666E+03    1.285765E+03   -4.664274E-05
   5.563066E+03    1.285765E+03   -4.664274E-05


   5.563066E+03    1.285765E+03    9.052867E-05
   5.563066E+03    1.284765E+03    9.052867E-05
   5.564666E+03    1.284765E+03    9.052867E-05
   5.563066E+03    1.285765E+03    9.052867E-05


   5.561466E+03    1.285765E+03    3.934527E-05
   5.563066E+03    1.284765E+03    3.934527E-05
   5.563066E+03    1.285765E+03    3.934527E-05
   5.561466E+03    1.285765E+03    3.934527E-05


   5.561466E+03    1.285765E+03    1.640051E-04
   5.561466E+03    1.284765E+03    1.640051E-04
   5.563066E+03    1.284765E+03    1.640051E-04
   5.561466E+03    1.285765E+03    1.640051E-04


   5.566266E+03    1.286765E+03    4.819193E-05
   5.566266E+03    1.287365E+03    4.819193E-05
   5.564666E+03    1.287365E+03    4.819193E-05
   5.566266E+03    1.286765E+03    4.819193E-05


   5.564666E+03    1.286765E+03   -1.135854E-05
   5.566266E+03    1.286765E+03   -1.135854E-05
   5.564666E+03    1.287365E+03   -1.135854E-05
   5.564666E+03    1.286765E+03   -1.135854E-05


   5.564666E+03    1.286765E+03    6.950656E-05
   5.564666E+03    1.287365E+03    6.950656E-05
   5.563066E+03    1.287365E+03    6.950656E-05
   5.564666E+03    1.286765E+03    6.950656E-05


   5.563066E+03    1.286765E+03   -6.110249E-05
   5.564666E+03    1.286765E+03   -6.110249E-05
   5.563066E+03    1.287365E+03   -6.110249E-05
   5.563066E+03    1.286765E+03   -6.110249E-05


   5.564666E+03    1.284765E+03    3.397050E-05
   5.566266E+03    1.283765E+03    3.397050E-05
   5.566266E+03    1.284765E+03    3.397050E-05
   5.564666E+03    1.284765E+03    3.397050E-05


   5.564666E+03    1.284765E+03    4.417311E-05
   5.564666E+03    1.283765E+03    4.417311E-05
   5.566266E+03    1.283765E+03    4.417311E-05
   5.564666E+03    1.284765E+03    4.417311E-05


   5.563066E+03    1.284765E+03    8.942382E-05
   5.564666E+03    1.283765E+03    8.942382E-05
   5.564666E+03    1.284765E+03    8.942382E-05
   5.563066E+03    1.284765E+03    8.942382E-05


   5.563066E+03    1.284765E+03    2.067571E-04
   5.563066E+03    1.283765E+03    2.067571E-04
   5.564666E+03    1.283765E+03    2.067571E-04
   5.563066E+03    1.284765E+03    2.067571E-04


   5.561466E+03    1.284765E+03    1.826922E-04
   5.563066E+03    1.283765E+03    1.826922E-04
   5.563066E+03    1.284765E+03    1.826922E-04
   5.561466E+03    1.284765E+03    1.826922E-04


   5.561466E+03    1.284765E+03    7.120139E-04
   5.561466E+03    1.283765E+03    7.120139E-04
   5.563066E+03    1.283765E+03    7.120139E-04
   5.561466E+03    1.284765E+03    7.120139E-04


   5.563066E+03    1.286765E+03   -5.976715E-06
   5.563066E+03    1.287365E+03   -5.976715E-06
   5.561466E+03    1.287365E+03   -5.976715E-06
   5.563066E+03    1.286765E+03   -5.976715E-06


   5.561466E+03    1.286765E+03   -4.621106E-04
   5.563066E+03    1.286765E+03   -4.621106E-04
   5.561466E+03    1.287365E+03   -4.621106E-04
   5.561466E+03    1.286765E+03   -4.621106E-04


   5.557466E+03    1.287365E+03    1.071397E-04
   5.558466E+03    1.286765E+03    1.071397E-04
   5.558466E+03    1.287365E+03    1.071397E-04
   5.557466E+03    1.287365E+03    1.071397E-04


   5.557466E+03    1.287365E+03    3.335610E-04
   5.557466E+03    1.286765E+03    3.335610E-04
   5.558466E+03    1.286765E+03    3.335610E-04
   5.557466E+03    1.287365E+03    3.335610E-04


   5.558466E+03    1.285765E+03    6.761264E-04
   5.558466E+03    1.286765E+03    6.761264E-04
   5.557466E+03    1.286765E+03    6.761264E-04
   5.558466E+03    1.285765E+03    6.761264E-04


   5.558466E+03    1.285765E+03    6.169763E-05
   5.557466E+03    1.286765E+03    6.169763E-05
   5.557466E+03    1.285765E+03    6.169763E-05
   5.558466E+03    1.285765E+03    6.169763E-05


   5.558466E+03    1.283765E+03   -2.095288E-03
   5.559466E+03    1.283165E+03   -2.095288E-03
   5.559466E+03    1.283765E+03   -2.095288E-03
   5.558466E+03    1.283765E+03   -2.095288E-03


   5.558466E+03    1.283765E+03   -5.628056E-04
   5.558466E+03    1.283165E+03   -5.628056E-04
   5.559466E+03    1.283165E+03   -5.628056E-04
   5.558466E+03    1.283765E+03   -5.628056E-04


   5.559466E+03    1.283765E+03   -3.449412E-06
   5.560466E+03    1.283165E+03   -3.449412E-06
   5.560466E+03    1.283765E+03   -3.449412E-06
   5.559466E+03    1.283765E+03   -3.449412E-06


   5.559466E+03    1.283765E+03   -4.168488E-05
   5.559466E+03    1.283165E+03   -4.168488E-05
   5.560466E+03    1.283165E+03   -4.168488E-05
   5.559466E+03    1.283765E+03   -4.168488E-05


   5.560466E+03    1.283765E+03    2.014827E-03
   5.561466E+03    1.283165E+03    2.014827E-03
   5.561466E+03    1.283765E+03    2.014827E-03
   5.560466E+03    1.283765E+03    2.014827E-03


   5.560466E+03    1.283765E+03    4.943580E-04
   5.560466E+03    1.283165E+03    4.943580E-04
   5.561466E+03    1.283165E+03    4.943580E-04
   5.560466E+03    1.283765E+03    4.943580E-04


   5.555466E+03    1.283765E+03   -7.915118E-05
   5.556466E+03    1.283165E+03   -7.915118E-05
   5.556466E+03    1.283765E+03   -7.915118E-05
   5.555466E+03    1.283765E+03   -7.915118E-05


   5.555466E+03    1.283765E+03   -6.901962E-05
   5.555466E+03    1.283165E+03   -6.901962E-05
   5.556466E+03    1.283165E+03   -6.901962E-05
   5.555466E+03    1.283765E+03   -6.901962E-05


   5.556466E+03    1.283765E+03   -4.071872E-04
   5.557466E+03    1.283165E+03   -4.071872E-04
   5.557466E+03    1.283765E+03   -4.071872E-04
   5.556466E+03    1.283765E+03   -4.071872E-04


   5.556466E+03    1.283765E+03   -2.153603E-04
   5.556466E+03    1.283165E+03   -2.153603E-04
   5.557466E+03    1.283165E+03   -2.153603E-04
   5.556466E+03    1.283765E+03   -2.153603E-04


   5.566266E+03    1.283165E+03    6.602810E-05
   5.566266E+03    1.283765E+03    6.602810E-05
   5.564666E+03    1.283765E+03    6.602810E-05
   5.566266E+03    1.283165E+03    6.602810E-05


   5.564666E+03    1.283165E+03    3.943997E-06
   5.566266E+03    1.283165E+03    3.943997E-06
   5.564666E+03    1.283765E+03    3.943997E-06
   5.564666E+03    1.283165E+03    3.943997E-06


   5.564666E+03    1.283165E+03    2.089077E-04
   5.564666E+03    1.283765E+03    2.089077E-04
   5.563066E+03    1.283765E+03    2.089077E-04
   5.564666E+03    1.283165E+03    2.089077E-04


   5.563066E+03    1.283165E+03    5.235972E-05
   5.564666E+03    1.283165E+03    5.235972E-05
   5.563066E+03    1.283765E+03    5.235972E-05
   5.563066E+03    1.283165E+03    5.235972E-05


   5.563066E+03    1.283165E+03    5.720863E-04
   5.563066E+03    1.283765E+03    5.720863E-04
   5.561466E+03    1.283765E+03    5.720863E-04
   5.563066E+03    1.283165E+03    5.720863E-04


   5.561466E+03    1.283165E+03    2.350227E-04
   5.563066E+03    1.283165E+03    2.350227E-04
   5.561466E+03    1.283765E+03    2.350227E-04
   5.561466E+03    1.283165E+03    2.350227E-04


   5.557466E+03    1.283765E+03   -1.118781E-03
   5.558466E+03    1.283165E+03   -1.118781E-03
   5.558466E+03    1.283765E+03   -1.118781E-03
   5.557466E+03    1.283765E+03   -1.118781E-03


   5.557466E+03    1.283765E+03   -4.315561E-04
   5.557466E+03    1.283165E+03   -4.315561E-04
   5.558466E+03    1.283165E+03   -4.315561E-04
   5.557466E+03    1.283765E+03   -4.315561E-04


   5.558466E+03    1.283165E+03   -5.357007E-04
   5.559466E+03    1.282565E+03   -5.357007E-04
   5.559466E+03    1.283165E+03   -5.357007E-04
   5.558466E+03    1.283165E+03   -5.357007E-04


   5.558466E+03    1.283165E+03    4.882428E-04
   5.558466E+03    1.282565E+03    4.882428E-04
   5.559466E+03    1.282565E+03    4.882428E-04
   5.558466E+03    1.283165E+03    4.882428E-04


   5.559466E+03    1.283165E+03   -1.542960E-04
   5.560466E+03    1.282565E+03   -1.542960E-04
   5.560466E+03    1.283165E+03   -1.542960E-04
   5.559466E+03    1.283165E+03   -1.542960E-04


   5.559466E+03    1.283165E+03   -1.633759E-04
   5.559466E+03    1.282565E+03   -1.633759E-04
   5.560466E+03    1.282565E+03   -1.633759E-04
   5.559466E+03    1.283165E+03   -1.633759E-04


   5.560466E+03    1.283165E+03    3.746225E-04
   5.561466E+03    1.282565E+03    3.746225E-04
   5.561466E+03    1.283165E+03    3.746225E-04
   5.560466E+03    1.283165E+03    3.746225E-04


   5.560466E+03    1.283165E+03   -5.311449E-04
   5.560466E+03    1.282565E+03   -5.311449E-04
   5.561466E+03    1.282565E+03   -5.311449E-04
   5.560466E+03    1.283165E+03   -5.311449E-04


   5.555466E+03    1.283165E+03   -5.054826E-05
   5.556466E+03    1.282565E+03   -5.054826E-05
   5.556466E+03    1.283165E+03   -5.054826E-05
   5.555466E+03    1.283165E+03   -5.054826E-05


   5.555466E+03    1.283165E+03   -9.853268E-06
   5.555466E+03    1.282565E+03   -9.853268E-06
   5.556466E+03    1.282565E+03   -9.853268E-06
   5.555466E+03    1.283165E+03   -9.853268E-06


   5.556466E+03    1.283165E+03   -1.987981E-04
   5.557466E+03    1.282565E+03   -1.987981E-04
   5.557466E+03    1.283165E+03   -1.987981E-04
   5.556466E+03    1.283165E+03   -1.987981E-04


   5.556466E+03    1.283165E+03    1.017971E-04
   5.556466E+03    1.282565E+03    1.017971E-04
   5.557466E+03    1.282565E+03    1.017971E-04
   5.556466E+03    1.283165E+03    1.017971E-04


   5.566266E+03    1.282565E+03    4.371045E-05
   5.566266E+03    1.283165E+03    4.371045E-05
   5.564666E+03    1.283165E+03    4.371045E-05
   5.566266E+03    1.282565E+03    4.371045E-05


   5.564666E+03    1.282565E+03   -1.082622E-05
   5.566266E+03    1.282565E+03   -1.082622E-05
   5.564666E+03    1.283165E+03   -1.082622E-05
   5.564666E+03    1.282565E+03   -1.082622E-05


   5.564666E+03    1.282565E+03    1.041252E-04
   5.564666E+03    1.283165E+03    1.041252E-04
   5.563066E+03    1.283165E+03    1.041252E-04
   5.564666E+03    1.282565E+03    1.041252E-04


   5.563066E+03    1.282565E+03   -7.908218E-05
   5.564666E+03    1.282565E+03   -7.908218E-05
   5.563066E+03    1.283165E+03   -7.908218E-05
   5.563066E+03    1.282565E+03   -7.908218E-05


   5.563066E+03    1.282565E+03    1.642373E-04
   5.563066E+03    1.283165E+03    1.642373E-04
   5.561466E+03    1.283165E+03    1.642373E-04
   5.563066E+03    1.282565E+03    1.642373E-04


   5.561466E+03    1.282565E+03   -3.178412E-04
   5.563066E+03    1.282565E+03   -3.178412E-04
   5.561466E+03    1.283165E+03   -3.178412E-04
   5.561466E+03    1.282565E+03   -3.178412E-04


   5.557466E+03    1.283165E+03   -4.565132E-04
   5.558466E+03    1.282565E+03   -4.565132E-04
   5.558466E+03    1.283165E+03   -4.565132E-04
   5.557466E+03    1.283165E+03   -4.565132E-04


   5.557466E+03    1.283165E+03    1.336900E-04
   5.557466E+03    1.282565E+03    1.336900E-04
   5.558466E+03    1.282565E+03    1.336900E-04
   5.557466E+03    1.283165E+03    1.336900E-04


   5.558466E+03    1.282565E+03    3.576750E-04
   5.559466E+03    1.281965E+03    3.576750E-04
   5.559466E+03    1.282565E+03    3.576750E-04
   5.558466E+03    1.282565E+03    3.576750E-04


   5.558466E+03    1.282565E+03    2.118821E-03
   5.558466E+03    1.281965E+03    2.118821E-03
   5.559466E+03    1.281965E+03    2.118821E-03
   5.558466E+03    1.282565E+03    2.118821E-03


   5.559466E+03    1.282565E+03   -9.531454E-05
   5.560466E+03    1.281965E+03   -9.531454E-05
   5.560466E+03    1.282565E+03   -9.531454E-05
   5.559466E+03    1.282565E+03   -9.531454E-05


   5.559466E+03    1.282565E+03   -5.323647E-05
   5.559466E+03    1.281965E+03   -5.323647E-05
   5.560466E+03    1.281965E+03   -5.323647E-05
   5.559466E+03    1.282565E+03   -5.323647E-05


   5.560466E+03    1.282565E+03   -7.587362E-04
   5.561466E+03    1.281965E+03   -7.587362E-04
   5.561466E+03    1.282565E+03   -7.587362E-04
   5.560466E+03    1.282565E+03   -7.587362E-04


   5.560466E+03    1.282565E+03   -2.386782E-03
   5.560466E+03    1.281965E+03   -2.386782E-03
   5.561466E+03    1.281965E+03   -2.386782E-03
   5.560466E+03    1.282565E+03   -2.386782E-03


   5.555466E+03    1.282565E+03    2.824068E-05
   5.556466E+03    1.281965E+03    2.824068E-05
   5.556466E+03    1.282565E+03    2.824068E-05
   5.555466E+03    1.282565E+03    2.824068E-05


   5.555466E+03    1.282565E+03    2.576356E-05
   5.555466E+03    1.281965E+03    2.576356E-05
   5.556466E+03    1.281965E+03    2.576356E-05
   5.555466E+03    1.282565E+03    2.576356E-05


   5.556466E+03    1.282565E+03    1.005644E-04
   5.557466E+03    1.281965E+03    1.005644E-04
   5.557466E+03    1.282565E+03    1.005644E-04
   5.556466E+03    1.282565E+03    1.005644E-04


   5.556466E+03    1.282565E+03    3.904760E-04
   5.556466E+03    1.281965E+03    3.904760E-04
   5.557466E+03    1.281965E+03    3.904760E-04
   5.556466E+03    1.282565E+03    3.904760E-04


   5.556466E+03    1.278965E+03    8.661293E-06
   5.556466E+03    1.279965E+03    8.661293E-06
   5.555466E+03    1.279965E+03    8.661293E-06
   5.556466E+03    1.278965E+03    8.661293E-06


   5.556466E+03    1.278965E+03   -1.326093E-04
   5.555466E+03    1.279965E+03   -1.326093E-04
   5.555466E+03    1.278965E+03   -1.326093E-04
   5.556466E+03    1.278965E+03   -1.326093E-04


   5.556466E+03    1.279965E+03    1.297590E-04
   5.556466E+03    1.280965E+03    1.297590E-04
   5.555466E+03    1.280965E+03    1.297590E-04
   5.556466E+03    1.279965E+03    1.297590E-04


   5.556466E+03    1.279965E+03   -1.036093E-04
   5.555466E+03    1.280965E+03   -1.036093E-04
   5.555466E+03    1.279965E+03   -1.036093E-04
   5.556466E+03    1.279965E+03   -1.036093E-04


   5.556466E+03    1.280965E+03    1.623499E-04
   5.556466E+03    1.281965E+03    1.623499E-04
   5.555466E+03    1.281965E+03    1.623499E-04
   5.556466E+03    1.280965E+03    1.623499E-04


   5.556466E+03    1.280965E+03   -3.182058E-05
   5.555466E+03    1.281965E+03   -3.182058E-05
   5.555466E+03    1.280965E+03   -3.182058E-05
   5.556466E+03    1.280965E+03   -3.182058E-05


   5.557466E+03    1.278965E+03   -1.577934E-04
   5.557466E+03    1.279965E+03   -1.577934E-04
   5.556466E+03    1.279965E+03   -1.577934E-04
   5.557466E+03    1.278965E+03   -1.577934E-04


   5.557466E+03    1.278965E+03   -5.773827E-04
   5.556466E+03    1.279965E+03   -5.773827E-04
   5.556466E+03    1.278965E+03   -5.773827E-04
   5.557466E+03    1.278965E+03   -5.773827E-04


   5.557466E+03    1.279965E+03    1.930507E-04
   5.557466E+03    1.280965E+03    1.930507E-04
   5.556466E+03    1.280965E+03    1.930507E-04
   5.557466E+03    1.279965E+03    1.930507E-04


   5.557466E+03    1.279965E+03   -2.359521E-04
   5.556466E+03    1.280965E+03   -2.359521E-04
   5.556466E+03    1.279965E+03   -2.359521E-04
   5.557466E+03    1.279965E+03   -2.359521E-04


   5.557466E+03    1.280965E+03    5.096246E-04
   5.557466E+03    1.281965E+03    5.096246E-04
   5.556466E+03    1.281965E+03    5.096246E-04
   5.557466E+03    1.280965E+03    5.096246E-04


   5.557466E+03    1.280965E+03    1.216798E-04
   5.556466E+03    1.281965E+03    1.216798E-04
   5.556466E+03    1.280965E+03    1.216798E-04
   5.557466E+03    1.280965E+03    1.216798E-04


   5.558466E+03    1.278965E+03   -2.470996E-04
   5.558466E+03    1.279965E+03   -2.470996E-04
   5.557466E+03    1.279965E+03   -2.470996E-04
   5.558466E+03    1.278965E+03   -2.470996E-04


   5.558466E+03    1.278965E+03   -1.284611E-03
   5.557466E+03    1.279965E+03   -1.284611E-03
   5.557466E+03    1.278965E+03   -1.284611E-03
   5.558466E+03    1.278965E+03   -1.284611E-03


   5.558466E+03    1.279965E+03    2.877127E-04
   5.558466E+03    1.280965E+03    2.877127E-04
   5.557466E+03    1.280965E+03    2.877127E-04
   5.558466E+03    1.279965E+03    2.877127E-04


   5.558466E+03    1.279965E+03    5.052315E-05
   5.557466E+03    1.280965E+03    5.052315E-05
   5.557466E+03    1.279965E+03    5.052315E-05
   5.558466E+03    1.279965E+03    5.052315E-05


   5.564666E+03    1.281965E+03   -3.520882E-05
   5.566266E+03    1.280965E+03   -3.520882E-05
   5.566266E+03    1.281965E+03   -3.520882E-05
   5.564666E+03    1.281965E+03   -3.520882E-05


   5.564666E+03    1.281965E+03    5.278772E-05
   5.564666E+03    1.280965E+03    5.278772E-05
   5.566266E+03    1.280965E+03    5.278772E-05
   5.564666E+03    1.281965E+03    5.278772E-05


   5.563066E+03    1.281965E+03   -2.242897E-04
   5.564666E+03    1.280965E+03   -2.242897E-04
   5.564666E+03    1.281965E+03   -2.242897E-04
   5.563066E+03    1.281965E+03   -2.242897E-04


   5.563066E+03    1.281965E+03   -2.826034E-05
   5.563066E+03    1.280965E+03   -2.826034E-05
   5.564666E+03    1.280965E+03   -2.826034E-05
   5.563066E+03    1.281965E+03   -2.826034E-05


   5.561466E+03    1.281965E+03   -7.769016E-04
   5.563066E+03    1.280965E+03   -7.769016E-04
   5.563066E+03    1.281965E+03   -7.769016E-04
   5.561466E+03    1.281965E+03   -7.769016E-04


   5.561466E+03    1.281965E+03   -2.250376E-04
   5.561466E+03    1.280965E+03   -2.250376E-04
   5.563066E+03    1.280965E+03   -2.250376E-04
   5.561466E+03    1.281965E+03   -2.250376E-04


   5.564666E+03    1.280965E+03   -4.874538E-05
   5.566266E+03    1.279965E+03   -4.874538E-05
   5.566266E+03    1.280965E+03   -4.874538E-05
   5.564666E+03    1.280965E+03   -4.874538E-05


   5.564666E+03    1.280965E+03    1.123840E-04
   5.564666E+03    1.279965E+03    1.123840E-04
   5.566266E+03    1.279965E+03    1.123840E-04
   5.564666E+03    1.280965E+03    1.123840E-04


   5.563066E+03    1.280965E+03   -1.573194E-04
   5.564666E+03    1.279965E+03   -1.573194E-04
   5.564666E+03    1.280965E+03   -1.573194E-04
   5.563066E+03    1.280965E+03   -1.573194E-04


   5.563066E+03    1.280965E+03    1.781147E-04
   5.563066E+03    1.279965E+03    1.781147E-04
   5.564666E+03    1.279965E+03    1.781147E-04
   5.563066E+03    1.280965E+03    1.781147E-04


   5.561466E+03    1.280965E+03   -3.912337E-05
   5.563066E+03    1.279965E+03   -3.912337E-05
   5.563066E+03    1.280965E+03   -3.912337E-05
   5.561466E+03    1.280965E+03   -3.912337E-05


   5.561466E+03    1.280965E+03    3.005019E-04
   5.561466E+03    1.279965E+03    3.005019E-04
   5.563066E+03    1.279965E+03    3.005019E-04
   5.561466E+03    1.280965E+03    3.005019E-04


   5.566266E+03    1.281965E+03    1.103319E-05
   5.566266E+03    1.282565E+03    1.103319E-05
   5.564666E+03    1.282565E+03    1.103319E-05
   5.566266E+03    1.281965E+03    1.103319E-05


   5.564666E+03    1.281965E+03   -7.583792E-06
   5.566266E+03    1.281965E+03   -7.583792E-06
   5.564666E+03    1.282565E+03   -7.583792E-06
   5.564666E+03    1.281965E+03   -7.583792E-06


   5.564666E+03    1.281965E+03   -6.804829E-05
   5.564666E+03    1.282565E+03   -6.804829E-05
   5.563066E+03    1.282565E+03   -6.804829E-05
   5.564666E+03    1.281965E+03   -6.804829E-05


   5.563066E+03    1.281965E+03   -1.718871E-04
   5.564666E+03    1.281965E+03   -1.718871E-04
   5.563066E+03    1.282565E+03   -1.718871E-04
   5.563066E+03    1.281965E+03   -1.718871E-04


   5.564666E+03    1.279965E+03   -3.358216E-05
   5.566266E+03    1.278965E+03   -3.358216E-05
   5.566266E+03    1.279965E+03   -3.358216E-05
   5.564666E+03    1.279965E+03   -3.358216E-05


   5.564666E+03    1.279965E+03    1.348585E-04
   5.564666E+03    1.278965E+03    1.348585E-04
   5.566266E+03    1.278965E+03    1.348585E-04
   5.564666E+03    1.279965E+03    1.348585E-04


   5.563066E+03    1.279965E+03    6.326848E-05
   5.564666E+03    1.278965E+03    6.326848E-05
   5.564666E+03    1.279965E+03    6.326848E-05
   5.563066E+03    1.279965E+03    6.326848E-05


   5.563066E+03    1.279965E+03    3.634583E-04
   5.563066E+03    1.278965E+03    3.634583E-04
   5.564666E+03    1.278965E+03    3.634583E-04
   5.563066E+03    1.279965E+03    3.634583E-04


   5.561466E+03    1.279965E+03    1.905236E-04
   5.563066E+03    1.278965E+03    1.905236E-04
   5.563066E+03    1.279965E+03    1.905236E-04
   5.561466E+03    1.279965E+03    1.905236E-04


   5.561466E+03    1.279965E+03    1.086242E-03
   5.561466E+03    1.278965E+03    1.086242E-03
   5.563066E+03    1.278965E+03    1.086242E-03
   5.561466E+03    1.279965E+03    1.086242E-03


   5.563066E+03    1.281965E+03   -3.198276E-04
   5.563066E+03    1.282565E+03   -3.198276E-04
   5.561466E+03    1.282565E+03   -3.198276E-04
   5.563066E+03    1.281965E+03   -3.198276E-04


   5.561466E+03    1.281965E+03   -8.740520E-04
   5.563066E+03    1.281965E+03   -8.740520E-04
   5.561466E+03    1.282565E+03   -8.740520E-04
   5.561466E+03    1.281965E+03   -8.740520E-04


   5.557466E+03    1.282565E+03    2.137497E-04
   5.558466E+03    1.281965E+03    2.137497E-04
   5.558466E+03    1.282565E+03    2.137497E-04
   5.557466E+03    1.282565E+03    2.137497E-04


   5.557466E+03    1.282565E+03    7.393106E-04
   5.557466E+03    1.281965E+03    7.393106E-04
   5.558466E+03    1.281965E+03    7.393106E-04
   5.557466E+03    1.282565E+03    7.393106E-04


   5.558466E+03    1.280965E+03    1.184779E-03
   5.558466E+03    1.281965E+03    1.184779E-03
   5.557466E+03    1.281965E+03    1.184779E-03
   5.558466E+03    1.280965E+03    1.184779E-03


   5.558466E+03    1.280965E+03    1.828344E-04
   5.557466E+03    1.281965E+03    1.828344E-04
   5.557466E+03    1.280965E+03    1.828344E-04
   5.558466E+03    1.280965E+03    1.828344E-04


   5.558466E+03    1.278965E+03   -2.835657E-03
   5.559466E+03    1.278365E+03   -2.835657E-03
   5.559466E+03    1.278965E+03   -2.835657E-03
   5.558466E+03    1.278965E+03   -2.835657E-03


   5.558466E+03    1.278965E+03   -7.121375E-04
   5.558466E+03    1.278365E+03   -7.121375E-04
   5.559466E+03    1.278365E+03   -7.121375E-04
   5.558466E+03    1.278965E+03   -7.121375E-04


   5.559466E+03    1.278965E+03    3.777710E-05
   5.560466E+03    1.278365E+03    3.777710E-05
   5.560466E+03    1.278965E+03    3.777710E-05
   5.559466E+03    1.278965E+03    3.777710E-05


   5.559466E+03    1.278965E+03   -1.077938E-05
   5.559466E+03    1.278365E+03   -1.077938E-05
   5.560466E+03    1.278365E+03   -1.077938E-05
   5.559466E+03    1.278965E+03   -1.077938E-05


   5.560466E+03    1.278965E+03    2.843618E-03
   5.561466E+03    1.278365E+03    2.843618E-03
   5.561466E+03    1.278965E+03    2.843618E-03
   5.560466E+03    1.278965E+03    2.843618E-03


   5.560466E+03    1.278965E+03    6.430773E-04
   5.560466E+03    1.278365E+03    6.430773E-04
   5.561466E+03    1.278365E+03    6.430773E-04
   5.560466E+03    1.278965E+03    6.430773E-04


   5.555466E+03    1.278965E+03   -1.681816E-04
   5.556466E+03    1.278365E+03   -1.681816E-04
   5.556466E+03    1.278965E+03   -1.681816E-04
   5.555466E+03    1.278965E+03   -1.681816E-04


   5.555466E+03    1.278965E+03   -1.750551E-05
   5.555466E+03    1.278365E+03   -1.750551E-05
   5.556466E+03    1.278365E+03   -1.750551E-05
   5.555466E+03    1.278965E+03   -1.750551E-05


   5.556466E+03    1.278965E+03   -6.147312E-04
   5.557466E+03    1.278365E+03   -6.147312E-04
   5.557466E+03    1.278965E+03   -6.147312E-04
   5.556466E+03    1.278965E+03   -6.147312E-04


   5.556466E+03    1.278965E+03   -2.093458E-04
   5.556466E+03    1.278365E+03   -2.093458E-04
   5.557466E+03    1.278365E+03   -2.093458E-04
   5.556466E+03    1.278965E+03   -2.093458E-04


   5.566266E+03    1.278365E+03   -1.667093E-05
   5.566266E+03    1.278965E+03   -1.667093E-05
   5.564666E+03    1.278965E+03   -1.667093E-05
   5.566266E+03    1.278365E+03   -1.667093E-05


   5.564666E+03    1.278365E+03    9.505826E-05
   5.566266E+03    1.278365E+03    9.505826E-05
   5.564666E+03    1.278965E+03    9.505826E-05
   5.564666E+03    1.278365E+03    9.505826E-05


   5.564666E+03    1.278365E+03    2.260157E-04
   5.564666E+03    1.278965E+03    2.260157E-04
   5.563066E+03    1.278965E+03    2.260157E-04
   5.564666E+03    1.278365E+03    2.260157E-04


   5.563066E+03    1.278365E+03    1.526831E-04
   5.564666E+03    1.278365E+03    1.526831E-04
   5.563066E+03    1.278965E+03    1.526831E-04
   5.563066E+03    1.278365E+03    1.526831E-04


   5.563066E+03    1.278365E+03    7.166109E-04
   5.563066E+03    1.278965E+03    7.166109E-04
   5.561466E+03    1.278965E+03    7.166109E-04
   5.563066E+03    1.278365E+03    7.166109E-04


   5.561466E+03    1.278365E+03    3.812773E-04
   5.563066E+03    1.278365E+03    3.812773E-04
   5.561466E+03    1.278965E+03    3.812773E-04
   5.561466E+03    1.278365E+03    3.812773E-04


   5.557466E+03    1.278965E+03   -1.616670E-03
   5.558466E+03    1.278365E+03   -1.616670E-03
   5.558466E+03    1.278965E+03   -1.616670E-03
   5.557466E+03    1.278965E+03   -1.616670E-03


   5.557466E+03    1.278965E+03   -4.761858E-04
   5.557466E+03    1.278365E+03   -4.761858E-04
   5.558466E+03    1.278365E+03   -4.761858E-04
   5.557466E+03    1.278965E+03   -4.761858E-04


   5.558466E+03    1.278365E+03   -6.695135E-04
   5.559466E+03    1.277765E+03   -6.695135E-04
   5.559466E+03    1.278365E+03   -6.695135E-04
   5.558466E+03    1.278365E+03   -6.695135E-04


   5.558466E+03    1.278365E+03    6.794334E-04
   5.558466E+03    1.277765E+03    6.794334E-04
   5.559466E+03    1.277765E+03    6.794334E-04
   5.558466E+03    1.278365E+03    6.794334E-04


   5.559466E+03    1.278365E+03   -1.424718E-04
   5.560466E+03    1.277765E+03   -1.424718E-04
   5.560466E+03    1.278365E+03   -1.424718E-04
   5.559466E+03    1.278365E+03   -1.424718E-04


   5.559466E+03    1.278365E+03   -1.710193E-04
   5.559466E+03    1.277765E+03   -1.710193E-04
   5.560466E+03    1.277765E+03   -1.710193E-04
   5.559466E+03    1.278365E+03   -1.710193E-04


   5.560466E+03    1.278365E+03    5.799108E-04
   5.561466E+03    1.277765E+03    5.799108E-04
   5.561466E+03    1.278365E+03    5.799108E-04
   5.560466E+03    1.278365E+03    5.799108E-04


   5.560466E+03    1.278365E+03   -7.098762E-04
   5.560466E+03    1.277765E+03   -7.098762E-04
   5.561466E+03    1.277765E+03   -7.098762E-04
   5.560466E+03    1.278365E+03   -7.098762E-04


   5.555466E+03    1.278365E+03   -1.261358E-04
   5.556466E+03    1.277765E+03   -1.261358E-04
   5.556466E+03    1.278365E+03   -1.261358E-04
   5.555466E+03    1.278365E+03   -1.261358E-04


   5.555466E+03    1.278365E+03    7.197509E-05
   5.555466E+03    1.277765E+03    7.197509E-05
   5.556466E+03    1.277765E+03    7.197509E-05
   5.555466E+03    1.278365E+03    7.197509E-05


   5.556466E+03    1.278365E+03   -3.173529E-04
   5.557466E+03    1.277765E+03   -3.173529E-04
   5.557466E+03    1.278365E+03   -3.173529E-04
   5.556466E+03    1.278365E+03   -3.173529E-04


   5.556466E+03    1.278365E+03    2.215358E-04
   5.556466E+03    1.277765E+03    2.215358E-04
   5.557466E+03    1.277765E+03    2.215358E-04
   5.556466E+03    1.278365E+03    2.215358E-04


   5.566266E+03    1.277765E+03   -4.152194E-05
   5.566266E+03    1.278365E+03   -4.152194E-05
   5.564666E+03    1.278365E+03   -4.152194E-05
   5.566266E+03    1.277765E+03   -4.152194E-05


   5.564666E+03    1.277765E+03    8.921243E-05
   5.566266E+03    1.277765E+03    8.921243E-05
   5.564666E+03    1.278365E+03    8.921243E-05
   5.564666E+03    1.277765E+03    8.921243E-05


   5.564666E+03    1.277765E+03    6.697475E-05
   5.564666E+03    1.278365E+03    6.697475E-05
   5.563066E+03    1.278365E+03    6.697475E-05
   5.564666E+03    1.277765E+03    6.697475E-05


   5.563066E+03    1.277765E+03   -1.588181E-05
   5.564666E+03    1.277765E+03   -1.588181E-05
   5.563066E+03    1.278365E+03   -1.588181E-05
   5.563066E+03    1.277765E+03   -1.588181E-05


   5.563066E+03    1.277765E+03    1.478499E-04
   5.563066E+03    1.278365E+03    1.478499E-04
   5.561466E+03    1.278365E+03    1.478499E-04
   5.563066E+03    1.277765E+03    1.478499E-04


   5.561466E+03    1.277765E+03   -3.443546E-04
   5.563066E+03    1.277765E+03   -3.443546E-04
   5.561466E+03    1.278365E+03   -3.443546E-04
   5.561466E+03    1.277765E+03   -3.443546E-04


   5.557466E+03    1.278365E+03   -6.466205E-04
   5.558466E+03    1.277765E+03   -6.466205E-04
   5.558466E+03    1.278365E+03   -6.466205E-04
   5.557466E+03    1.278365E+03   -6.466205E-04


   5.557466E+03    1.278365E+03    2.899218E-04
   5.557466E+03    1.277765E+03    2.899218E-04
   5.558466E+03    1.277765E+03    2.899218E-04
   5.557466E+03    1.278365E+03    2.899218E-04


   5.558466E+03    1.277765E+03    5.189819E-04
   5.559466E+03    1.277165E+03    5.189819E-04
   5.559466E+03    1.277765E+03    5.189819E-04
   5.558466E+03    1.277765E+03    5.189819E-04


   5.558466E+03    1.277765E+03    2.742523E-03
   5.558466E+03    1.277165E+03    2.742523E-03
   5.559466E+03    1.277165E+03    2.742523E-03
   5.558466E+03    1.277765E+03    2.742523E-03


   5.559466E+03    1.277765E+03   -7.093597E-05
   5.560466E+03    1.277165E+03   -7.093597E-05
   5.560466E+03    1.277765E+03   -7.093597E-05
   5.559466E+03    1.277765E+03   -7.093597E-05


   5.559466E+03    1.277765E+03   -7.686801E-05
   5.559466E+03    1.277165E+03   -7.686801E-05
   5.560466E+03    1.277165E+03   -7.686801E-05
   5.559466E+03    1.277765E+03   -7.686801E-05


   5.560466E+03    1.277765E+03   -9.067329E-04
   5.561466E+03    1.277165E+03   -9.067329E-04
   5.561466E+03    1.277765E+03   -9.067329E-04
   5.560466E+03    1.277765E+03   -9.067329E-04


   5.560466E+03    1.277765E+03   -3.041250E-03
   5.560466E+03    1.277165E+03   -3.041250E-03
   5.561466E+03    1.277165E+03   -3.041250E-03
   5.560466E+03    1.277765E+03   -3.041250E-03


   5.555466E+03    1.277765E+03   -1.898461E-05
   5.556466E+03    1.277165E+03   -1.898461E-05
   5.556466E+03    1.277765E+03   -1.898461E-05
   5.555466E+03    1.277765E+03   -1.898461E-05


   5.555466E+03    1.277765E+03    1.351192E-04
   5.555466E+03    1.277165E+03    1.351192E-04
   5.556466E+03    1.277165E+03    1.351192E-04
   5.555466E+03    1.277765E+03    1.351192E-04


   5.556466E+03    1.277765E+03    8.946738E-05
   5.557466E+03    1.277165E+03    8.946738E-05
   5.557466E+03    1.277765E+03    8.946738E-05
   5.556466E+03    1.277765E+03    8.946738E-05


   5.556466E+03    1.277765E+03    5.939774E-04
   5.556466E+03    1.277165E+03    5.939774E-04
   5.557466E+03    1.277165E+03    5.939774E-04
   5.556466E+03    1.277765E+03    5.939774E-04


   5.556466E+03    1.274165E+03   -2.741425E-05
   5.556466E+03    1.275165E+03   -2.741425E-05
   5.555466E+03    1.275165E+03   -2.741425E-05
   5.556466E+03    1.274165E+03   -2.741425E-05


   5.556466E+03    1.274165E+03   -5.795342E-05
   5.555466E+03    1.275165E+03   -5.795342E-05
   5.555466E+03    1.274165E+03   -5.795342E-05
   5.556466E+03    1.274165E+03   -5.795342E-05


   5.556466E+03    1.275165E+03    1.118157E-04
   5.556466E+03    1.276165E+03    1.118157E-04
   5.555466E+03    1.276165E+03    1.118157E-04
   5.556466E+03    1.275165E+03    1.118157E-04


   5.556466E+03    1.275165E+03   -2.885973E-05
   5.555466E+03    1.276165E+03   -2.885973E-05
   5.555466E+03    1.275165E+03   -2.885973E-05
   5.556466E+03    1.275165E+03   -2.885973E-05


   5.556466E+03    1.276165E+03    1.662432E-04
   5.556466E+03    1.277165E+03    1.662432E-04
   5.555466E+03    1.277165E+03    1.662432E-04
   5.556466E+03    1.276165E+03    1.662432E-04


   5.556466E+03    1.276165E+03    4.209827E-05
   5.555466E+03    1.277165E+03    4.209827E-05
   5.555466E+03    1.276165E+03    4.209827E-05
   5.556466E+03    1.276165E+03    4.209827E-05


   5.557466E+03    1.274165E+03   -1.813476E-04
   5.557466E+03    1.275165E+03   -1.813476E-04
   5.556466E+03    1.275165E+03   -1.813476E-04
   5.557466E+03    1.274165E+03   -1.813476E-04


   5.557466E+03    1.274165E+03   -4.173968E-04
   5.556466E+03    1.275165E+03   -4.173968E-04
   5.556466E+03    1.274165E+03   -4.173968E-04
   5.557466E+03    1.274165E+03   -4.173968E-04


   5.557466E+03    1.275165E+03    2.130284E-04
   5.557466E+03    1.276165E+03    2.130284E-04
   5.556466E+03    1.276165E+03    2.130284E-04
   5.557466E+03    1.275165E+03    2.130284E-04


   5.557466E+03    1.275165E+03   -1.156735E-04
   5.556466E+03    1.276165E+03   -1.156735E-04
   5.556466E+03    1.275165E+03   -1.156735E-04
   5.557466E+03    1.275165E+03   -1.156735E-04


   5.557466E+03    1.276165E+03    6.186672E-04
   5.557466E+03    1.277165E+03    6.186672E-04
   5.556466E+03    1.277165E+03    6.186672E-04
   5.557466E+03    1.276165E+03    6.186672E-04


   5.557466E+03    1.276165E+03    2.454248E-04
   5.556466E+03    1.277165E+03    2.454248E-04
   5.556466E+03    1.276165E+03    2.454248E-04
   5.557466E+03    1.276165E+03    2.454248E-04


   5.558466E+03    1.274165E+03   -2.811411E-04
   5.558466E+03    1.275165E+03   -2.811411E-04
   5.557466E+03    1.275165E+03   -2.811411E-04
   5.558466E+03    1.274165E+03   -2.811411E-04


   5.558466E+03    1.274165E+03   -1.056615E-03
   5.557466E+03    1.275165E+03   -1.056615E-03
   5.557466E+03    1.274165E+03   -1.056615E-03
   5.558466E+03    1.274165E+03   -1.056615E-03


   5.558466E+03    1.275165E+03    3.152531E-04
   5.558466E+03    1.276165E+03    3.152531E-04
   5.557466E+03    1.276165E+03    3.152531E-04
   5.558466E+03    1.275165E+03    3.152531E-04


   5.558466E+03    1.275165E+03    1.699613E-04
   5.557466E+03    1.276165E+03    1.699613E-04
   5.557466E+03    1.275165E+03    1.699613E-04
   5.558466E+03    1.275165E+03    1.699613E-04


   5.564666E+03    1.277165E+03   -1.290750E-04
   5.566266E+03    1.276165E+03   -1.290750E-04
   5.566266E+03    1.277165E+03   -1.290750E-04
   5.564666E+03    1.277165E+03   -1.290750E-04


   5.564666E+03    1.277165E+03    1.731916E-04
   5.564666E+03    1.276165E+03    1.731916E-04
   5.566266E+03    1.276165E+03    1.731916E-04
   5.564666E+03    1.277165E+03    1.731916E-04


   5.563066E+03    1.277165E+03   -3.769773E-04
   5.564666E+03    1.276165E+03   -3.769773E-04
   5.564666E+03    1.277165E+03   -3.769773E-04
   5.563066E+03    1.277165E+03   -3.769773E-04


   5.563066E+03    1.277165E+03    4.347351E-05
   5.563066E+03    1.276165E+03    4.347351E-05
   5.564666E+03    1.276165E+03    4.347351E-05
   5.563066E+03    1.277165E+03    4.347351E-05


   5.561466E+03    1.277165E+03   -1.041930E-03
   5.563066E+03    1.276165E+03   -1.041930E-03
   5.563066E+03    1.277165E+03   -1.041930E-03
   5.561466E+03    1.277165E+03   -1.041930E-03


   5.561466E+03    1.277165E+03   -1.947695E-04
   5.561466E+03    1.276165E+03   -1.947695E-04
   5.563066E+03    1.276165E+03   -1.947695E-04
   5.561466E+03    1.277165E+03   -1.947695E-04


   5.564666E+03    1.276165E+03   -1.758228E-04
   5.566266E+03    1.275165E+03   -1.758228E-04
   5.566266E+03    1.276165E+03   -1.758228E-04
   5.564666E+03    1.276165E+03   -1.758228E-04


   5.564666E+03    1.276165E+03    2.380216E-04
   5.564666E+03    1.275165E+03    2.380216E-04
   5.566266E+03    1.275165E+03    2.380216E-04
   5.564666E+03    1.276165E+03    2.380216E-04


   5.563066E+03    1.276165E+03   -3.117848E-04
   5.564666E+03    1.275165E+03   -3.117848E-04
   5.564666E+03    1.276165E+03   -3.117848E-04
   5.563066E+03    1.276165E+03   -3.117848E-04


   5.563066E+03    1.276165E+03    2.719025E-04
   5.563066E+03    1.275165E+03    2.719025E-04
   5.564666E+03    1.275165E+03    2.719025E-04
   5.563066E+03    1.276165E+03    2.719025E-04


   5.561466E+03    1.276165E+03   -1.607747E-04
   5.563066E+03    1.275165E+03   -1.607747E-04
   5.563066E+03    1.276165E+03   -1.607747E-04
   5.561466E+03    1.276165E+03   -1.607747E-04


   5.561466E+03    1.276165E+03    3.999166E-04
   5.561466E+03    1.275165E+03    3.999166E-04
   5.563066E+03    1.275165E+03    3.999166E-04
   5.561466E+03    1.276165E+03    3.999166E-04


   5.566266E+03    1.277165E+03   -8.142809E-05
   5.566266E+03    1.277765E+03   -8.142809E-05
   5.564666E+03    1.277765E+03   -8.142809E-05
   5.566266E+03    1.277165E+03   -8.142809E-05


   5.564666E+03    1.277165E+03    1.117649E-04
   5.566266E+03    1.277165E+03    1.117649E-04
   5.564666E+03    1.277765E+03    1.117649E-04
   5.564666E+03    1.277165E+03    1.117649E-04


   5.564666E+03    1.277165E+03   -1.711050E-04
   5.564666E+03    1.277765E+03   -1.711050E-04
   5.563066E+03    1.277765E+03   -1.711050E-04
   5.564666E+03    1.277165E+03   -1.711050E-04


   5.563066E+03    1.277165E+03   -1.295627E-04
   5.564666E+03    1.277165E+03   -1.295627E-04
   5.563066E+03    1.277765E+03   -1.295627E-04
   5.563066E+03    1.277165E+03   -1.295627E-04


   5.564666E+03    1.275165E+03   -1.812355E-04
   5.566266E+03    1.274165E+03   -1.812355E-04
   5.566266E+03    1.275165E+03   -1.812355E-04
   5.564666E+03    1.275165E+03   -1.812355E-04


   5.564666E+03    1.275165E+03    2.464545E-04
   5.564666E+03    1.274165E+03    2.464545E-04
   5.566266E+03    1.274165E+03    2.464545E-04
   5.564666E+03    1.275165E+03    2.464545E-04


   5.563066E+03    1.275165E+03   -7.988606E-05
   5.564666E+03    1.274165E+03   -7.988606E-05
   5.564666E+03    1.275165E+03   -7.988606E-05
   5.563066E+03    1.275165E+03   -7.988606E-05


   5.563066E+03    1.275165E+03    4.664153E-04
   5.563066E+03    1.274165E+03    4.664153E-04
   5.564666E+03    1.274165E+03    4.664153E-04
   5.563066E+03    1.275165E+03    4.664153E-04


   5.561466E+03    1.275165E+03    7.158822E-05
   5.563066E+03    1.274165E+03    7.158822E-05
   5.563066E+03    1.275165E+03    7.158822E-05
   5.561466E+03    1.275165E+03    7.158822E-05


   5.561466E+03    1.275165E+03    1.180822E-03
   5.561466E+03    1.274165E+03    1.180822E-03
   5.563066E+03    1.274165E+03    1.180822E-03
   5.561466E+03    1.275165E+03    1.180822E-03


   5.563066E+03    1.277165E+03   -4.868930E-04
   5.563066E+03    1.277765E+03   -4.868930E-04
   5.561466E+03    1.277765E+03   -4.868930E-04
   5.563066E+03    1.277165E+03   -4.868930E-04


   5.561466E+03    1.277165E+03   -1.026779E-03
   5.563066E+03    1.277165E+03   -1.026779E-03
   5.561466E+03    1.277765E+03   -1.026779E-03
   5.561466E+03    1.277165E+03   -1.026779E-03


   5.557466E+03    1.277765E+03    2.615138E-04
   5.558466E+03    1.277165E+03    2.615138E-04
   5.558466E+03    1.277765E+03    2.615138E-04
   5.557466E+03    1.277765E+03    2.615138E-04


   5.557466E+03    1.277765E+03    1.054423E-03
   5.557466E+03    1.277165E+03    1.054423E-03
   5.558466E+03    1.277165E+03    1.054423E-03
   5.557466E+03    1.277765E+03    1.054423E-03


   5.558466E+03    1.276165E+03    1.489371E-03
   5.558466E+03    1.277165E+03    1.489371E-03
   5.557466E+03    1.277165E+03    1.489371E-03
   5.558466E+03    1.276165E+03    1.489371E-03


   5.558466E+03    1.276165E+03    3.130344E-04
   5.557466E+03    1.277165E+03    3.130344E-04
   5.557466E+03    1.276165E+03    3.130344E-04
   5.558466E+03    1.276165E+03    3.130344E-04


   5.558466E+03    1.274165E+03   -2.517626E-03
   5.559466E+03    1.273565E+03   -2.517626E-03
   5.559466E+03    1.274165E+03   -2.517626E-03
   5.558466E+03    1.274165E+03   -2.517626E-03


   5.558466E+03    1.274165E+03   -4.904451E-04
   5.558466E+03    1.273565E+03   -4.904451E-04
   5.559466E+03    1.273565E+03   -4.904451E-04
   5.558466E+03    1.274165E+03   -4.904451E-04


   5.559466E+03    1.274165E+03    1.289918E-04
   5.560466E+03    1.273565E+03    1.289918E-04
   5.560466E+03    1.274165E+03    1.289918E-04
   5.559466E+03    1.274165E+03    1.289918E-04


   5.559466E+03    1.274165E+03    1.062352E-04
   5.559466E+03    1.273565E+03    1.062352E-04
   5.560466E+03    1.273565E+03    1.062352E-04
   5.559466E+03    1.274165E+03    1.062352E-04


   5.560466E+03    1.274165E+03    2.783974E-03
   5.561466E+03    1.273565E+03    2.783974E-03
   5.561466E+03    1.274165E+03    2.783974E-03
   5.560466E+03    1.274165E+03    2.783974E-03


   5.560466E+03    1.274165E+03    5.429233E-04
   5.560466E+03    1.273565E+03    5.429233E-04
   5.561466E+03    1.273565E+03    5.429233E-04
   5.560466E+03    1.274165E+03    5.429233E-04


   5.555466E+03    1.274165E+03   -2.305634E-04
   5.556466E+03    1.273565E+03   -2.305634E-04
   5.556466E+03    1.274165E+03   -2.305634E-04
   5.555466E+03    1.274165E+03   -2.305634E-04


   5.555466E+03    1.274165E+03    1.035533E-04
   5.555466E+03    1.273565E+03    1.035533E-04
   5.556466E+03    1.273565E+03    1.035533E-04
   5.555466E+03    1.274165E+03    1.035533E-04


   5.556466E+03    1.274165E+03   -6.384176E-04
   5.557466E+03    1.273565E+03   -6.384176E-04
   5.557466E+03    1.274165E+03   -6.384176E-04
   5.556466E+03    1.274165E+03   -6.384176E-04


   5.556466E+03    1.274165E+03   -1.567778E-05
   5.556466E+03    1.273565E+03   -1.567778E-05
   5.557466E+03    1.273565E+03   -1.567778E-05
   5.556466E+03    1.274165E+03   -1.567778E-05


   5.566266E+03    1.273565E+03   -2.022611E-04
   5.566266E+03    1.274165E+03   -2.022611E-04
   5.564666E+03    1.274165E+03   -2.022611E-04
   5.566266E+03    1.273565E+03   -2.022611E-04


   5.564666E+03    1.273565E+03    2.306035E-04
   5.566266E+03    1.273565E+03    2.306035E-04
   5.564666E+03    1.274165E+03    2.306035E-04
   5.564666E+03    1.273565E+03    2.306035E-04


   5.564666E+03    1.273565E+03    6.668156E-05
   5.564666E+03    1.274165E+03    6.668156E-05
   5.563066E+03    1.274165E+03    6.668156E-05
   5.564666E+03    1.273565E+03    6.668156E-05


   5.563066E+03    1.273565E+03    2.631588E-04
   5.564666E+03    1.273565E+03    2.631588E-04
   5.563066E+03    1.274165E+03    2.631588E-04
   5.563066E+03    1.273565E+03    2.631588E-04


   5.563066E+03    1.273565E+03    5.428335E-04
   5.563066E+03    1.274165E+03    5.428335E-04
   5.561466E+03    1.274165E+03    5.428335E-04
   5.563066E+03    1.273565E+03    5.428335E-04


   5.561466E+03    1.273565E+03    4.295524E-04
   5.563066E+03    1.273565E+03    4.295524E-04
   5.561466E+03    1.274165E+03    4.295524E-04
   5.561466E+03    1.273565E+03    4.295524E-04


   5.557466E+03    1.274165E+03   -1.592561E-03
   5.558466E+03    1.273565E+03   -1.592561E-03
   5.558466E+03    1.274165E+03   -1.592561E-03
   5.557466E+03    1.274165E+03   -1.592561E-03


   5.557466E+03    1.274165E+03   -1.903574E-04
   5.557466E+03    1.273565E+03   -1.903574E-04
   5.558466E+03    1.273565E+03   -1.903574E-04
   5.557466E+03    1.274165E+03   -1.903574E-04


   5.558466E+03    1.273565E+03   -4.588556E-04
   5.559466E+03    1.272965E+03   -4.588556E-04
   5.559466E+03    1.273565E+03   -4.588556E-04
   5.558466E+03    1.273565E+03   -4.588556E-04


   5.558466E+03    1.273565E+03    7.476516E-04
   5.558466E+03    1.272965E+03    7.476516E-04
   5.559466E+03    1.272965E+03    7.476516E-04
   5.558466E+03    1.273565E+03    7.476516E-04


   5.559466E+03    1.273565E+03    2.294123E-05
   5.560466E+03    1.272965E+03    2.294123E-05
   5.560466E+03    1.273565E+03    2.294123E-05
   5.559466E+03    1.273565E+03    2.294123E-05


   5.559466E+03    1.273565E+03   -1.938645E-05
   5.559466E+03    1.272965E+03   -1.938645E-05
   5.560466E+03    1.272965E+03   -1.938645E-05
   5.559466E+03    1.273565E+03   -1.938645E-05


   5.560466E+03    1.273565E+03    6.578499E-04
   5.561466E+03    1.272965E+03    6.578499E-04
   5.561466E+03    1.273565E+03    6.578499E-04
   5.560466E+03    1.273565E+03    6.578499E-04


   5.560466E+03    1.273565E+03   -6.340778E-04
   5.560466E+03    1.272965E+03   -6.340778E-04
   5.561466E+03    1.272965E+03   -6.340778E-04
   5.560466E+03    1.273565E+03   -6.340778E-04


   5.555466E+03    1.273565E+03   -1.856261E-04
   5.556466E+03    1.272965E+03   -1.856261E-04
   5.556466E+03    1.273565E+03   -1.856261E-04
   5.555466E+03    1.273565E+03   -1.856261E-04


   5.555466E+03    1.273565E+03    2.133882E-04
   5.555466E+03    1.272965E+03    2.133882E-04
   5.556466E+03    1.272965E+03    2.133882E-04
   5.555466E+03    1.273565E+03    2.133882E-04


   5.556466E+03    1.273565E+03   -3.359405E-04
   5.557466E+03    1.272965E+03   -3.359405E-04
   5.557466E+03    1.273565E+03   -3.359405E-04
   5.556466E+03    1.273565E+03   -3.359405E-04


   5.556466E+03    1.273565E+03    4.053827E-04
   5.556466E+03    1.272965E+03    4.053827E-04
   5.557466E+03    1.272965E+03    4.053827E-04
   5.556466E+03    1.273565E+03    4.053827E-04


   5.566266E+03    1.272965E+03   -2.117670E-04
   5.566266E+03    1.273565E+03   -2.117670E-04
   5.564666E+03    1.273565E+03   -2.117670E-04
   5.566266E+03    1.272965E+03   -2.117670E-04


   5.564666E+03    1.272965E+03    2.444421E-04
   5.566266E+03    1.272965E+03    2.444421E-04
   5.564666E+03    1.273565E+03    2.444421E-04
   5.564666E+03    1.272965E+03    2.444421E-04


   5.564666E+03    1.272965E+03   -1.062606E-04
   5.564666E+03    1.273565E+03   -1.062606E-04
   5.563066E+03    1.273565E+03   -1.062606E-04
   5.564666E+03    1.272965E+03   -1.062606E-04


   5.563066E+03    1.272965E+03    1.145656E-04
   5.564666E+03    1.272965E+03    1.145656E-04
   5.563066E+03    1.273565E+03    1.145656E-04
   5.563066E+03    1.272965E+03    1.145656E-04


   5.563066E+03    1.272965E+03   -1.302410E-05
   5.563066E+03    1.273565E+03   -1.302410E-05
   5.561466E+03    1.273565E+03   -1.302410E-05
   5.563066E+03    1.272965E+03   -1.302410E-05


   5.561466E+03    1.272965E+03   -2.015513E-04
   5.563066E+03    1.272965E+03   -2.015513E-04
   5.561466E+03    1.273565E+03   -2.015513E-04
   5.561466E+03    1.272965E+03   -2.015513E-04


   5.557466E+03    1.273565E+03   -5.773024E-04
   5.558466E+03    1.272965E+03   -5.773024E-04
   5.558466E+03    1.273565E+03   -5.773024E-04
   5.557466E+03    1.273565E+03   -5.773024E-04


   5.557466E+03    1.273565E+03    5.434346E-04
   5.557466E+03    1.272965E+03    5.434346E-04
   5.558466E+03    1.272965E+03    5.434346E-04
   5.557466E+03    1.273565E+03    5.434346E-04


   5.558466E+03    1.272965E+03    6.211826E-04
   5.559466E+03    1.272365E+03    6.211826E-04
   5.559466E+03    1.272965E+03    6.211826E-04
   5.558466E+03    1.272965E+03    6.211826E-04


   5.558466E+03    1.272965E+03    2.454571E-03
   5.558466E+03    1.272365E+03    2.454571E-03
   5.559466E+03    1.272365E+03    2.454571E-03
   5.558466E+03    1.272965E+03    2.454571E-03


   5.559466E+03    1.272965E+03    8.555913E-05
   5.560466E+03    1.272365E+03    8.555913E-05
   5.560466E+03    1.272965E+03    8.555913E-05
   5.559466E+03    1.272965E+03    8.555913E-05


   5.559466E+03    1.272965E+03   -1.629632E-05
   5.559466E+03    1.272365E+03   -1.629632E-05
   5.560466E+03    1.272365E+03   -1.629632E-05
   5.559466E+03    1.272965E+03   -1.629632E-05


   5.560466E+03    1.272965E+03   -6.164415E-04
   5.561466E+03    1.272365E+03   -6.164415E-04
   5.561466E+03    1.272965E+03   -6.164415E-04
   5.560466E+03    1.272965E+03   -6.164415E-04


   5.560466E+03    1.272965E+03   -2.474052E-03
   5.560466E+03    1.272365E+03   -2.474052E-03
   5.561466E+03    1.272365E+03   -2.474052E-03
   5.560466E+03    1.272965E+03   -2.474052E-03


   5.555466E+03    1.272965E+03   -8.457970E-05
   5.556466E+03    1.272365E+03   -8.457970E-05
   5.556466E+03    1.272965E+03   -8.457970E-05
   5.555466E+03    1.272965E+03   -8.457970E-05


   5.555466E+03    1.272965E+03    3.186939E-04
   5.555466E+03    1.272365E+03    3.186939E-04
   5.556466E+03    1.272365E+03    3.186939E-04
   5.555466E+03    1.272965E+03    3.186939E-04


   5.556466E+03    1.272965E+03    4.507823E-05
   5.557466E+03    1.272365E+03    4.507823E-05
   5.557466E+03    1.272965E+03    4.507823E-05
   5.556466E+03    1.272965E+03    4.507823E-05


   5.556466E+03    1.272965E+03    7.395318E-04
   5.556466E+03    1.272365E+03    7.395318E-04
   5.557466E+03    1.272365E+03    7.395318E-04
   5.556466E+03    1.272965E+03    7.395318E-04


   5.556466E+03    1.269365E+03    8.167354E-05
   5.556466E+03    1.270365E+03    8.167354E-05
   5.555466E+03    1.270365E+03    8.167354E-05
   5.556466E+03    1.269365E+03    8.167354E-05


   5.556466E+03    1.269365E+03    1.706038E-03
   5.555466E+03    1.270365E+03    1.706038E-03
   5.555466E+03    1.269365E+03    1.706038E-03
   5.556466E+03    1.269365E+03    1.706038E-03


   5.556466E+03    1.270365E+03    4.844680E-05
   5.556466E+03    1.271365E+03    4.844680E-05
   5.555466E+03    1.271365E+03    4.844680E-05
   5.556466E+03    1.270365E+03    4.844680E-05


   5.556466E+03    1.270365E+03    5.264618E-04
   5.555466E+03    1.271365E+03    5.264618E-04
   5.555466E+03    1.270365E+03    5.264618E-04
   5.556466E+03    1.270365E+03    5.264618E-04


   5.556466E+03    1.271365E+03    9.807854E-05
   5.556466E+03    1.272365E+03    9.807854E-05
   5.555466E+03    1.272365E+03    9.807854E-05
   5.556466E+03    1.271365E+03    9.807854E-05


   5.556466E+03    1.271365E+03    2.766849E-04
   5.555466E+03    1.272365E+03    2.766849E-04
   5.555466E+03    1.271365E+03    2.766849E-04
   5.556466E+03    1.271365E+03    2.766849E-04


   5.557466E+03    1.269365E+03    5.552093E-05
   5.557466E+03    1.270365E+03    5.552093E-05
   5.556466E+03    1.270365E+03    5.552093E-05
   5.557466E+03    1.269365E+03    5.552093E-05


   5.557466E+03    1.269365E+03    1.017272E-03
   5.556466E+03    1.270365E+03    1.017272E-03
   5.556466E+03    1.269365E+03    1.017272E-03
   5.557466E+03    1.269365E+03    1.017272E-03


   5.557466E+03    1.270365E+03    1.504686E-04
   5.557466E+03    1.271365E+03    1.504686E-04
   5.556466E+03    1.271365E+03    1.504686E-04
   5.557466E+03    1.270365E+03    1.504686E-04


   5.557466E+03    1.270365E+03    5.433220E-04
   5.556466E+03    1.271365E+03    5.433220E-04
   5.556466E+03    1.270365E+03    5.433220E-04
   5.557466E+03    1.270365E+03    5.433220E-04


   5.557466E+03    1.271365E+03    4.887557E-04
   5.557466E+03    1.272365E+03    4.887557E-04
   5.556466E+03    1.272365E+03    4.887557E-04
   5.557466E+03    1.271365E+03    4.887557E-04


   5.557466E+03    1.271365E+03    4.856939E-04
   5.556466E+03    1.272365E+03    4.856939E-04
   5.556466E+03    1.271365E+03    4.856939E-04
   5.557466E+03    1.271365E+03    4.856939E-04


   5.558466E+03    1.269365E+03   -1.763433E-04
   5.558466E+03    1.270365E+03   -1.763433E-04
   5.557466E+03    1.270365E+03   -1.763433E-04
   5.558466E+03    1.269365E+03   -1.763433E-04


   5.558466E+03    1.269365E+03    5.076359E-04
   5.557466E+03    1.270365E+03    5.076359E-04
   5.557466E+03    1.269365E+03    5.076359E-04
   5.558466E+03    1.269365E+03    5.076359E-04


   5.558466E+03    1.270365E+03    1.415723E-04
   5.558466E+03    1.271365E+03    1.415723E-04
   5.557466E+03    1.271365E+03    1.415723E-04
   5.558466E+03    1.270365E+03    1.415723E-04


   5.558466E+03    1.270365E+03    5.192829E-04
   5.557466E+03    1.271365E+03    5.192829E-04
   5.557466E+03    1.270365E+03    5.192829E-04
   5.558466E+03    1.270365E+03    5.192829E-04


   5.564666E+03    1.272365E+03   -2.808296E-04
   5.566266E+03    1.271365E+03   -2.808296E-04
   5.566266E+03    1.272365E+03   -2.808296E-04
   5.564666E+03    1.272365E+03   -2.808296E-04


   5.564666E+03    1.272365E+03    2.796107E-04
   5.564666E+03    1.271365E+03    2.796107E-04
   5.566266E+03    1.271365E+03    2.796107E-04
   5.564666E+03    1.272365E+03    2.796107E-04


   5.563066E+03    1.272365E+03   -5.405922E-04
   5.564666E+03    1.271365E+03   -5.405922E-04
   5.564666E+03    1.272365E+03   -5.405922E-04
   5.563066E+03    1.272365E+03   -5.405922E-04


   5.563066E+03    1.272365E+03    4.604703E-05
   5.563066E+03    1.271365E+03    4.604703E-05
   5.564666E+03    1.271365E+03    4.604703E-05
   5.563066E+03    1.272365E+03    4.604703E-05


   5.561466E+03    1.272365E+03   -9.771760E-04
   5.563066E+03    1.271365E+03   -9.771760E-04
   5.563066E+03    1.272365E+03   -9.771760E-04
   5.561466E+03    1.272365E+03   -9.771760E-04


   5.561466E+03    1.272365E+03   -4.059876E-05
   5.561466E+03    1.271365E+03   -4.059876E-05
   5.563066E+03    1.271365E+03   -4.059876E-05
   5.561466E+03    1.272365E+03   -4.059876E-05


   5.564666E+03    1.271365E+03   -4.488683E-04
   5.566266E+03    1.270365E+03   -4.488683E-04
   5.566266E+03    1.271365E+03   -4.488683E-04
   5.564666E+03    1.271365E+03   -4.488683E-04


   5.564666E+03    1.271365E+03    1.469791E-04
   5.564666E+03    1.270365E+03    1.469791E-04
   5.566266E+03    1.270365E+03    1.469791E-04
   5.564666E+03    1.271365E+03    1.469791E-04


   5.563066E+03    1.271365E+03   -6.012302E-04
   5.564666E+03    1.270365E+03   -6.012302E-04
   5.564666E+03    1.271365E+03   -6.012302E-04
   5.563066E+03    1.271365E+03   -6.012302E-04


   5.563066E+03    1.271365E+03   -3.513643E-05
   5.563066E+03    1.270365E+03   -3.513643E-05
   5.564666E+03    1.270365E+03   -3.513643E-05
   5.563066E+03    1.271365E+03   -3.513643E-05


   5.561466E+03    1.271365E+03   -3.761912E-04
   5.563066E+03    1.270365E+03   -3.761912E-04
   5.563066E+03    1.271365E+03   -3.761912E-04
   5.561466E+03    1.271365E+03   -3.761912E-04


   5.561466E+03    1.271365E+03    3.091573E-04
   5.561466E+03    1.270365E+03    3.091573E-04
   5.563066E+03    1.270365E+03    3.091573E-04
   5.561466E+03    1.271365E+03    3.091573E-04


   5.566266E+03    1.272365E+03   -2.429029E-04
   5.566266E+03    1.272965E+03   -2.429029E-04
   5.564666E+03    1.272965E+03   -2.429029E-04
   5.566266E+03    1.272365E+03   -2.429029E-04


   5.564666E+03    1.272365E+03    2.881755E-04
   5.566266E+03    1.272365E+03    2.881755E-04
   5.564666E+03    1.272965E+03    2.881755E-04
   5.564666E+03    1.272365E+03    2.881755E-04


   5.564666E+03    1.272365E+03   -3.400370E-04
   5.564666E+03    1.272965E+03   -3.400370E-04
   5.563066E+03    1.272965E+03   -3.400370E-04
   5.564666E+03    1.272365E+03   -3.400370E-04


   5.563066E+03    1.272365E+03    9.444280E-06
   5.564666E+03    1.272365E+03    9.444280E-06
   5.563066E+03    1.272965E+03    9.444280E-06
   5.563066E+03    1.272365E+03    9.444280E-06


   5.564666E+03    1.270365E+03   -8.131412E-04
   5.566266E+03    1.269365E+03   -8.131412E-04
   5.566266E+03    1.270365E+03   -8.131412E-04
   5.564666E+03    1.270365E+03   -8.131412E-04


   5.564666E+03    1.270365E+03   -7.561306E-04
   5.564666E+03    1.269365E+03   -7.561306E-04
   5.566266E+03    1.269365E+03   -7.561306E-04
   5.564666E+03    1.270365E+03   -7.561306E-04


   5.563066E+03    1.270365E+03   -6.120744E-04
   5.564666E+03    1.269365E+03   -6.120744E-04
   5.564666E+03    1.270365E+03   -6.120744E-04
   5.563066E+03    1.270365E+03   -6.120744E-04


   5.563066E+03    1.270365E+03   -1.391012E-04
   5.563066E+03    1.269365E+03   -1.391012E-04
   5.564666E+03    1.269365E+03   -1.391012E-04
   5.563066E+03    1.270365E+03   -1.391012E-04


   5.561466E+03    1.270365E+03   -2.934558E-04
   5.563066E+03    1.269365E+03   -2.934558E-04
   5.563066E+03    1.270365E+03   -2.934558E-04
   5.561466E+03    1.270365E+03   -2.934558E-04


   5.561466E+03    1.270365E+03    6.754843E-04
   5.561466E+03    1.269365E+03    6.754843E-04
   5.563066E+03    1.269365E+03    6.754843E-04
   5.561466E+03    1.270365E+03    6.754843E-04


   5.563066E+03    1.272365E+03   -5.678101E-04
   5.563066E+03    1.272965E+03   -5.678101E-04
   5.561466E+03    1.272965E+03   -5.678101E-04
   5.563066E+03    1.272365E+03   -5.678101E-04


   5.561466E+03    1.272365E+03   -7.181922E-04
   5.563066E+03    1.272365E+03   -7.181922E-04
   5.561466E+03    1.272965E+03   -7.181922E-04
   5.561466E+03    1.272365E+03   -7.181922E-04


   5.557466E+03    1.272965E+03    2.734255E-04
   5.558466E+03    1.272365E+03    2.734255E-04
   5.558466E+03    1.272965E+03    2.734255E-04
   5.557466E+03    1.272965E+03    2.734255E-04


   5.557466E+03    1.272965E+03    1.189355E-03
   5.557466E+03    1.272365E+03    1.189355E-03
   5.558466E+03    1.272365E+03    1.189355E-03
   5.557466E+03    1.272965E+03    1.189355E-03


   5.558466E+03    1.271365E+03    1.235869E-03
   5.558466E+03    1.272365E+03    1.235869E-03
   5.557466E+03    1.272365E+03    1.235869E-03
   5.558466E+03    1.271365E+03    1.235869E-03


   5.558466E+03    1.271365E+03    5.260303E-04
   5.557466E+03    1.272365E+03    5.260303E-04
   5.557466E+03    1.271365E+03    5.260303E-04
   5.558466E+03    1.271365E+03    5.260303E-04


