   5.558466E+03    1.288565E+03    1.369741E-04
   5.559466E+03    1.287965E+03    1.369741E-04
   5.559466E+03    1.288565E+03    1.369741E-04
   5.558466E+03    1.288565E+03    1.369741E-04


   5.558466E+03    1.288565E+03    4.525251E-04
   5.558466E+03    1.287965E+03    4.525251E-04
   5.559466E+03    1.287965E+03    4.525251E-04
   5.558466E+03    1.288565E+03    4.525251E-04


   5.559466E+03    1.288565E+03    3.796634E-04
   5.560466E+03    1.287965E+03    3.796634E-04
   5.560466E+03    1.288565E+03    3.796634E-04
   5.559466E+03    1.288565E+03    3.796634E-04


   5.559466E+03    1.288565E+03    3.616943E-04
   5.559466E+03    1.287965E+03    3.616943E-04
   5.560466E+03    1.287965E+03    3.616943E-04
   5.559466E+03    1.288565E+03    3.616943E-04


   5.560466E+03    1.288565E+03    4.739723E-04
   5.561466E+03    1.287965E+03    4.739723E-04
   5.561466E+03    1.288565E+03    4.739723E-04
   5.560466E+03    1.288565E+03    4.739723E-04


   5.560466E+03    1.288565E+03    1.276168E-04
   5.560466E+03    1.287965E+03    1.276168E-04
   5.561466E+03    1.287965E+03    1.276168E-04
   5.560466E+03    1.288565E+03    1.276168E-04


   5.555466E+03    1.288565E+03   -1.150033E-04
   5.556466E+03    1.287965E+03   -1.150033E-04
   5.556466E+03    1.288565E+03   -1.150033E-04
   5.555466E+03    1.288565E+03   -1.150033E-04


   5.555466E+03    1.288565E+03   -6.843871E-05
   5.555466E+03    1.287965E+03   -6.843871E-05
   5.556466E+03    1.287965E+03   -6.843871E-05
   5.555466E+03    1.288565E+03   -6.843871E-05


   5.556466E+03    1.288565E+03   -2.422181E-04
   5.557466E+03    1.287965E+03   -2.422181E-04
   5.557466E+03    1.288565E+03   -2.422181E-04
   5.556466E+03    1.288565E+03   -2.422181E-04


   5.556466E+03    1.288565E+03   -6.489290E-05
   5.556466E+03    1.287965E+03   -6.489290E-05
   5.557466E+03    1.287965E+03   -6.489290E-05
   5.556466E+03    1.288565E+03   -6.489290E-05


   5.566266E+03    1.287965E+03   -2.849735E-05
   5.566266E+03    1.288565E+03   -2.849735E-05
   5.564666E+03    1.288565E+03   -2.849735E-05
   5.566266E+03    1.287965E+03   -2.849735E-05


   5.564666E+03    1.287965E+03   -8.344819E-05
   5.566266E+03    1.287965E+03   -8.344819E-05
   5.564666E+03    1.288565E+03   -8.344819E-05
   5.564666E+03    1.287965E+03   -8.344819E-05


   5.564666E+03    1.287965E+03    1.068127E-05
   5.564666E+03    1.288565E+03    1.068127E-05
   5.563066E+03    1.288565E+03    1.068127E-05
   5.564666E+03    1.287965E+03    1.068127E-05


   5.563066E+03    1.287965E+03   -2.011360E-04
   5.564666E+03    1.287965E+03   -2.011360E-04
   5.563066E+03    1.288565E+03   -2.011360E-04
   5.563066E+03    1.287965E+03   -2.011360E-04


   5.563066E+03    1.287965E+03    1.233282E-04
   5.563066E+03    1.288565E+03    1.233282E-04
   5.561466E+03    1.288565E+03    1.233282E-04
   5.563066E+03    1.287965E+03    1.233282E-04


   5.561466E+03    1.287965E+03   -3.136504E-04
   5.563066E+03    1.287965E+03   -3.136504E-04
   5.561466E+03    1.288565E+03   -3.136504E-04
   5.561466E+03    1.287965E+03   -3.136504E-04


   5.557466E+03    1.288565E+03   -2.648927E-04
   5.558466E+03    1.287965E+03   -2.648927E-04
   5.558466E+03    1.288565E+03   -2.648927E-04
   5.557466E+03    1.288565E+03   -2.648927E-04


   5.557466E+03    1.288565E+03    5.349691E-05
   5.557466E+03    1.287965E+03    5.349691E-05
   5.558466E+03    1.287965E+03    5.349691E-05
   5.557466E+03    1.288565E+03    5.349691E-05


   5.558466E+03    1.287965E+03    3.098525E-04
   5.559466E+03    1.287365E+03    3.098525E-04
   5.559466E+03    1.287965E+03    3.098525E-04
   5.558466E+03    1.287965E+03    3.098525E-04


   5.558466E+03    1.287965E+03    6.369907E-04
   5.558466E+03    1.287365E+03    6.369907E-04
   5.559466E+03    1.287365E+03    6.369907E-04
   5.558466E+03    1.287965E+03    6.369907E-04


   5.559466E+03    1.287965E+03    5.569284E-04
   5.560466E+03    1.287365E+03    5.569284E-04
   5.560466E+03    1.287965E+03    5.569284E-04
   5.559466E+03    1.287965E+03    5.569284E-04


   5.559466E+03    1.287965E+03    5.457258E-04
   5.559466E+03    1.287365E+03    5.457258E-04
   5.560466E+03    1.287365E+03    5.457258E-04
   5.559466E+03    1.287965E+03    5.457258E-04


   5.560466E+03    1.287965E+03    5.854743E-04
   5.561466E+03    1.287365E+03    5.854743E-04
   5.561466E+03    1.287965E+03    5.854743E-04
   5.560466E+03    1.287965E+03    5.854743E-04


   5.560466E+03    1.287965E+03    3.294669E-04
   5.560466E+03    1.287365E+03    3.294669E-04
   5.561466E+03    1.287365E+03    3.294669E-04
   5.560466E+03    1.287965E+03    3.294669E-04


   5.555466E+03    1.287965E+03   -1.545591E-04
   5.556466E+03    1.287365E+03   -1.545591E-04
   5.556466E+03    1.287965E+03   -1.545591E-04
   5.555466E+03    1.287965E+03   -1.545591E-04


   5.555466E+03    1.287965E+03   -1.284542E-04
   5.555466E+03    1.287365E+03   -1.284542E-04
   5.556466E+03    1.287365E+03   -1.284542E-04
   5.555466E+03    1.287965E+03   -1.284542E-04


   5.556466E+03    1.287965E+03   -2.545402E-04
   5.557466E+03    1.287365E+03   -2.545402E-04
   5.557466E+03    1.287965E+03   -2.545402E-04
   5.556466E+03    1.287965E+03   -2.545402E-04


   5.556466E+03    1.287965E+03   -1.234938E-04
   5.556466E+03    1.287365E+03   -1.234938E-04
   5.557466E+03    1.287365E+03   -1.234938E-04
   5.556466E+03    1.287965E+03   -1.234938E-04


   5.566266E+03    1.287365E+03   -3.750498E-05
   5.566266E+03    1.287965E+03   -3.750498E-05
   5.564666E+03    1.287965E+03   -3.750498E-05
   5.566266E+03    1.287365E+03   -3.750498E-05


   5.564666E+03    1.287365E+03   -9.759494E-05
   5.566266E+03    1.287365E+03   -9.759494E-05
   5.564666E+03    1.287965E+03   -9.759494E-05
   5.564666E+03    1.287365E+03   -9.759494E-05


   5.564666E+03    1.287365E+03   -7.213389E-06
   5.564666E+03    1.287965E+03   -7.213389E-06
   5.563066E+03    1.287965E+03   -7.213389E-06
   5.564666E+03    1.287365E+03   -7.213389E-06


   5.563066E+03    1.287365E+03   -1.975194E-04
   5.564666E+03    1.287365E+03   -1.975194E-04
   5.563066E+03    1.287965E+03   -1.975194E-04
   5.563066E+03    1.287365E+03   -1.975194E-04


   5.563066E+03    1.287365E+03    1.228661E-04
   5.563066E+03    1.287965E+03    1.228661E-04
   5.561466E+03    1.287965E+03    1.228661E-04
   5.563066E+03    1.287365E+03    1.228661E-04


   5.561466E+03    1.287365E+03   -2.872615E-04
   5.563066E+03    1.287365E+03   -2.872615E-04
   5.561466E+03    1.287965E+03   -2.872615E-04
   5.561466E+03    1.287365E+03   -2.872615E-04


   5.557466E+03    1.287965E+03   -1.790875E-04
   5.558466E+03    1.287365E+03   -1.790875E-04
   5.558466E+03    1.287965E+03   -1.790875E-04
   5.557466E+03    1.287965E+03   -1.790875E-04


   5.557466E+03    1.287965E+03   -7.663838E-06
   5.557466E+03    1.287365E+03   -7.663838E-06
   5.558466E+03    1.287365E+03   -7.663838E-06
   5.557466E+03    1.287965E+03   -7.663838E-06


   5.558466E+03    1.287365E+03    2.447648E-04
   5.559466E+03    1.286765E+03    2.447648E-04
   5.559466E+03    1.287365E+03    2.447648E-04
   5.558466E+03    1.287365E+03    2.447648E-04


   5.558466E+03    1.287365E+03    8.764928E-04
   5.558466E+03    1.286765E+03    8.764928E-04
   5.559466E+03    1.286765E+03    8.764928E-04
   5.558466E+03    1.287365E+03    8.764928E-04


   5.559466E+03    1.287365E+03    3.891443E-04
   5.560466E+03    1.286765E+03    3.891443E-04
   5.560466E+03    1.287365E+03    3.891443E-04
   5.559466E+03    1.287365E+03    3.891443E-04


   5.559466E+03    1.287365E+03    3.958077E-04
   5.559466E+03    1.286765E+03    3.958077E-04
   5.560466E+03    1.286765E+03    3.958077E-04
   5.559466E+03    1.287365E+03    3.958077E-04


   5.560466E+03    1.287365E+03    8.077647E-04
   5.561466E+03    1.286765E+03    8.077647E-04
   5.561466E+03    1.287365E+03    8.077647E-04
   5.560466E+03    1.287365E+03    8.077647E-04


   5.560466E+03    1.287365E+03    2.880422E-04
   5.560466E+03    1.286765E+03    2.880422E-04
   5.561466E+03    1.286765E+03    2.880422E-04
   5.560466E+03    1.287365E+03    2.880422E-04


   5.555466E+03    1.287365E+03   -9.587858E-05
   5.556466E+03    1.286765E+03   -9.587858E-05
   5.556466E+03    1.287365E+03   -9.587858E-05
   5.555466E+03    1.287365E+03   -9.587858E-05


   5.555466E+03    1.287365E+03   -1.136920E-04
   5.555466E+03    1.286765E+03   -1.136920E-04
   5.556466E+03    1.286765E+03   -1.136920E-04
   5.555466E+03    1.287365E+03   -1.136920E-04


   5.556466E+03    1.287365E+03   -1.582870E-04
   5.557466E+03    1.286765E+03   -1.582870E-04
   5.557466E+03    1.287365E+03   -1.582870E-04
   5.556466E+03    1.287365E+03   -1.582870E-04


   5.556466E+03    1.287365E+03   -6.837621E-05
   5.556466E+03    1.286765E+03   -6.837621E-05
   5.557466E+03    1.286765E+03   -6.837621E-05
   5.556466E+03    1.287365E+03   -6.837621E-05


   5.556466E+03    1.283765E+03    1.685174E-04
   5.556466E+03    1.284765E+03    1.685174E-04
   5.555466E+03    1.284765E+03    1.685174E-04
   5.556466E+03    1.283765E+03    1.685174E-04


   5.556466E+03    1.283765E+03    7.799337E-05
   5.555466E+03    1.284765E+03    7.799337E-05
   5.555466E+03    1.283765E+03    7.799337E-05
   5.556466E+03    1.283765E+03    7.799337E-05


   5.556466E+03    1.284765E+03    2.310430E-04
   5.556466E+03    1.285765E+03    2.310430E-04
   5.555466E+03    1.285765E+03    2.310430E-04
   5.556466E+03    1.284765E+03    2.310430E-04


   5.556466E+03    1.284765E+03    1.099172E-04
   5.555466E+03    1.285765E+03    1.099172E-04
   5.555466E+03    1.284765E+03    1.099172E-04
   5.556466E+03    1.284765E+03    1.099172E-04


   5.556466E+03    1.285765E+03    1.382136E-04
   5.556466E+03    1.286765E+03    1.382136E-04
   5.555466E+03    1.286765E+03    1.382136E-04
   5.556466E+03    1.285765E+03    1.382136E-04


   5.556466E+03    1.285765E+03    1.600595E-05
   5.555466E+03    1.286765E+03    1.600595E-05
   5.555466E+03    1.285765E+03    1.600595E-05
   5.556466E+03    1.285765E+03    1.600595E-05


   5.557466E+03    1.283765E+03    3.998581E-04
   5.557466E+03    1.284765E+03    3.998581E-04
   5.556466E+03    1.284765E+03    3.998581E-04
   5.557466E+03    1.283765E+03    3.998581E-04


   5.557466E+03    1.283765E+03    2.216045E-04
   5.556466E+03    1.284765E+03    2.216045E-04
   5.556466E+03    1.283765E+03    2.216045E-04
   5.557466E+03    1.283765E+03    2.216045E-04


   5.557466E+03    1.284765E+03    4.292952E-04
   5.557466E+03    1.285765E+03    4.292952E-04
   5.556466E+03    1.285765E+03    4.292952E-04
   5.557466E+03    1.284765E+03    4.292952E-04


   5.557466E+03    1.284765E+03    2.697537E-04
   5.556466E+03    1.285765E+03    2.697537E-04
   5.556466E+03    1.284765E+03    2.697537E-04
   5.557466E+03    1.284765E+03    2.697537E-04


   5.557466E+03    1.285765E+03    2.896548E-04
   5.557466E+03    1.286765E+03    2.896548E-04
   5.556466E+03    1.286765E+03    2.896548E-04
   5.557466E+03    1.285765E+03    2.896548E-04


   5.557466E+03    1.285765E+03    1.186839E-04
   5.556466E+03    1.286765E+03    1.186839E-04
   5.556466E+03    1.285765E+03    1.186839E-04
   5.557466E+03    1.285765E+03    1.186839E-04


   5.558466E+03    1.283765E+03    6.360293E-04
   5.558466E+03    1.284765E+03    6.360293E-04
   5.557466E+03    1.284765E+03    6.360293E-04
   5.558466E+03    1.283765E+03    6.360293E-04


   5.558466E+03    1.283765E+03    5.064220E-04
   5.557466E+03    1.284765E+03    5.064220E-04
   5.557466E+03    1.283765E+03    5.064220E-04
   5.558466E+03    1.283765E+03    5.064220E-04


   5.558466E+03    1.284765E+03    4.193356E-04
   5.558466E+03    1.285765E+03    4.193356E-04
   5.557466E+03    1.285765E+03    4.193356E-04
   5.558466E+03    1.284765E+03    4.193356E-04


   5.558466E+03    1.284765E+03    2.218853E-04
   5.557466E+03    1.285765E+03    2.218853E-04
   5.557466E+03    1.284765E+03    2.218853E-04
   5.558466E+03    1.284765E+03    2.218853E-04


   5.564666E+03    1.286765E+03    1.841998E-05
   5.566266E+03    1.285765E+03    1.841998E-05
   5.566266E+03    1.286765E+03    1.841998E-05
   5.564666E+03    1.286765E+03    1.841998E-05


   5.564666E+03    1.286765E+03    1.227933E-06
   5.564666E+03    1.285765E+03    1.227933E-06
   5.566266E+03    1.285765E+03    1.227933E-06
   5.564666E+03    1.286765E+03    1.227933E-06


   5.563066E+03    1.286765E+03    1.170289E-04
   5.564666E+03    1.285765E+03    1.170289E-04
   5.564666E+03    1.286765E+03    1.170289E-04
   5.563066E+03    1.286765E+03    1.170289E-04


   5.563066E+03    1.286765E+03    1.349771E-04
   5.563066E+03    1.285765E+03    1.349771E-04
   5.564666E+03    1.285765E+03    1.349771E-04
   5.563066E+03    1.286765E+03    1.349771E-04


   5.561466E+03    1.286765E+03    3.695052E-04
   5.563066E+03    1.285765E+03    3.695052E-04
   5.563066E+03    1.286765E+03    3.695052E-04
   5.561466E+03    1.286765E+03    3.695052E-04


   5.561466E+03    1.286765E+03    4.329097E-04
   5.561466E+03    1.285765E+03    4.329097E-04
   5.563066E+03    1.285765E+03    4.329097E-04
   5.561466E+03    1.286765E+03    4.329097E-04


   5.564666E+03    1.285765E+03    7.118240E-05
   5.566266E+03    1.284765E+03    7.118240E-05
   5.566266E+03    1.285765E+03    7.118240E-05
   5.564666E+03    1.285765E+03    7.118240E-05


   5.564666E+03    1.285765E+03    7.093023E-05
   5.564666E+03    1.284765E+03    7.093023E-05
   5.566266E+03    1.284765E+03    7.093023E-05
   5.564666E+03    1.285765E+03    7.093023E-05


   5.563066E+03    1.285765E+03    2.158815E-04
   5.564666E+03    1.284765E+03    2.158815E-04
   5.564666E+03    1.285765E+03    2.158815E-04
   5.563066E+03    1.285765E+03    2.158815E-04


   5.563066E+03    1.285765E+03    2.913748E-04
   5.563066E+03    1.284765E+03    2.913748E-04
   5.564666E+03    1.284765E+03    2.913748E-04
   5.563066E+03    1.285765E+03    2.913748E-04


   5.561466E+03    1.285765E+03    3.559178E-04
   5.563066E+03    1.284765E+03    3.559178E-04
   5.563066E+03    1.285765E+03    3.559178E-04
   5.561466E+03    1.285765E+03    3.559178E-04


   5.561466E+03    1.285765E+03    4.218116E-04
   5.561466E+03    1.284765E+03    4.218116E-04
   5.563066E+03    1.284765E+03    4.218116E-04
   5.561466E+03    1.285765E+03    4.218116E-04


   5.566266E+03    1.286765E+03   -2.155442E-05
   5.566266E+03    1.287365E+03   -2.155442E-05
   5.564666E+03    1.287365E+03   -2.155442E-05
   5.566266E+03    1.286765E+03   -2.155442E-05


   5.564666E+03    1.286765E+03   -6.980932E-05
   5.566266E+03    1.286765E+03   -6.980932E-05
   5.564666E+03    1.287365E+03   -6.980932E-05
   5.564666E+03    1.286765E+03   -6.980932E-05


   5.564666E+03    1.286765E+03    2.419122E-05
   5.564666E+03    1.287365E+03    2.419122E-05
   5.563066E+03    1.287365E+03    2.419122E-05
   5.564666E+03    1.286765E+03    2.419122E-05


   5.563066E+03    1.286765E+03   -1.044409E-04
   5.564666E+03    1.286765E+03   -1.044409E-04
   5.563066E+03    1.287365E+03   -1.044409E-04
   5.563066E+03    1.286765E+03   -1.044409E-04


   5.564666E+03    1.284765E+03    8.908687E-05
   5.566266E+03    1.283765E+03    8.908687E-05
   5.566266E+03    1.284765E+03    8.908687E-05
   5.564666E+03    1.284765E+03    8.908687E-05


   5.564666E+03    1.284765E+03    8.480398E-05
   5.564666E+03    1.283765E+03    8.480398E-05
   5.566266E+03    1.283765E+03    8.480398E-05
   5.564666E+03    1.284765E+03    8.480398E-05


   5.563066E+03    1.284765E+03    2.368306E-04
   5.564666E+03    1.283765E+03    2.368306E-04
   5.564666E+03    1.284765E+03    2.368306E-04
   5.563066E+03    1.284765E+03    2.368306E-04


   5.563066E+03    1.284765E+03    3.018950E-04
   5.563066E+03    1.283765E+03    3.018950E-04
   5.564666E+03    1.283765E+03    3.018950E-04
   5.563066E+03    1.284765E+03    3.018950E-04


   5.561466E+03    1.284765E+03    3.505791E-04
   5.563066E+03    1.283765E+03    3.505791E-04
   5.563066E+03    1.284765E+03    3.505791E-04
   5.561466E+03    1.284765E+03    3.505791E-04


   5.561466E+03    1.284765E+03    6.923170E-04
   5.561466E+03    1.283765E+03    6.923170E-04
   5.563066E+03    1.283765E+03    6.923170E-04
   5.561466E+03    1.284765E+03    6.923170E-04


   5.563066E+03    1.286765E+03    1.869425E-04
   5.563066E+03    1.287365E+03    1.869425E-04
   5.561466E+03    1.287365E+03    1.869425E-04
   5.563066E+03    1.286765E+03    1.869425E-04


   5.561466E+03    1.286765E+03   -2.061140E-04
   5.563066E+03    1.286765E+03   -2.061140E-04
   5.561466E+03    1.287365E+03   -2.061140E-04
   5.561466E+03    1.286765E+03   -2.061140E-04


   5.557466E+03    1.287365E+03   -1.170182E-04
   5.558466E+03    1.286765E+03   -1.170182E-04
   5.558466E+03    1.287365E+03   -1.170182E-04
   5.557466E+03    1.287365E+03   -1.170182E-04


   5.557466E+03    1.287365E+03    8.968524E-06
   5.557466E+03    1.286765E+03    8.968524E-06
   5.558466E+03    1.286765E+03    8.968524E-06
   5.557466E+03    1.287365E+03    8.968524E-06


   5.558466E+03    1.285765E+03    6.246181E-04
   5.558466E+03    1.286765E+03    6.246181E-04
   5.557466E+03    1.286765E+03    6.246181E-04
   5.558466E+03    1.285765E+03    6.246181E-04


   5.558466E+03    1.285765E+03    1.399065E-04
   5.557466E+03    1.286765E+03    1.399065E-04
   5.557466E+03    1.285765E+03    1.399065E-04
   5.558466E+03    1.285765E+03    1.399065E-04


   5.558466E+03    1.283765E+03    4.209904E-04
   5.559466E+03    1.283165E+03    4.209904E-04
   5.559466E+03    1.283765E+03    4.209904E-04
   5.558466E+03    1.283765E+03    4.209904E-04


   5.558466E+03    1.283765E+03    1.391146E-03
   5.558466E+03    1.283165E+03    1.391146E-03
   5.559466E+03    1.283165E+03    1.391146E-03
   5.558466E+03    1.283765E+03    1.391146E-03


   5.559466E+03    1.283765E+03    8.712363E-04
   5.560466E+03    1.283165E+03    8.712363E-04
   5.560466E+03    1.283765E+03    8.712363E-04
   5.559466E+03    1.283765E+03    8.712363E-04


   5.559466E+03    1.283765E+03    8.632728E-04
   5.559466E+03    1.283165E+03    8.632728E-04
   5.560466E+03    1.283165E+03    8.632728E-04
   5.559466E+03    1.283765E+03    8.632728E-04


   5.560466E+03    1.283765E+03    1.331664E-03
   5.561466E+03    1.283165E+03    1.331664E-03
   5.561466E+03    1.283765E+03    1.331664E-03
   5.560466E+03    1.283765E+03    1.331664E-03


   5.560466E+03    1.283765E+03    3.688954E-04
   5.560466E+03    1.283165E+03    3.688954E-04
   5.561466E+03    1.283165E+03    3.688954E-04
   5.560466E+03    1.283765E+03    3.688954E-04


   5.555466E+03    1.283765E+03   -6.280812E-05
   5.556466E+03    1.283165E+03   -6.280812E-05
   5.556466E+03    1.283765E+03   -6.280812E-05
   5.555466E+03    1.283765E+03   -6.280812E-05


   5.555466E+03    1.283765E+03   -6.128655E-05
   5.555466E+03    1.283165E+03   -6.128655E-05
   5.556466E+03    1.283165E+03   -6.128655E-05
   5.555466E+03    1.283765E+03   -6.128655E-05


   5.556466E+03    1.283765E+03   -1.155056E-04
   5.557466E+03    1.283165E+03   -1.155056E-04
   5.557466E+03    1.283765E+03   -1.155056E-04
   5.556466E+03    1.283765E+03   -1.155056E-04


   5.556466E+03    1.283765E+03    1.857179E-06
   5.556466E+03    1.283165E+03    1.857179E-06
   5.557466E+03    1.283165E+03    1.857179E-06
   5.556466E+03    1.283765E+03    1.857179E-06


   5.566266E+03    1.283165E+03    8.164797E-05
   5.566266E+03    1.283765E+03    8.164797E-05
   5.564666E+03    1.283765E+03    8.164797E-05
   5.566266E+03    1.283165E+03    8.164797E-05


   5.564666E+03    1.283165E+03    4.963793E-05
   5.566266E+03    1.283165E+03    4.963793E-05
   5.564666E+03    1.283765E+03    4.963793E-05
   5.564666E+03    1.283165E+03    4.963793E-05


   5.564666E+03    1.283165E+03    1.988263E-04
   5.564666E+03    1.283765E+03    1.988263E-04
   5.563066E+03    1.283765E+03    1.988263E-04
   5.564666E+03    1.283165E+03    1.988263E-04


   5.563066E+03    1.283165E+03    6.877782E-05
   5.564666E+03    1.283165E+03    6.877782E-05
   5.563066E+03    1.283765E+03    6.877782E-05
   5.563066E+03    1.283165E+03    6.877782E-05


   5.563066E+03    1.283165E+03    2.133574E-04
   5.563066E+03    1.283765E+03    2.133574E-04
   5.561466E+03    1.283765E+03    2.133574E-04
   5.563066E+03    1.283165E+03    2.133574E-04


   5.561466E+03    1.283165E+03   -1.930756E-04
   5.563066E+03    1.283165E+03   -1.930756E-04
   5.561466E+03    1.283765E+03   -1.930756E-04
   5.561466E+03    1.283165E+03   -1.930756E-04


   5.557466E+03    1.283765E+03   -2.978116E-04
   5.558466E+03    1.283165E+03   -2.978116E-04
   5.558466E+03    1.283765E+03   -2.978116E-04
   5.557466E+03    1.283765E+03   -2.978116E-04


   5.557466E+03    1.283765E+03    1.631870E-04
   5.557466E+03    1.283165E+03    1.631870E-04
   5.558466E+03    1.283165E+03    1.631870E-04
   5.557466E+03    1.283765E+03    1.631870E-04


   5.558466E+03    1.283165E+03    6.666871E-04
   5.559466E+03    1.282565E+03    6.666871E-04
   5.559466E+03    1.283165E+03    6.666871E-04
   5.558466E+03    1.283165E+03    6.666871E-04


   5.558466E+03    1.283165E+03    1.336856E-03
   5.558466E+03    1.282565E+03    1.336856E-03
   5.559466E+03    1.282565E+03    1.336856E-03
   5.558466E+03    1.283165E+03    1.336856E-03


   5.559466E+03    1.283165E+03    1.216556E-03
   5.560466E+03    1.282565E+03    1.216556E-03
   5.560466E+03    1.283165E+03    1.216556E-03
   5.559466E+03    1.283165E+03    1.216556E-03


   5.559466E+03    1.283165E+03    1.216443E-03
   5.559466E+03    1.282565E+03    1.216443E-03
   5.560466E+03    1.282565E+03    1.216443E-03
   5.559466E+03    1.283165E+03    1.216443E-03


   5.560466E+03    1.283165E+03    1.282856E-03
   5.561466E+03    1.282565E+03    1.282856E-03
   5.561466E+03    1.283165E+03    1.282856E-03
   5.560466E+03    1.283165E+03    1.282856E-03


   5.560466E+03    1.283165E+03    7.196954E-04
   5.560466E+03    1.282565E+03    7.196954E-04
   5.561466E+03    1.282565E+03    7.196954E-04
   5.560466E+03    1.283165E+03    7.196954E-04


   5.555466E+03    1.283165E+03   -1.228022E-04
   5.556466E+03    1.282565E+03   -1.228022E-04
   5.556466E+03    1.283165E+03   -1.228022E-04
   5.555466E+03    1.283165E+03   -1.228022E-04


   5.555466E+03    1.283165E+03   -1.041045E-04
   5.555466E+03    1.282565E+03   -1.041045E-04
   5.556466E+03    1.282565E+03   -1.041045E-04
   5.555466E+03    1.283165E+03   -1.041045E-04


   5.556466E+03    1.283165E+03   -2.446293E-04
   5.557466E+03    1.282565E+03   -2.446293E-04
   5.557466E+03    1.283165E+03   -2.446293E-04
   5.556466E+03    1.283165E+03   -2.446293E-04


   5.556466E+03    1.283165E+03   -5.666827E-05
   5.556466E+03    1.282565E+03   -5.666827E-05
   5.557466E+03    1.282565E+03   -5.666827E-05
   5.556466E+03    1.283165E+03   -5.666827E-05


   5.566266E+03    1.282565E+03    9.303163E-05
   5.566266E+03    1.283165E+03    9.303163E-05
   5.564666E+03    1.283165E+03    9.303163E-05
   5.566266E+03    1.282565E+03    9.303163E-05


   5.564666E+03    1.282565E+03    6.107210E-05
   5.566266E+03    1.282565E+03    6.107210E-05
   5.564666E+03    1.283165E+03    6.107210E-05
   5.564666E+03    1.282565E+03    6.107210E-05


   5.564666E+03    1.282565E+03    2.044917E-04
   5.564666E+03    1.283165E+03    2.044917E-04
   5.563066E+03    1.283165E+03    2.044917E-04
   5.564666E+03    1.282565E+03    2.044917E-04


   5.563066E+03    1.282565E+03    2.263450E-05
   5.564666E+03    1.282565E+03    2.263450E-05
   5.563066E+03    1.283165E+03    2.263450E-05
   5.563066E+03    1.282565E+03    2.263450E-05


   5.563066E+03    1.282565E+03    2.261329E-04
   5.563066E+03    1.283165E+03    2.261329E-04
   5.561466E+03    1.283165E+03    2.261329E-04
   5.563066E+03    1.282565E+03    2.261329E-04


   5.561466E+03    1.282565E+03   -2.921721E-04
   5.563066E+03    1.282565E+03   -2.921721E-04
   5.561466E+03    1.283165E+03   -2.921721E-04
   5.561466E+03    1.282565E+03   -2.921721E-04


   5.557466E+03    1.283165E+03   -3.120540E-04
   5.558466E+03    1.282565E+03   -3.120540E-04
   5.558466E+03    1.283165E+03   -3.120540E-04
   5.557466E+03    1.283165E+03   -3.120540E-04


   5.557466E+03    1.283165E+03    6.600117E-05
   5.557466E+03    1.282565E+03    6.600117E-05
   5.558466E+03    1.282565E+03    6.600117E-05
   5.557466E+03    1.283165E+03    6.600117E-05


   5.558466E+03    1.282565E+03    4.395103E-04
   5.559466E+03    1.281965E+03    4.395103E-04
   5.559466E+03    1.282565E+03    4.395103E-04
   5.558466E+03    1.282565E+03    4.395103E-04


   5.558466E+03    1.282565E+03    1.595173E-03
   5.558466E+03    1.281965E+03    1.595173E-03
   5.559466E+03    1.281965E+03    1.595173E-03
   5.558466E+03    1.282565E+03    1.595173E-03


   5.559466E+03    1.282565E+03    8.211717E-04
   5.560466E+03    1.281965E+03    8.211717E-04
   5.560466E+03    1.282565E+03    8.211717E-04
   5.559466E+03    1.282565E+03    8.211717E-04


   5.559466E+03    1.282565E+03    8.364749E-04
   5.559466E+03    1.281965E+03    8.364749E-04
   5.560466E+03    1.281965E+03    8.364749E-04
   5.559466E+03    1.282565E+03    8.364749E-04


   5.560466E+03    1.282565E+03    1.551743E-03
   5.561466E+03    1.281965E+03    1.551743E-03
   5.561466E+03    1.282565E+03    1.551743E-03
   5.560466E+03    1.282565E+03    1.551743E-03


   5.560466E+03    1.282565E+03    5.517363E-04
   5.560466E+03    1.281965E+03    5.517363E-04
   5.561466E+03    1.281965E+03    5.517363E-04
   5.560466E+03    1.282565E+03    5.517363E-04


   5.555466E+03    1.282565E+03   -5.499969E-05
   5.556466E+03    1.281965E+03   -5.499969E-05
   5.556466E+03    1.282565E+03   -5.499969E-05
   5.555466E+03    1.282565E+03   -5.499969E-05


   5.555466E+03    1.282565E+03   -6.556267E-05
   5.555466E+03    1.281965E+03   -6.556267E-05
   5.556466E+03    1.281965E+03   -6.556267E-05
   5.555466E+03    1.282565E+03   -6.556267E-05


   5.556466E+03    1.282565E+03   -1.421082E-04
   5.557466E+03    1.281965E+03   -1.421082E-04
   5.557466E+03    1.282565E+03   -1.421082E-04
   5.556466E+03    1.282565E+03   -1.421082E-04


   5.556466E+03    1.282565E+03    4.138549E-05
   5.556466E+03    1.281965E+03    4.138549E-05
   5.557466E+03    1.281965E+03    4.138549E-05
   5.556466E+03    1.282565E+03    4.138549E-05


   5.556466E+03    1.278965E+03    2.227689E-04
   5.556466E+03    1.279965E+03    2.227689E-04
   5.555466E+03    1.279965E+03    2.227689E-04
   5.556466E+03    1.278965E+03    2.227689E-04


   5.556466E+03    1.278965E+03    2.250527E-04
   5.555466E+03    1.279965E+03    2.250527E-04
   5.555466E+03    1.278965E+03    2.250527E-04
   5.556466E+03    1.278965E+03    2.250527E-04


   5.556466E+03    1.279965E+03    3.592987E-04
   5.556466E+03    1.280965E+03    3.592987E-04
   5.555466E+03    1.280965E+03    3.592987E-04
   5.556466E+03    1.279965E+03    3.592987E-04


   5.556466E+03    1.279965E+03    2.858492E-04
   5.555466E+03    1.280965E+03    2.858492E-04
   5.555466E+03    1.279965E+03    2.858492E-04
   5.556466E+03    1.279965E+03    2.858492E-04


   5.556466E+03    1.280965E+03    2.693949E-04
   5.556466E+03    1.281965E+03    2.693949E-04
   5.555466E+03    1.281965E+03    2.693949E-04
   5.556466E+03    1.280965E+03    2.693949E-04


   5.556466E+03    1.280965E+03    1.492569E-04
   5.555466E+03    1.281965E+03    1.492569E-04
   5.555466E+03    1.280965E+03    1.492569E-04
   5.556466E+03    1.280965E+03    1.492569E-04


   5.557466E+03    1.278965E+03    5.794551E-04
   5.557466E+03    1.279965E+03    5.794551E-04
   5.556466E+03    1.279965E+03    5.794551E-04
   5.557466E+03    1.278965E+03    5.794551E-04


   5.557466E+03    1.278965E+03    4.649954E-04
   5.556466E+03    1.279965E+03    4.649954E-04
   5.556466E+03    1.278965E+03    4.649954E-04
   5.557466E+03    1.278965E+03    4.649954E-04


   5.557466E+03    1.279965E+03    6.872934E-04
   5.557466E+03    1.280965E+03    6.872934E-04
   5.556466E+03    1.280965E+03    6.872934E-04
   5.557466E+03    1.279965E+03    6.872934E-04


   5.557466E+03    1.279965E+03    5.577919E-04
   5.556466E+03    1.280965E+03    5.577919E-04
   5.556466E+03    1.279965E+03    5.577919E-04
   5.557466E+03    1.279965E+03    5.577919E-04


   5.557466E+03    1.280965E+03    5.486216E-04
   5.557466E+03    1.281965E+03    5.486216E-04
   5.556466E+03    1.281965E+03    5.486216E-04
   5.557466E+03    1.280965E+03    5.486216E-04


   5.557466E+03    1.280965E+03    3.522359E-04
   5.556466E+03    1.281965E+03    3.522359E-04
   5.556466E+03    1.280965E+03    3.522359E-04
   5.557466E+03    1.280965E+03    3.522359E-04


   5.558466E+03    1.278965E+03    8.649229E-04
   5.558466E+03    1.279965E+03    8.649229E-04
   5.557466E+03    1.279965E+03    8.649229E-04
   5.558466E+03    1.278965E+03    8.649229E-04


   5.558466E+03    1.278965E+03    8.386193E-04
   5.557466E+03    1.279965E+03    8.386193E-04
   5.557466E+03    1.278965E+03    8.386193E-04
   5.558466E+03    1.278965E+03    8.386193E-04


   5.558466E+03    1.279965E+03    6.331603E-04
   5.558466E+03    1.280965E+03    6.331603E-04
   5.557466E+03    1.280965E+03    6.331603E-04
   5.558466E+03    1.279965E+03    6.331603E-04


   5.558466E+03    1.279965E+03    4.646866E-04
   5.557466E+03    1.280965E+03    4.646866E-04
   5.557466E+03    1.279965E+03    4.646866E-04
   5.558466E+03    1.279965E+03    4.646866E-04


   5.564666E+03    1.281965E+03    1.773742E-04
   5.566266E+03    1.280965E+03    1.773742E-04
   5.566266E+03    1.281965E+03    1.773742E-04
   5.564666E+03    1.281965E+03    1.773742E-04


   5.564666E+03    1.281965E+03    2.326418E-04
   5.564666E+03    1.280965E+03    2.326418E-04
   5.566266E+03    1.280965E+03    2.326418E-04
   5.564666E+03    1.281965E+03    2.326418E-04


   5.563066E+03    1.281965E+03    3.912544E-04
   5.564666E+03    1.280965E+03    3.912544E-04
   5.564666E+03    1.281965E+03    3.912544E-04
   5.563066E+03    1.281965E+03    3.912544E-04


   5.563066E+03    1.281965E+03    5.230668E-04
   5.563066E+03    1.280965E+03    5.230668E-04
   5.564666E+03    1.280965E+03    5.230668E-04
   5.563066E+03    1.281965E+03    5.230668E-04


   5.561466E+03    1.281965E+03    6.416504E-04
   5.563066E+03    1.280965E+03    6.416504E-04
   5.563066E+03    1.281965E+03    6.416504E-04
   5.561466E+03    1.281965E+03    6.416504E-04


   5.561466E+03    1.281965E+03    9.285169E-04
   5.561466E+03    1.280965E+03    9.285169E-04
   5.563066E+03    1.280965E+03    9.285169E-04
   5.561466E+03    1.281965E+03    9.285169E-04


   5.564666E+03    1.280965E+03    2.145998E-04
   5.566266E+03    1.279965E+03    2.145998E-04
   5.566266E+03    1.280965E+03    2.145998E-04
   5.564666E+03    1.280965E+03    2.145998E-04


   5.564666E+03    1.280965E+03    3.198183E-04
   5.564666E+03    1.279965E+03    3.198183E-04
   5.566266E+03    1.279965E+03    3.198183E-04
   5.564666E+03    1.280965E+03    3.198183E-04


   5.563066E+03    1.280965E+03    5.004869E-04
   5.564666E+03    1.279965E+03    5.004869E-04
   5.564666E+03    1.280965E+03    5.004869E-04
   5.563066E+03    1.280965E+03    5.004869E-04


   5.563066E+03    1.280965E+03    7.127185E-04
   5.563066E+03    1.279965E+03    7.127185E-04
   5.564666E+03    1.279965E+03    7.127185E-04
   5.563066E+03    1.280965E+03    7.127185E-04


   5.561466E+03    1.280965E+03    5.789197E-04
   5.563066E+03    1.279965E+03    5.789197E-04
   5.563066E+03    1.280965E+03    5.789197E-04
   5.561466E+03    1.280965E+03    5.789197E-04


   5.561466E+03    1.280965E+03    8.014582E-04
   5.561466E+03    1.279965E+03    8.014582E-04
   5.563066E+03    1.279965E+03    8.014582E-04
   5.561466E+03    1.280965E+03    8.014582E-04


   5.566266E+03    1.281965E+03    1.207193E-04
   5.566266E+03    1.282565E+03    1.207193E-04
   5.564666E+03    1.282565E+03    1.207193E-04
   5.566266E+03    1.281965E+03    1.207193E-04


   5.564666E+03    1.281965E+03    1.135713E-04
   5.566266E+03    1.281965E+03    1.135713E-04
   5.564666E+03    1.282565E+03    1.135713E-04
   5.564666E+03    1.281965E+03    1.135713E-04


   5.564666E+03    1.281965E+03    2.621955E-04
   5.564666E+03    1.282565E+03    2.621955E-04
   5.563066E+03    1.282565E+03    2.621955E-04
   5.564666E+03    1.281965E+03    2.621955E-04


   5.563066E+03    1.281965E+03    1.389230E-04
   5.564666E+03    1.281965E+03    1.389230E-04
   5.563066E+03    1.282565E+03    1.389230E-04
   5.563066E+03    1.281965E+03    1.389230E-04


   5.564666E+03    1.279965E+03    2.007581E-04
   5.566266E+03    1.278965E+03    2.007581E-04
   5.566266E+03    1.279965E+03    2.007581E-04
   5.564666E+03    1.279965E+03    2.007581E-04


   5.564666E+03    1.279965E+03    3.160096E-04
   5.564666E+03    1.278965E+03    3.160096E-04
   5.566266E+03    1.278965E+03    3.160096E-04
   5.564666E+03    1.279965E+03    3.160096E-04


   5.563066E+03    1.279965E+03    4.717425E-04
   5.564666E+03    1.278965E+03    4.717425E-04
   5.564666E+03    1.279965E+03    4.717425E-04
   5.563066E+03    1.279965E+03    4.717425E-04


   5.563066E+03    1.279965E+03    6.709180E-04
   5.563066E+03    1.278965E+03    6.709180E-04
   5.564666E+03    1.278965E+03    6.709180E-04
   5.563066E+03    1.279965E+03    6.709180E-04


   5.561466E+03    1.279965E+03    5.332185E-04
   5.563066E+03    1.278965E+03    5.332185E-04
   5.563066E+03    1.279965E+03    5.332185E-04
   5.561466E+03    1.279965E+03    5.332185E-04


   5.561466E+03    1.279965E+03    1.141588E-03
   5.561466E+03    1.278965E+03    1.141588E-03
   5.563066E+03    1.278965E+03    1.141588E-03
   5.561466E+03    1.279965E+03    1.141588E-03


   5.563066E+03    1.281965E+03    3.486811E-04
   5.563066E+03    1.282565E+03    3.486811E-04
   5.561466E+03    1.282565E+03    3.486811E-04
   5.563066E+03    1.281965E+03    3.486811E-04


   5.561466E+03    1.281965E+03   -1.710329E-04
   5.563066E+03    1.281965E+03   -1.710329E-04
   5.561466E+03    1.282565E+03   -1.710329E-04
   5.561466E+03    1.281965E+03   -1.710329E-04


   5.557466E+03    1.282565E+03   -2.157581E-04
   5.558466E+03    1.281965E+03   -2.157581E-04
   5.558466E+03    1.282565E+03   -2.157581E-04
   5.557466E+03    1.282565E+03   -2.157581E-04


   5.557466E+03    1.282565E+03    1.059896E-04
   5.557466E+03    1.281965E+03    1.059896E-04
   5.558466E+03    1.281965E+03    1.059896E-04
   5.557466E+03    1.282565E+03    1.059896E-04


   5.558466E+03    1.280965E+03    1.063616E-03
   5.558466E+03    1.281965E+03    1.063616E-03
   5.557466E+03    1.281965E+03    1.063616E-03
   5.558466E+03    1.280965E+03    1.063616E-03


   5.558466E+03    1.280965E+03    3.689730E-04
   5.557466E+03    1.281965E+03    3.689730E-04
   5.557466E+03    1.280965E+03    3.689730E-04
   5.558466E+03    1.280965E+03    3.689730E-04


   5.558466E+03    1.278965E+03    5.799825E-04
   5.559466E+03    1.278365E+03    5.799825E-04
   5.559466E+03    1.278965E+03    5.799825E-04
   5.558466E+03    1.278965E+03    5.799825E-04


   5.558466E+03    1.278965E+03    1.922694E-03
   5.558466E+03    1.278365E+03    1.922694E-03
   5.559466E+03    1.278365E+03    1.922694E-03
   5.558466E+03    1.278965E+03    1.922694E-03


   5.559466E+03    1.278965E+03    1.171469E-03
   5.560466E+03    1.278365E+03    1.171469E-03
   5.560466E+03    1.278965E+03    1.171469E-03
   5.559466E+03    1.278965E+03    1.171469E-03


   5.559466E+03    1.278965E+03    1.160530E-03
   5.559466E+03    1.278365E+03    1.160530E-03
   5.560466E+03    1.278365E+03    1.160530E-03
   5.559466E+03    1.278965E+03    1.160530E-03


   5.560466E+03    1.278965E+03    1.934726E-03
   5.561466E+03    1.278365E+03    1.934726E-03
   5.561466E+03    1.278965E+03    1.934726E-03
   5.560466E+03    1.278965E+03    1.934726E-03


   5.560466E+03    1.278965E+03    5.285004E-04
   5.560466E+03    1.278365E+03    5.285004E-04
   5.561466E+03    1.278365E+03    5.285004E-04
   5.560466E+03    1.278965E+03    5.285004E-04


   5.555466E+03    1.278965E+03   -9.335907E-05
   5.556466E+03    1.278365E+03   -9.335907E-05
   5.556466E+03    1.278965E+03   -9.335907E-05
   5.555466E+03    1.278965E+03   -9.335907E-05


   5.555466E+03    1.278965E+03    1.390875E-05
   5.555466E+03    1.278365E+03    1.390875E-05
   5.556466E+03    1.278365E+03    1.390875E-05
   5.555466E+03    1.278965E+03    1.390875E-05


   5.556466E+03    1.278965E+03   -1.502984E-04
   5.557466E+03    1.278365E+03   -1.502984E-04
   5.557466E+03    1.278965E+03   -1.502984E-04
   5.556466E+03    1.278965E+03   -1.502984E-04


   5.556466E+03    1.278965E+03    1.178801E-04
   5.556466E+03    1.278365E+03    1.178801E-04
   5.557466E+03    1.278365E+03    1.178801E-04
   5.556466E+03    1.278965E+03    1.178801E-04


   5.566266E+03    1.278365E+03    1.499902E-04
   5.566266E+03    1.278965E+03    1.499902E-04
   5.564666E+03    1.278965E+03    1.499902E-04
   5.566266E+03    1.278365E+03    1.499902E-04


   5.564666E+03    1.278365E+03    2.145748E-04
   5.566266E+03    1.278365E+03    2.145748E-04
   5.564666E+03    1.278965E+03    2.145748E-04
   5.564666E+03    1.278365E+03    2.145748E-04


   5.564666E+03    1.278365E+03    3.884374E-04
   5.564666E+03    1.278965E+03    3.884374E-04
   5.563066E+03    1.278965E+03    3.884374E-04
   5.564666E+03    1.278365E+03    3.884374E-04


   5.563066E+03    1.278365E+03    2.722058E-04
   5.564666E+03    1.278365E+03    2.722058E-04
   5.563066E+03    1.278965E+03    2.722058E-04
   5.563066E+03    1.278365E+03    2.722058E-04


   5.563066E+03    1.278365E+03    3.446833E-04
   5.563066E+03    1.278965E+03    3.446833E-04
   5.561466E+03    1.278965E+03    3.446833E-04
   5.563066E+03    1.278365E+03    3.446833E-04


   5.561466E+03    1.278365E+03   -1.613653E-04
   5.563066E+03    1.278365E+03   -1.613653E-04
   5.561466E+03    1.278965E+03   -1.613653E-04
   5.561466E+03    1.278365E+03   -1.613653E-04


   5.557466E+03    1.278965E+03   -4.668117E-04
   5.558466E+03    1.278365E+03   -4.668117E-04
   5.558466E+03    1.278965E+03   -4.668117E-04
   5.557466E+03    1.278965E+03   -4.668117E-04


   5.557466E+03    1.278965E+03    3.087542E-04
   5.557466E+03    1.278365E+03    3.087542E-04
   5.558466E+03    1.278365E+03    3.087542E-04
   5.557466E+03    1.278965E+03    3.087542E-04


   5.558466E+03    1.278365E+03    8.975961E-04
   5.559466E+03    1.277765E+03    8.975961E-04
   5.559466E+03    1.278365E+03    8.975961E-04
   5.558466E+03    1.278365E+03    8.975961E-04


   5.558466E+03    1.278365E+03    1.779477E-03
   5.558466E+03    1.277765E+03    1.779477E-03
   5.559466E+03    1.277765E+03    1.779477E-03
   5.558466E+03    1.278365E+03    1.779477E-03


   5.559466E+03    1.278365E+03    1.626704E-03
   5.560466E+03    1.277765E+03    1.626704E-03
   5.560466E+03    1.278365E+03    1.626704E-03
   5.559466E+03    1.278365E+03    1.626704E-03


   5.559466E+03    1.278365E+03    1.612233E-03
   5.559466E+03    1.277765E+03    1.612233E-03
   5.560466E+03    1.277765E+03    1.612233E-03
   5.559466E+03    1.278365E+03    1.612233E-03


   5.560466E+03    1.278365E+03    1.746408E-03
   5.561466E+03    1.277765E+03    1.746408E-03
   5.561466E+03    1.278365E+03    1.746408E-03
   5.560466E+03    1.278365E+03    1.746408E-03


   5.560466E+03    1.278365E+03    9.310229E-04
   5.560466E+03    1.277765E+03    9.310229E-04
   5.561466E+03    1.277765E+03    9.310229E-04
   5.560466E+03    1.278365E+03    9.310229E-04


   5.555466E+03    1.278365E+03   -1.912614E-04
   5.556466E+03    1.277765E+03   -1.912614E-04
   5.556466E+03    1.278365E+03   -1.912614E-04
   5.555466E+03    1.278365E+03   -1.912614E-04


   5.555466E+03    1.278365E+03   -5.563223E-05
   5.555466E+03    1.277765E+03   -5.563223E-05
   5.556466E+03    1.277765E+03   -5.563223E-05
   5.555466E+03    1.278365E+03   -5.563223E-05


   5.556466E+03    1.278365E+03   -3.365437E-04
   5.557466E+03    1.277765E+03   -3.365437E-04
   5.557466E+03    1.278365E+03   -3.365437E-04
   5.556466E+03    1.278365E+03   -3.365437E-04


   5.556466E+03    1.278365E+03    1.949850E-05
   5.556466E+03    1.277765E+03    1.949850E-05
   5.557466E+03    1.277765E+03    1.949850E-05
   5.556466E+03    1.278365E+03    1.949850E-05


   5.566266E+03    1.277765E+03    1.468837E-04
   5.566266E+03    1.278365E+03    1.468837E-04
   5.564666E+03    1.278365E+03    1.468837E-04
   5.566266E+03    1.277765E+03    1.468837E-04


   5.564666E+03    1.277765E+03    2.122328E-04
   5.566266E+03    1.277765E+03    2.122328E-04
   5.564666E+03    1.278365E+03    2.122328E-04
   5.564666E+03    1.277765E+03    2.122328E-04


   5.564666E+03    1.277765E+03    3.616379E-04
   5.564666E+03    1.278365E+03    3.616379E-04
   5.563066E+03    1.278365E+03    3.616379E-04
   5.564666E+03    1.277765E+03    3.616379E-04


   5.563066E+03    1.277765E+03    1.950281E-04
   5.564666E+03    1.277765E+03    1.950281E-04
   5.563066E+03    1.278365E+03    1.950281E-04
   5.563066E+03    1.277765E+03    1.950281E-04


   5.563066E+03    1.277765E+03    3.385244E-04
   5.563066E+03    1.278365E+03    3.385244E-04
   5.561466E+03    1.278365E+03    3.385244E-04
   5.563066E+03    1.277765E+03    3.385244E-04


   5.561466E+03    1.277765E+03   -2.776765E-04
   5.563066E+03    1.277765E+03   -2.776765E-04
   5.561466E+03    1.278365E+03   -2.776765E-04
   5.561466E+03    1.277765E+03   -2.776765E-04


   5.557466E+03    1.278365E+03   -4.461372E-04
   5.558466E+03    1.277765E+03   -4.461372E-04
   5.558466E+03    1.278365E+03   -4.461372E-04
   5.557466E+03    1.278365E+03   -4.461372E-04


   5.557466E+03    1.278365E+03    1.705301E-04
   5.557466E+03    1.277765E+03    1.705301E-04
   5.558466E+03    1.277765E+03    1.705301E-04
   5.557466E+03    1.278365E+03    1.705301E-04


   5.558466E+03    1.277765E+03    5.811708E-04
   5.559466E+03    1.277165E+03    5.811708E-04
   5.559466E+03    1.277765E+03    5.811708E-04
   5.558466E+03    1.277765E+03    5.811708E-04


   5.558466E+03    1.277765E+03    2.039766E-03
   5.558466E+03    1.277165E+03    2.039766E-03
   5.559466E+03    1.277165E+03    2.039766E-03
   5.558466E+03    1.277765E+03    2.039766E-03


   5.559466E+03    1.277765E+03    1.115430E-03
   5.560466E+03    1.277165E+03    1.115430E-03
   5.560466E+03    1.277765E+03    1.115430E-03
   5.559466E+03    1.277765E+03    1.115430E-03


   5.559466E+03    1.277765E+03    1.095397E-03
   5.559466E+03    1.277165E+03    1.095397E-03
   5.560466E+03    1.277165E+03    1.095397E-03
   5.559466E+03    1.277765E+03    1.095397E-03


   5.560466E+03    1.277765E+03    1.974546E-03
   5.561466E+03    1.277165E+03    1.974546E-03
   5.561466E+03    1.277765E+03    1.974546E-03
   5.560466E+03    1.277765E+03    1.974546E-03


   5.560466E+03    1.277765E+03    6.481642E-04
   5.560466E+03    1.277165E+03    6.481642E-04
   5.561466E+03    1.277165E+03    6.481642E-04
   5.560466E+03    1.277765E+03    6.481642E-04


   5.555466E+03    1.277765E+03   -1.142417E-04
   5.556466E+03    1.277165E+03   -1.142417E-04
   5.556466E+03    1.277765E+03   -1.142417E-04
   5.555466E+03    1.277765E+03   -1.142417E-04


   5.555466E+03    1.277765E+03   -8.575660E-06
   5.555466E+03    1.277165E+03   -8.575660E-06
   5.556466E+03    1.277165E+03   -8.575660E-06
   5.555466E+03    1.277765E+03   -8.575660E-06


   5.556466E+03    1.277765E+03   -2.091689E-04
   5.557466E+03    1.277165E+03   -2.091689E-04
   5.557466E+03    1.277765E+03   -2.091689E-04
   5.556466E+03    1.277765E+03   -2.091689E-04


   5.556466E+03    1.277765E+03    1.281404E-04
   5.556466E+03    1.277165E+03    1.281404E-04
   5.557466E+03    1.277165E+03    1.281404E-04
   5.556466E+03    1.277765E+03    1.281404E-04


   5.556466E+03    1.274165E+03    2.076969E-04
   5.556466E+03    1.275165E+03    2.076969E-04
   5.555466E+03    1.275165E+03    2.076969E-04
   5.556466E+03    1.274165E+03    2.076969E-04


   5.556466E+03    1.274165E+03    3.891939E-04
   5.555466E+03    1.275165E+03    3.891939E-04
   5.555466E+03    1.274165E+03    3.891939E-04
   5.556466E+03    1.274165E+03    3.891939E-04


   5.556466E+03    1.275165E+03    3.560398E-04
   5.556466E+03    1.276165E+03    3.560398E-04
   5.555466E+03    1.276165E+03    3.560398E-04
   5.556466E+03    1.275165E+03    3.560398E-04


   5.556466E+03    1.275165E+03    4.308000E-04
   5.555466E+03    1.276165E+03    4.308000E-04
   5.555466E+03    1.275165E+03    4.308000E-04
   5.556466E+03    1.275165E+03    4.308000E-04


   5.556466E+03    1.276165E+03    2.500130E-04
   5.556466E+03    1.277165E+03    2.500130E-04
   5.555466E+03    1.277165E+03    2.500130E-04
   5.556466E+03    1.276165E+03    2.500130E-04


   5.556466E+03    1.276165E+03    2.581947E-04
   5.555466E+03    1.277165E+03    2.581947E-04
   5.555466E+03    1.276165E+03    2.581947E-04
   5.556466E+03    1.276165E+03    2.581947E-04


   5.557466E+03    1.274165E+03    6.045062E-04
   5.557466E+03    1.275165E+03    6.045062E-04
   5.556466E+03    1.275165E+03    6.045062E-04
   5.557466E+03    1.274165E+03    6.045062E-04


   5.557466E+03    1.274165E+03    7.028197E-04
   5.556466E+03    1.275165E+03    7.028197E-04
   5.556466E+03    1.274165E+03    7.028197E-04
   5.557466E+03    1.274165E+03    7.028197E-04


   5.557466E+03    1.275165E+03    7.439654E-04
   5.557466E+03    1.276165E+03    7.439654E-04
   5.556466E+03    1.276165E+03    7.439654E-04
   5.557466E+03    1.275165E+03    7.439654E-04


   5.557466E+03    1.275165E+03    7.651119E-04
   5.556466E+03    1.276165E+03    7.651119E-04
   5.556466E+03    1.275165E+03    7.651119E-04
   5.557466E+03    1.275165E+03    7.651119E-04


   5.557466E+03    1.276165E+03    6.177801E-04
   5.557466E+03    1.277165E+03    6.177801E-04
   5.556466E+03    1.277165E+03    6.177801E-04
   5.557466E+03    1.276165E+03    6.177801E-04


   5.557466E+03    1.276165E+03    5.281700E-04
   5.556466E+03    1.277165E+03    5.281700E-04
   5.556466E+03    1.276165E+03    5.281700E-04
   5.557466E+03    1.276165E+03    5.281700E-04


   5.558466E+03    1.274165E+03    8.160428E-04
   5.558466E+03    1.275165E+03    8.160428E-04
   5.557466E+03    1.275165E+03    8.160428E-04
   5.558466E+03    1.274165E+03    8.160428E-04


   5.558466E+03    1.274165E+03    1.011251E-03
   5.557466E+03    1.275165E+03    1.011251E-03
   5.557466E+03    1.274165E+03    1.011251E-03
   5.558466E+03    1.274165E+03    1.011251E-03


   5.558466E+03    1.275165E+03    6.895732E-04
   5.558466E+03    1.276165E+03    6.895732E-04
   5.557466E+03    1.276165E+03    6.895732E-04
   5.558466E+03    1.275165E+03    6.895732E-04


   5.558466E+03    1.275165E+03    6.565716E-04
   5.557466E+03    1.276165E+03    6.565716E-04
   5.557466E+03    1.275165E+03    6.565716E-04
   5.558466E+03    1.275165E+03    6.565716E-04


   5.564666E+03    1.277165E+03    2.150965E-04
   5.566266E+03    1.276165E+03    2.150965E-04
   5.566266E+03    1.277165E+03    2.150965E-04
   5.564666E+03    1.277165E+03    2.150965E-04


   5.564666E+03    1.277165E+03    4.402413E-04
   5.564666E+03    1.276165E+03    4.402413E-04
   5.566266E+03    1.276165E+03    4.402413E-04
   5.564666E+03    1.277165E+03    4.402413E-04


   5.563066E+03    1.277165E+03    5.179216E-04
   5.564666E+03    1.276165E+03    5.179216E-04
   5.564666E+03    1.277165E+03    5.179216E-04
   5.563066E+03    1.277165E+03    5.179216E-04


   5.563066E+03    1.277165E+03    8.262721E-04
   5.563066E+03    1.276165E+03    8.262721E-04
   5.564666E+03    1.276165E+03    8.262721E-04
   5.563066E+03    1.277165E+03    8.262721E-04


   5.561466E+03    1.277165E+03    7.664675E-04
   5.563066E+03    1.276165E+03    7.664675E-04
   5.563066E+03    1.277165E+03    7.664675E-04
   5.561466E+03    1.277165E+03    7.664675E-04


   5.561466E+03    1.277165E+03    1.262139E-03
   5.561466E+03    1.276165E+03    1.262139E-03
   5.563066E+03    1.276165E+03    1.262139E-03
   5.561466E+03    1.277165E+03    1.262139E-03


   5.564666E+03    1.276165E+03    2.363779E-04
   5.566266E+03    1.275165E+03    2.363779E-04
   5.566266E+03    1.276165E+03    2.363779E-04
   5.564666E+03    1.276165E+03    2.363779E-04


   5.564666E+03    1.276165E+03    5.395021E-04
   5.564666E+03    1.275165E+03    5.395021E-04
   5.566266E+03    1.275165E+03    5.395021E-04
   5.564666E+03    1.276165E+03    5.395021E-04


   5.563066E+03    1.276165E+03    6.221856E-04
   5.564666E+03    1.275165E+03    6.221856E-04
   5.564666E+03    1.276165E+03    6.221856E-04
   5.563066E+03    1.276165E+03    6.221856E-04


   5.563066E+03    1.276165E+03    1.028081E-03
   5.563066E+03    1.275165E+03    1.028081E-03
   5.564666E+03    1.275165E+03    1.028081E-03
   5.563066E+03    1.276165E+03    1.028081E-03


   5.561466E+03    1.276165E+03    6.563749E-04
   5.563066E+03    1.275165E+03    6.563749E-04
   5.563066E+03    1.276165E+03    6.563749E-04
   5.561466E+03    1.276165E+03    6.563749E-04


   5.561466E+03    1.276165E+03    1.057728E-03
   5.561466E+03    1.275165E+03    1.057728E-03
   5.563066E+03    1.275165E+03    1.057728E-03
   5.561466E+03    1.276165E+03    1.057728E-03


   5.566266E+03    1.277165E+03    1.594539E-04
   5.566266E+03    1.277765E+03    1.594539E-04
   5.564666E+03    1.277765E+03    1.594539E-04
   5.566266E+03    1.277165E+03    1.594539E-04


   5.564666E+03    1.277165E+03    2.675715E-04
   5.566266E+03    1.277165E+03    2.675715E-04
   5.564666E+03    1.277765E+03    2.675715E-04
   5.564666E+03    1.277165E+03    2.675715E-04


   5.564666E+03    1.277165E+03    4.095644E-04
   5.564666E+03    1.277765E+03    4.095644E-04
   5.563066E+03    1.277765E+03    4.095644E-04
   5.564666E+03    1.277165E+03    4.095644E-04


   5.563066E+03    1.277165E+03    3.338846E-04
   5.564666E+03    1.277165E+03    3.338846E-04
   5.563066E+03    1.277765E+03    3.338846E-04
   5.563066E+03    1.277165E+03    3.338846E-04


   5.564666E+03    1.275165E+03    2.166455E-04
   5.566266E+03    1.274165E+03    2.166455E-04
   5.566266E+03    1.275165E+03    2.166455E-04
   5.564666E+03    1.275165E+03    2.166455E-04


   5.564666E+03    1.275165E+03    5.390850E-04
   5.564666E+03    1.274165E+03    5.390850E-04
   5.566266E+03    1.274165E+03    5.390850E-04
   5.564666E+03    1.275165E+03    5.390850E-04


   5.563066E+03    1.275165E+03    5.677071E-04
   5.564666E+03    1.274165E+03    5.677071E-04
   5.564666E+03    1.275165E+03    5.677071E-04
   5.563066E+03    1.275165E+03    5.677071E-04


   5.563066E+03    1.275165E+03    9.645659E-04
   5.563066E+03    1.274165E+03    9.645659E-04
   5.564666E+03    1.274165E+03    9.645659E-04
   5.563066E+03    1.275165E+03    9.645659E-04


   5.561466E+03    1.275165E+03    5.740614E-04
   5.563066E+03    1.274165E+03    5.740614E-04
   5.563066E+03    1.275165E+03    5.740614E-04
   5.561466E+03    1.275165E+03    5.740614E-04


   5.561466E+03    1.275165E+03    1.365933E-03
   5.561466E+03    1.274165E+03    1.365933E-03
   5.563066E+03    1.274165E+03    1.365933E-03
   5.561466E+03    1.275165E+03    1.365933E-03


   5.563066E+03    1.277165E+03    4.712824E-04
   5.563066E+03    1.277765E+03    4.712824E-04
   5.561466E+03    1.277765E+03    4.712824E-04
   5.563066E+03    1.277165E+03    4.712824E-04


   5.561466E+03    1.277165E+03   -1.013059E-04
   5.563066E+03    1.277165E+03   -1.013059E-04
   5.561466E+03    1.277765E+03   -1.013059E-04
   5.561466E+03    1.277165E+03   -1.013059E-04


   5.557466E+03    1.277765E+03   -2.874198E-04
   5.558466E+03    1.277165E+03   -2.874198E-04
   5.558466E+03    1.277765E+03   -2.874198E-04
   5.557466E+03    1.277765E+03   -2.874198E-04


   5.557466E+03    1.277765E+03    2.181661E-04
   5.557466E+03    1.277165E+03    2.181661E-04
   5.558466E+03    1.277165E+03    2.181661E-04
   5.557466E+03    1.277765E+03    2.181661E-04


   5.558466E+03    1.276165E+03    1.298044E-03
   5.558466E+03    1.277165E+03    1.298044E-03
   5.557466E+03    1.277165E+03    1.298044E-03
   5.558466E+03    1.276165E+03    1.298044E-03


   5.558466E+03    1.276165E+03    5.747645E-04
   5.557466E+03    1.277165E+03    5.747645E-04
   5.557466E+03    1.276165E+03    5.747645E-04
   5.558466E+03    1.276165E+03    5.747645E-04


   5.558466E+03    1.274165E+03    5.340165E-04
   5.559466E+03    1.273565E+03    5.340165E-04
   5.559466E+03    1.274165E+03    5.340165E-04
   5.558466E+03    1.274165E+03    5.340165E-04


   5.558466E+03    1.274165E+03    1.815788E-03
   5.558466E+03    1.273565E+03    1.815788E-03
   5.559466E+03    1.273565E+03    1.815788E-03
   5.558466E+03    1.274165E+03    1.815788E-03


   5.559466E+03    1.274165E+03    1.059323E-03
   5.560466E+03    1.273565E+03    1.059323E-03
   5.560466E+03    1.274165E+03    1.059323E-03
   5.559466E+03    1.274165E+03    1.059323E-03


   5.559466E+03    1.274165E+03    1.059112E-03
   5.559466E+03    1.273565E+03    1.059112E-03
   5.560466E+03    1.273565E+03    1.059112E-03
   5.559466E+03    1.274165E+03    1.059112E-03


   5.560466E+03    1.274165E+03    1.991832E-03
   5.561466E+03    1.273565E+03    1.991832E-03
   5.561466E+03    1.274165E+03    1.991832E-03
   5.560466E+03    1.274165E+03    1.991832E-03


   5.560466E+03    1.274165E+03    5.388525E-04
   5.560466E+03    1.273565E+03    5.388525E-04
   5.561466E+03    1.273565E+03    5.388525E-04
   5.560466E+03    1.274165E+03    5.388525E-04


   5.555466E+03    1.274165E+03   -4.836772E-05
   5.556466E+03    1.273565E+03   -4.836772E-05
   5.556466E+03    1.274165E+03   -4.836772E-05
   5.555466E+03    1.274165E+03   -4.836772E-05


   5.555466E+03    1.274165E+03    2.013974E-04
   5.555466E+03    1.273565E+03    2.013974E-04
   5.556466E+03    1.273565E+03    2.013974E-04
   5.555466E+03    1.274165E+03    2.013974E-04


   5.556466E+03    1.274165E+03   -5.943511E-05
   5.557466E+03    1.273565E+03   -5.943511E-05
   5.557466E+03    1.274165E+03   -5.943511E-05
   5.556466E+03    1.274165E+03   -5.943511E-05


   5.556466E+03    1.274165E+03    3.735697E-04
   5.556466E+03    1.273565E+03    3.735697E-04
   5.557466E+03    1.273565E+03    3.735697E-04
   5.556466E+03    1.274165E+03    3.735697E-04


   5.566266E+03    1.273565E+03    1.492321E-04
   5.566266E+03    1.274165E+03    1.492321E-04
   5.564666E+03    1.274165E+03    1.492321E-04
   5.566266E+03    1.273565E+03    1.492321E-04


   5.564666E+03    1.273565E+03    3.886714E-04
   5.566266E+03    1.273565E+03    3.886714E-04
   5.564666E+03    1.274165E+03    3.886714E-04
   5.564666E+03    1.273565E+03    3.886714E-04


   5.564666E+03    1.273565E+03    4.983538E-04
   5.564666E+03    1.274165E+03    4.983538E-04
   5.563066E+03    1.274165E+03    4.983538E-04
   5.564666E+03    1.273565E+03    4.983538E-04


   5.563066E+03    1.273565E+03    5.094232E-04
   5.564666E+03    1.273565E+03    5.094232E-04
   5.563066E+03    1.274165E+03    5.094232E-04
   5.563066E+03    1.273565E+03    5.094232E-04


   5.563066E+03    1.273565E+03    4.218547E-04
   5.563066E+03    1.274165E+03    4.218547E-04
   5.561466E+03    1.274165E+03    4.218547E-04
   5.563066E+03    1.273565E+03    4.218547E-04


   5.561466E+03    1.273565E+03    2.725564E-05
   5.563066E+03    1.273565E+03    2.725564E-05
   5.561466E+03    1.274165E+03    2.725564E-05
   5.561466E+03    1.273565E+03    2.725564E-05


   5.557466E+03    1.274165E+03   -4.847359E-04
   5.558466E+03    1.273565E+03   -4.847359E-04
   5.558466E+03    1.274165E+03   -4.847359E-04
   5.557466E+03    1.274165E+03   -4.847359E-04


   5.557466E+03    1.274165E+03    4.815025E-04
   5.557466E+03    1.273565E+03    4.815025E-04
   5.558466E+03    1.273565E+03    4.815025E-04
   5.557466E+03    1.274165E+03    4.815025E-04


   5.558466E+03    1.273565E+03    8.184082E-04
   5.559466E+03    1.272965E+03    8.184082E-04
   5.559466E+03    1.273565E+03    8.184082E-04
   5.558466E+03    1.273565E+03    8.184082E-04


   5.558466E+03    1.273565E+03    1.605542E-03
   5.558466E+03    1.272965E+03    1.605542E-03
   5.559466E+03    1.272965E+03    1.605542E-03
   5.558466E+03    1.273565E+03    1.605542E-03


   5.559466E+03    1.273565E+03    1.461983E-03
   5.560466E+03    1.272965E+03    1.461983E-03
   5.560466E+03    1.273565E+03    1.461983E-03
   5.559466E+03    1.273565E+03    1.461983E-03


   5.559466E+03    1.273565E+03    1.431876E-03
   5.559466E+03    1.272965E+03    1.431876E-03
   5.560466E+03    1.272965E+03    1.431876E-03
   5.559466E+03    1.273565E+03    1.431876E-03


   5.560466E+03    1.273565E+03    1.628230E-03
   5.561466E+03    1.272965E+03    1.628230E-03
   5.561466E+03    1.273565E+03    1.628230E-03
   5.560466E+03    1.273565E+03    1.628230E-03


   5.560466E+03    1.273565E+03    7.890354E-04
   5.560466E+03    1.272965E+03    7.890354E-04
   5.561466E+03    1.272965E+03    7.890354E-04
   5.560466E+03    1.273565E+03    7.890354E-04


   5.555466E+03    1.273565E+03   -1.355498E-04
   5.556466E+03    1.272965E+03   -1.355498E-04
   5.556466E+03    1.273565E+03   -1.355498E-04
   5.555466E+03    1.273565E+03   -1.355498E-04


   5.555466E+03    1.273565E+03    1.577829E-04
   5.555466E+03    1.272965E+03    1.577829E-04
   5.556466E+03    1.272965E+03    1.577829E-04
   5.555466E+03    1.273565E+03    1.577829E-04


   5.556466E+03    1.273565E+03   -2.044820E-04
   5.557466E+03    1.272965E+03   -2.044820E-04
   5.557466E+03    1.273565E+03   -2.044820E-04
   5.556466E+03    1.273565E+03   -2.044820E-04


   5.556466E+03    1.273565E+03    3.102979E-04
   5.556466E+03    1.272965E+03    3.102979E-04
   5.557466E+03    1.272965E+03    3.102979E-04
   5.556466E+03    1.273565E+03    3.102979E-04


   5.566266E+03    1.272965E+03    1.481344E-04
   5.566266E+03    1.273565E+03    1.481344E-04
   5.564666E+03    1.273565E+03    1.481344E-04
   5.566266E+03    1.272965E+03    1.481344E-04


   5.564666E+03    1.272965E+03    3.858464E-04
   5.566266E+03    1.272965E+03    3.858464E-04
   5.564666E+03    1.273565E+03    3.858464E-04
   5.564666E+03    1.272965E+03    3.858464E-04


   5.564666E+03    1.272965E+03    4.604561E-04
   5.564666E+03    1.273565E+03    4.604561E-04
   5.563066E+03    1.273565E+03    4.604561E-04
   5.564666E+03    1.272965E+03    4.604561E-04


   5.563066E+03    1.272965E+03    4.483925E-04
   5.564666E+03    1.272965E+03    4.483925E-04
   5.563066E+03    1.273565E+03    4.483925E-04
   5.563066E+03    1.272965E+03    4.483925E-04


   5.563066E+03    1.272965E+03    3.959957E-04
   5.563066E+03    1.273565E+03    3.959957E-04
   5.561466E+03    1.273565E+03    3.959957E-04
   5.563066E+03    1.272965E+03    3.959957E-04


   5.561466E+03    1.272965E+03   -3.139690E-05
   5.563066E+03    1.272965E+03   -3.139690E-05
   5.561466E+03    1.273565E+03   -3.139690E-05
   5.561466E+03    1.272965E+03   -3.139690E-05


   5.557466E+03    1.273565E+03   -3.730332E-04
   5.558466E+03    1.272965E+03   -3.730332E-04
   5.558466E+03    1.273565E+03   -3.730332E-04
   5.557466E+03    1.273565E+03   -3.730332E-04


   5.557466E+03    1.273565E+03    3.877496E-04
   5.557466E+03    1.272965E+03    3.877496E-04
   5.558466E+03    1.272965E+03    3.877496E-04
   5.557466E+03    1.273565E+03    3.877496E-04


   5.558466E+03    1.272965E+03    5.212977E-04
   5.559466E+03    1.272365E+03    5.212977E-04
   5.559466E+03    1.272965E+03    5.212977E-04
   5.558466E+03    1.272965E+03    5.212977E-04


   5.558466E+03    1.272965E+03    1.720506E-03
   5.558466E+03    1.272365E+03    1.720506E-03
   5.559466E+03    1.272365E+03    1.720506E-03
   5.558466E+03    1.272965E+03    1.720506E-03


   5.559466E+03    1.272965E+03    1.037983E-03
   5.560466E+03    1.272365E+03    1.037983E-03
   5.560466E+03    1.272965E+03    1.037983E-03
   5.559466E+03    1.272965E+03    1.037983E-03


   5.559466E+03    1.272965E+03    9.567540E-04
   5.559466E+03    1.272365E+03    9.567540E-04
   5.560466E+03    1.272365E+03    9.567540E-04
   5.559466E+03    1.272965E+03    9.567540E-04


   5.560466E+03    1.272965E+03    1.614753E-03
   5.561466E+03    1.272365E+03    1.614753E-03
   5.561466E+03    1.272965E+03    1.614753E-03
   5.560466E+03    1.272965E+03    1.614753E-03


   5.560466E+03    1.272965E+03    4.321966E-04
   5.560466E+03    1.272365E+03    4.321966E-04
   5.561466E+03    1.272365E+03    4.321966E-04
   5.560466E+03    1.272965E+03    4.321966E-04


   5.555466E+03    1.272965E+03   -5.838639E-05
   5.556466E+03    1.272365E+03   -5.838639E-05
   5.556466E+03    1.272965E+03   -5.838639E-05
   5.555466E+03    1.272965E+03   -5.838639E-05


   5.555466E+03    1.272965E+03    2.396872E-04
   5.555466E+03    1.272365E+03    2.396872E-04
   5.556466E+03    1.272365E+03    2.396872E-04
   5.555466E+03    1.272965E+03    2.396872E-04


   5.556466E+03    1.272965E+03   -5.529612E-05
   5.557466E+03    1.272365E+03   -5.529612E-05
   5.557466E+03    1.272965E+03   -5.529612E-05
   5.556466E+03    1.272965E+03   -5.529612E-05


   5.556466E+03    1.272965E+03    4.354125E-04
   5.556466E+03    1.272365E+03    4.354125E-04
   5.557466E+03    1.272365E+03    4.354125E-04
   5.556466E+03    1.272965E+03    4.354125E-04


   5.556466E+03    1.269365E+03    2.293124E-04
   5.556466E+03    1.270365E+03    2.293124E-04
   5.555466E+03    1.270365E+03    2.293124E-04
   5.556466E+03    1.269365E+03    2.293124E-04


   5.556466E+03    1.269365E+03    1.472191E-03
   5.555466E+03    1.270365E+03    1.472191E-03
   5.555466E+03    1.269365E+03    1.472191E-03
   5.556466E+03    1.269365E+03    1.472191E-03


   5.556466E+03    1.270365E+03    2.599637E-04
   5.556466E+03    1.271365E+03    2.599637E-04
   5.555466E+03    1.271365E+03    2.599637E-04
   5.556466E+03    1.270365E+03    2.599637E-04


   5.556466E+03    1.270365E+03    8.625798E-04
   5.555466E+03    1.271365E+03    8.625798E-04
   5.555466E+03    1.270365E+03    8.625798E-04
   5.556466E+03    1.270365E+03    8.625798E-04


   5.556466E+03    1.271365E+03    1.693853E-04
   5.556466E+03    1.272365E+03    1.693853E-04
   5.555466E+03    1.272365E+03    1.693853E-04
   5.556466E+03    1.271365E+03    1.693853E-04


   5.556466E+03    1.271365E+03    5.339382E-04
   5.555466E+03    1.272365E+03    5.339382E-04
   5.555466E+03    1.271365E+03    5.339382E-04
   5.556466E+03    1.271365E+03    5.339382E-04


   5.557466E+03    1.269365E+03    2.850765E-04
   5.557466E+03    1.270365E+03    2.850765E-04
   5.556466E+03    1.270365E+03    2.850765E-04
   5.557466E+03    1.269365E+03    2.850765E-04


   5.557466E+03    1.269365E+03    1.112346E-03
   5.556466E+03    1.270365E+03    1.112346E-03
   5.556466E+03    1.269365E+03    1.112346E-03
   5.557466E+03    1.269365E+03    1.112346E-03


   5.557466E+03    1.270365E+03    5.448828E-04
   5.557466E+03    1.271365E+03    5.448828E-04
   5.556466E+03    1.271365E+03    5.448828E-04
   5.557466E+03    1.270365E+03    5.448828E-04


   5.557466E+03    1.270365E+03    1.087853E-03
   5.556466E+03    1.271365E+03    1.087853E-03
   5.556466E+03    1.270365E+03    1.087853E-03
   5.557466E+03    1.270365E+03    1.087853E-03


   5.557466E+03    1.271365E+03    5.572677E-04
   5.557466E+03    1.272365E+03    5.572677E-04
   5.556466E+03    1.272365E+03    5.572677E-04
   5.557466E+03    1.271365E+03    5.572677E-04


   5.557466E+03    1.271365E+03    8.601111E-04
   5.556466E+03    1.272365E+03    8.601111E-04
   5.556466E+03    1.271365E+03    8.601111E-04
   5.557466E+03    1.271365E+03    8.601111E-04


   5.558466E+03    1.269365E+03    9.700448E-05
   5.558466E+03    1.270365E+03    9.700448E-05
   5.557466E+03    1.270365E+03    9.700448E-05
   5.558466E+03    1.269365E+03    9.700448E-05


   5.558466E+03    1.269365E+03    9.384555E-04
   5.557466E+03    1.270365E+03    9.384555E-04
   5.557466E+03    1.269365E+03    9.384555E-04
   5.558466E+03    1.269365E+03    9.384555E-04


   5.558466E+03    1.270365E+03    4.383419E-04
   5.558466E+03    1.271365E+03    4.383419E-04
   5.557466E+03    1.271365E+03    4.383419E-04
   5.558466E+03    1.270365E+03    4.383419E-04


   5.558466E+03    1.270365E+03    9.318193E-04
   5.557466E+03    1.271365E+03    9.318193E-04
   5.557466E+03    1.270365E+03    9.318193E-04
   5.558466E+03    1.270365E+03    9.318193E-04


   5.564666E+03    1.272365E+03    2.245265E-04
   5.566266E+03    1.271365E+03    2.245265E-04
   5.566266E+03    1.272365E+03    2.245265E-04
   5.564666E+03    1.272365E+03    2.245265E-04


   5.564666E+03    1.272365E+03    6.692080E-04
   5.564666E+03    1.271365E+03    6.692080E-04
   5.566266E+03    1.271365E+03    6.692080E-04
   5.564666E+03    1.272365E+03    6.692080E-04


   5.563066E+03    1.272365E+03    5.468961E-04
   5.564666E+03    1.271365E+03    5.468961E-04
   5.564666E+03    1.272365E+03    5.468961E-04
   5.563066E+03    1.272365E+03    5.468961E-04


   5.563066E+03    1.272365E+03    1.017374E-03
   5.563066E+03    1.271365E+03    1.017374E-03
   5.564666E+03    1.271365E+03    1.017374E-03
   5.563066E+03    1.272365E+03    1.017374E-03


   5.561466E+03    1.272365E+03    5.938353E-04
   5.563066E+03    1.271365E+03    5.938353E-04
   5.563066E+03    1.272365E+03    5.938353E-04
   5.561466E+03    1.272365E+03    5.938353E-04


   5.561466E+03    1.272365E+03    1.227760E-03
   5.561466E+03    1.271365E+03    1.227760E-03
   5.563066E+03    1.271365E+03    1.227760E-03
   5.561466E+03    1.272365E+03    1.227760E-03


   5.564666E+03    1.271365E+03    3.345144E-04
   5.566266E+03    1.270365E+03    3.345144E-04
   5.566266E+03    1.271365E+03    3.345144E-04
   5.564666E+03    1.271365E+03    3.345144E-04


   5.564666E+03    1.271365E+03    8.257538E-04
   5.564666E+03    1.270365E+03    8.257538E-04
   5.566266E+03    1.270365E+03    8.257538E-04
   5.564666E+03    1.271365E+03    8.257538E-04


   5.563066E+03    1.271365E+03    6.383764E-04
   5.564666E+03    1.270365E+03    6.383764E-04
   5.564666E+03    1.271365E+03    6.383764E-04
   5.563066E+03    1.271365E+03    6.383764E-04


   5.563066E+03    1.271365E+03    1.102252E-03
   5.563066E+03    1.270365E+03    1.102252E-03
   5.564666E+03    1.270365E+03    1.102252E-03
   5.563066E+03    1.271365E+03    1.102252E-03


   5.561466E+03    1.271365E+03    4.289666E-04
   5.563066E+03    1.270365E+03    4.289666E-04
   5.563066E+03    1.271365E+03    4.289666E-04
   5.561466E+03    1.271365E+03    4.289666E-04


   5.561466E+03    1.271365E+03    9.701967E-04
   5.561466E+03    1.270365E+03    9.701967E-04
   5.563066E+03    1.270365E+03    9.701967E-04
   5.561466E+03    1.271365E+03    9.701967E-04


   5.566266E+03    1.272365E+03    1.524538E-04
   5.566266E+03    1.272965E+03    1.524538E-04
   5.564666E+03    1.272965E+03    1.524538E-04
   5.566266E+03    1.272365E+03    1.524538E-04


   5.564666E+03    1.272365E+03    4.407571E-04
   5.566266E+03    1.272365E+03    4.407571E-04
   5.564666E+03    1.272965E+03    4.407571E-04
   5.564666E+03    1.272365E+03    4.407571E-04


   5.564666E+03    1.272365E+03    4.996253E-04
   5.564666E+03    1.272965E+03    4.996253E-04
   5.563066E+03    1.272965E+03    4.996253E-04
   5.564666E+03    1.272365E+03    4.996253E-04


   5.563066E+03    1.272365E+03    5.759002E-04
   5.564666E+03    1.272365E+03    5.759002E-04
   5.563066E+03    1.272965E+03    5.759002E-04
   5.563066E+03    1.272365E+03    5.759002E-04


   5.564666E+03    1.270365E+03    7.529070E-04
   5.566266E+03    1.269365E+03    7.529070E-04
   5.566266E+03    1.270365E+03    7.529070E-04
   5.564666E+03    1.270365E+03    7.529070E-04


   5.564666E+03    1.270365E+03    9.747337E-04
   5.564666E+03    1.269365E+03    9.747337E-04
   5.566266E+03    1.269365E+03    9.747337E-04
   5.564666E+03    1.270365E+03    9.747337E-04


   5.563066E+03    1.270365E+03    4.803191E-04
   5.564666E+03    1.269365E+03    4.803191E-04
   5.564666E+03    1.270365E+03    4.803191E-04
   5.563066E+03    1.270365E+03    4.803191E-04


   5.563066E+03    1.270365E+03    8.860837E-04
   5.563066E+03    1.269365E+03    8.860837E-04
   5.564666E+03    1.269365E+03    8.860837E-04
   5.563066E+03    1.270365E+03    8.860837E-04


   5.561466E+03    1.270365E+03    2.333710E-04
   5.563066E+03    1.269365E+03    2.333710E-04
   5.563066E+03    1.270365E+03    2.333710E-04
   5.561466E+03    1.270365E+03    2.333710E-04


   5.561466E+03    1.270365E+03    9.810712E-04
   5.561466E+03    1.269365E+03    9.810712E-04
   5.563066E+03    1.269365E+03    9.810712E-04
   5.561466E+03    1.270365E+03    9.810712E-04


   5.563066E+03    1.272365E+03    4.810304E-04
   5.563066E+03    1.272965E+03    4.810304E-04
   5.561466E+03    1.272965E+03    4.810304E-04
   5.563066E+03    1.272365E+03    4.810304E-04


   5.561466E+03    1.272365E+03    1.645218E-04
   5.563066E+03    1.272365E+03    1.645218E-04
   5.561466E+03    1.272965E+03    1.645218E-04
   5.561466E+03    1.272365E+03    1.645218E-04


   5.557466E+03    1.272965E+03   -1.476533E-04
   5.558466E+03    1.272365E+03   -1.476533E-04
   5.558466E+03    1.272965E+03   -1.476533E-04
   5.557466E+03    1.272965E+03   -1.476533E-04


   5.557466E+03    1.272965E+03    4.674775E-04
   5.557466E+03    1.272365E+03    4.674775E-04
   5.558466E+03    1.272365E+03    4.674775E-04
   5.557466E+03    1.272965E+03    4.674775E-04


   5.558466E+03    1.271365E+03    1.102076E-03
   5.558466E+03    1.272365E+03    1.102076E-03
   5.557466E+03    1.272365E+03    1.102076E-03
   5.558466E+03    1.271365E+03    1.102076E-03


   5.558466E+03    1.271365E+03    8.810854E-04
   5.557466E+03    1.272365E+03    8.810854E-04
   5.557466E+03    1.271365E+03    8.810854E-04
   5.558466E+03    1.271365E+03    8.810854E-04


