   5.558466E+03    1.288565E+03    6.913239E-04
   5.559466E+03    1.287965E+03    6.913239E-04
   5.559466E+03    1.288565E+03    6.913239E-04
   5.558466E+03    1.288565E+03    6.913239E-04


   5.558466E+03    1.288565E+03    8.620665E-04
   5.558466E+03    1.287965E+03    8.620665E-04
   5.559466E+03    1.287965E+03    8.620665E-04
   5.558466E+03    1.288565E+03    8.620665E-04


   5.559466E+03    1.288565E+03    6.651752E-04
   5.560466E+03    1.287965E+03    6.651752E-04
   5.560466E+03    1.288565E+03    6.651752E-04
   5.559466E+03    1.288565E+03    6.651752E-04


   5.559466E+03    1.288565E+03    6.470331E-04
   5.559466E+03    1.287965E+03    6.470331E-04
   5.560466E+03    1.287965E+03    6.470331E-04
   5.559466E+03    1.288565E+03    6.470331E-04


   5.560466E+03    1.288565E+03    1.190981E-03
   5.561466E+03    1.287965E+03    1.190981E-03
   5.561466E+03    1.288565E+03    1.190981E-03
   5.560466E+03    1.288565E+03    1.190981E-03


   5.560466E+03    1.288565E+03    3.690764E-04
   5.560466E+03    1.287965E+03    3.690764E-04
   5.561466E+03    1.287965E+03    3.690764E-04
   5.560466E+03    1.288565E+03    3.690764E-04


   5.555466E+03    1.288565E+03    2.493791E-04
   5.556466E+03    1.287965E+03    2.493791E-04
   5.556466E+03    1.288565E+03    2.493791E-04
   5.555466E+03    1.288565E+03    2.493791E-04


   5.555466E+03    1.288565E+03    1.401694E-04
   5.555466E+03    1.287965E+03    1.401694E-04
   5.556466E+03    1.287965E+03    1.401694E-04
   5.555466E+03    1.288565E+03    1.401694E-04


   5.556466E+03    1.288565E+03    6.658364E-04
   5.557466E+03    1.287965E+03    6.658364E-04
   5.557466E+03    1.288565E+03    6.658364E-04
   5.556466E+03    1.288565E+03    6.658364E-04


   5.556466E+03    1.288565E+03    2.509054E-04
   5.556466E+03    1.287965E+03    2.509054E-04
   5.557466E+03    1.287965E+03    2.509054E-04
   5.556466E+03    1.288565E+03    2.509054E-04


   5.566266E+03    1.287965E+03    1.198259E-04
   5.566266E+03    1.288565E+03    1.198259E-04
   5.564666E+03    1.288565E+03    1.198259E-04
   5.566266E+03    1.287965E+03    1.198259E-04


   5.564666E+03    1.287965E+03    1.760224E-04
   5.566266E+03    1.287965E+03    1.760224E-04
   5.564666E+03    1.288565E+03    1.760224E-04
   5.564666E+03    1.287965E+03    1.760224E-04


   5.564666E+03    1.287965E+03    3.970118E-04
   5.564666E+03    1.288565E+03    3.970118E-04
   5.563066E+03    1.288565E+03    3.970118E-04
   5.564666E+03    1.287965E+03    3.970118E-04


   5.563066E+03    1.287965E+03    4.368293E-04
   5.564666E+03    1.287965E+03    4.368293E-04
   5.563066E+03    1.288565E+03    4.368293E-04
   5.563066E+03    1.287965E+03    4.368293E-04


   5.563066E+03    1.287965E+03    7.383169E-04
   5.563066E+03    1.288565E+03    7.383169E-04
   5.561466E+03    1.288565E+03    7.383169E-04
   5.563066E+03    1.287965E+03    7.383169E-04


   5.561466E+03    1.287965E+03    6.691018E-04
   5.563066E+03    1.287965E+03    6.691018E-04
   5.561466E+03    1.288565E+03    6.691018E-04
   5.561466E+03    1.287965E+03    6.691018E-04


   5.557466E+03    1.288565E+03    1.025656E-03
   5.558466E+03    1.287965E+03    1.025656E-03
   5.558466E+03    1.288565E+03    1.025656E-03
   5.557466E+03    1.288565E+03    1.025656E-03


   5.557466E+03    1.288565E+03    4.218602E-04
   5.557466E+03    1.287965E+03    4.218602E-04
   5.558466E+03    1.287965E+03    4.218602E-04
   5.557466E+03    1.288565E+03    4.218602E-04


   5.558466E+03    1.287965E+03    6.063267E-04
   5.559466E+03    1.287365E+03    6.063267E-04
   5.559466E+03    1.287965E+03    6.063267E-04
   5.558466E+03    1.287965E+03    6.063267E-04


   5.558466E+03    1.287965E+03    1.179897E-03
   5.558466E+03    1.287365E+03    1.179897E-03
   5.559466E+03    1.287365E+03    1.179897E-03
   5.558466E+03    1.287965E+03    1.179897E-03


   5.559466E+03    1.287965E+03    9.646353E-04
   5.560466E+03    1.287365E+03    9.646353E-04
   5.560466E+03    1.287965E+03    9.646353E-04
   5.559466E+03    1.287965E+03    9.646353E-04


   5.559466E+03    1.287965E+03    9.601462E-04
   5.559466E+03    1.287365E+03    9.601462E-04
   5.560466E+03    1.287365E+03    9.601462E-04
   5.559466E+03    1.287965E+03    9.601462E-04


   5.560466E+03    1.287965E+03    1.090710E-03
   5.561466E+03    1.287365E+03    1.090710E-03
   5.561466E+03    1.287965E+03    1.090710E-03
   5.560466E+03    1.287965E+03    1.090710E-03


   5.560466E+03    1.287965E+03    5.935971E-04
   5.560466E+03    1.287365E+03    5.935971E-04
   5.561466E+03    1.287365E+03    5.935971E-04
   5.560466E+03    1.287965E+03    5.935971E-04


   5.555466E+03    1.287965E+03    2.785027E-04
   5.556466E+03    1.287365E+03    2.785027E-04
   5.556466E+03    1.287965E+03    2.785027E-04
   5.555466E+03    1.287965E+03    2.785027E-04


   5.555466E+03    1.287965E+03    2.814263E-04
   5.555466E+03    1.287365E+03    2.814263E-04
   5.556466E+03    1.287365E+03    2.814263E-04
   5.555466E+03    1.287965E+03    2.814263E-04


   5.556466E+03    1.287965E+03    5.009719E-04
   5.557466E+03    1.287365E+03    5.009719E-04
   5.557466E+03    1.287965E+03    5.009719E-04
   5.556466E+03    1.287965E+03    5.009719E-04


   5.556466E+03    1.287965E+03    2.176988E-04
   5.556466E+03    1.287365E+03    2.176988E-04
   5.557466E+03    1.287365E+03    2.176988E-04
   5.556466E+03    1.287965E+03    2.176988E-04


   5.566266E+03    1.287365E+03    9.669538E-05
   5.566266E+03    1.287965E+03    9.669538E-05
   5.564666E+03    1.287965E+03    9.669538E-05
   5.566266E+03    1.287365E+03    9.669538E-05


   5.564666E+03    1.287365E+03    1.744549E-04
   5.566266E+03    1.287365E+03    1.744549E-04
   5.564666E+03    1.287965E+03    1.744549E-04
   5.564666E+03    1.287365E+03    1.744549E-04


   5.564666E+03    1.287365E+03    2.227386E-04
   5.564666E+03    1.287965E+03    2.227386E-04
   5.563066E+03    1.287965E+03    2.227386E-04
   5.564666E+03    1.287365E+03    2.227386E-04


   5.563066E+03    1.287365E+03    3.571798E-04
   5.564666E+03    1.287365E+03    3.571798E-04
   5.563066E+03    1.287965E+03    3.571798E-04
   5.563066E+03    1.287365E+03    3.571798E-04


   5.563066E+03    1.287365E+03    3.980093E-04
   5.563066E+03    1.287965E+03    3.980093E-04
   5.561466E+03    1.287965E+03    3.980093E-04
   5.563066E+03    1.287365E+03    3.980093E-04


   5.561466E+03    1.287365E+03    5.771687E-04
   5.563066E+03    1.287365E+03    5.771687E-04
   5.561466E+03    1.287965E+03    5.771687E-04
   5.561466E+03    1.287365E+03    5.771687E-04


   5.557466E+03    1.287965E+03    6.215044E-04
   5.558466E+03    1.287365E+03    6.215044E-04
   5.558466E+03    1.287965E+03    6.215044E-04
   5.557466E+03    1.287965E+03    6.215044E-04


   5.557466E+03    1.287965E+03    1.076708E-04
   5.557466E+03    1.287365E+03    1.076708E-04
   5.558466E+03    1.287365E+03    1.076708E-04
   5.557466E+03    1.287965E+03    1.076708E-04


   5.558466E+03    1.287365E+03    4.580726E-04
   5.559466E+03    1.286765E+03    4.580726E-04
   5.559466E+03    1.287365E+03    4.580726E-04
   5.558466E+03    1.287365E+03    4.580726E-04


   5.558466E+03    1.287365E+03    1.831993E-03
   5.558466E+03    1.286765E+03    1.831993E-03
   5.559466E+03    1.286765E+03    1.831993E-03
   5.558466E+03    1.287365E+03    1.831993E-03


   5.559466E+03    1.287365E+03    7.070422E-04
   5.560466E+03    1.286765E+03    7.070422E-04
   5.560466E+03    1.287365E+03    7.070422E-04
   5.559466E+03    1.287365E+03    7.070422E-04


   5.559466E+03    1.287365E+03    6.949925E-04
   5.559466E+03    1.286765E+03    6.949925E-04
   5.560466E+03    1.286765E+03    6.949925E-04
   5.559466E+03    1.287365E+03    6.949925E-04


   5.560466E+03    1.287365E+03    1.479526E-03
   5.561466E+03    1.286765E+03    1.479526E-03
   5.561466E+03    1.287365E+03    1.479526E-03
   5.560466E+03    1.287365E+03    1.479526E-03


   5.560466E+03    1.287365E+03    1.227584E-03
   5.560466E+03    1.286765E+03    1.227584E-03
   5.561466E+03    1.286765E+03    1.227584E-03
   5.560466E+03    1.287365E+03    1.227584E-03


   5.555466E+03    1.287365E+03    1.883055E-04
   5.556466E+03    1.286765E+03    1.883055E-04
   5.556466E+03    1.287365E+03    1.883055E-04
   5.555466E+03    1.287365E+03    1.883055E-04


   5.555466E+03    1.287365E+03    3.611737E-04
   5.555466E+03    1.286765E+03    3.611737E-04
   5.556466E+03    1.286765E+03    3.611737E-04
   5.555466E+03    1.287365E+03    3.611737E-04


   5.556466E+03    1.287365E+03    2.803936E-04
   5.557466E+03    1.286765E+03    2.803936E-04
   5.557466E+03    1.287365E+03    2.803936E-04
   5.556466E+03    1.287365E+03    2.803936E-04


   5.556466E+03    1.287365E+03    2.302746E-04
   5.556466E+03    1.286765E+03    2.302746E-04
   5.557466E+03    1.286765E+03    2.302746E-04
   5.556466E+03    1.287365E+03    2.302746E-04


   5.556466E+03    1.283765E+03    5.539801E-04
   5.556466E+03    1.284765E+03    5.539801E-04
   5.555466E+03    1.284765E+03    5.539801E-04
   5.556466E+03    1.283765E+03    5.539801E-04


   5.556466E+03    1.283765E+03    4.313349E-04
   5.555466E+03    1.284765E+03    4.313349E-04
   5.555466E+03    1.283765E+03    4.313349E-04
   5.556466E+03    1.283765E+03    4.313349E-04


   5.556466E+03    1.284765E+03    4.544023E-04
   5.556466E+03    1.285765E+03    4.544023E-04
   5.555466E+03    1.285765E+03    4.544023E-04
   5.556466E+03    1.284765E+03    4.544023E-04


   5.556466E+03    1.284765E+03    2.312765E-04
   5.555466E+03    1.285765E+03    2.312765E-04
   5.555466E+03    1.284765E+03    2.312765E-04
   5.556466E+03    1.284765E+03    2.312765E-04


   5.556466E+03    1.285765E+03    2.511209E-04
   5.556466E+03    1.286765E+03    2.511209E-04
   5.555466E+03    1.286765E+03    2.511209E-04
   5.556466E+03    1.285765E+03    2.511209E-04


   5.556466E+03    1.285765E+03    2.085010E-04
   5.555466E+03    1.286765E+03    2.085010E-04
   5.555466E+03    1.285765E+03    2.085010E-04
   5.556466E+03    1.285765E+03    2.085010E-04


   5.557466E+03    1.283765E+03    9.264862E-04
   5.557466E+03    1.284765E+03    9.264862E-04
   5.556466E+03    1.284765E+03    9.264862E-04
   5.557466E+03    1.283765E+03    9.264862E-04


   5.557466E+03    1.283765E+03    7.955499E-04
   5.556466E+03    1.284765E+03    7.955499E-04
   5.556466E+03    1.283765E+03    7.955499E-04
   5.557466E+03    1.283765E+03    7.955499E-04


   5.557466E+03    1.284765E+03    8.041794E-04
   5.557466E+03    1.285765E+03    8.041794E-04
   5.556466E+03    1.285765E+03    8.041794E-04
   5.557466E+03    1.284765E+03    8.041794E-04


   5.557466E+03    1.284765E+03    5.669798E-04
   5.556466E+03    1.285765E+03    5.669798E-04
   5.556466E+03    1.284765E+03    5.669798E-04
   5.557466E+03    1.284765E+03    5.669798E-04


   5.557466E+03    1.285765E+03    5.963975E-04
   5.557466E+03    1.286765E+03    5.963975E-04
   5.556466E+03    1.286765E+03    5.963975E-04
   5.557466E+03    1.285765E+03    5.963975E-04


   5.557466E+03    1.285765E+03    2.077854E-04
   5.556466E+03    1.286765E+03    2.077854E-04
   5.556466E+03    1.285765E+03    2.077854E-04
   5.557466E+03    1.285765E+03    2.077854E-04


   5.558466E+03    1.283765E+03    1.108857E-03
   5.558466E+03    1.284765E+03    1.108857E-03
   5.557466E+03    1.284765E+03    1.108857E-03
   5.558466E+03    1.283765E+03    1.108857E-03


   5.558466E+03    1.283765E+03    1.452158E-03
   5.557466E+03    1.284765E+03    1.452158E-03
   5.557466E+03    1.283765E+03    1.452158E-03
   5.558466E+03    1.283765E+03    1.452158E-03


   5.558466E+03    1.284765E+03    9.890720E-04
   5.558466E+03    1.285765E+03    9.890720E-04
   5.557466E+03    1.285765E+03    9.890720E-04
   5.558466E+03    1.284765E+03    9.890720E-04


   5.558466E+03    1.284765E+03    4.971628E-04
   5.557466E+03    1.285765E+03    4.971628E-04
   5.557466E+03    1.284765E+03    4.971628E-04
   5.558466E+03    1.284765E+03    4.971628E-04


   5.564666E+03    1.286765E+03    8.291695E-05
   5.566266E+03    1.285765E+03    8.291695E-05
   5.566266E+03    1.286765E+03    8.291695E-05
   5.564666E+03    1.286765E+03    8.291695E-05


   5.564666E+03    1.286765E+03    2.168373E-05
   5.564666E+03    1.285765E+03    2.168373E-05
   5.566266E+03    1.285765E+03    2.168373E-05
   5.564666E+03    1.286765E+03    2.168373E-05


   5.563066E+03    1.286765E+03    2.087925E-04
   5.564666E+03    1.285765E+03    2.087925E-04
   5.564666E+03    1.286765E+03    2.087925E-04
   5.563066E+03    1.286765E+03    2.087925E-04


   5.563066E+03    1.286765E+03    2.403029E-04
   5.563066E+03    1.285765E+03    2.403029E-04
   5.564666E+03    1.285765E+03    2.403029E-04
   5.563066E+03    1.286765E+03    2.403029E-04


   5.561466E+03    1.286765E+03    7.015789E-04
   5.563066E+03    1.285765E+03    7.015789E-04
   5.563066E+03    1.286765E+03    7.015789E-04
   5.561466E+03    1.286765E+03    7.015789E-04


   5.561466E+03    1.286765E+03    1.115339E-03
   5.561466E+03    1.285765E+03    1.115339E-03
   5.563066E+03    1.285765E+03    1.115339E-03
   5.561466E+03    1.286765E+03    1.115339E-03


   5.564666E+03    1.285765E+03    1.249283E-04
   5.566266E+03    1.284765E+03    1.249283E-04
   5.566266E+03    1.285765E+03    1.249283E-04
   5.564666E+03    1.285765E+03    1.249283E-04


   5.564666E+03    1.285765E+03    1.806900E-04
   5.564666E+03    1.284765E+03    1.806900E-04
   5.566266E+03    1.284765E+03    1.806900E-04
   5.564666E+03    1.285765E+03    1.806900E-04


   5.563066E+03    1.285765E+03    3.935631E-04
   5.564666E+03    1.284765E+03    3.935631E-04
   5.564666E+03    1.285765E+03    3.935631E-04
   5.563066E+03    1.285765E+03    3.935631E-04


   5.563066E+03    1.285765E+03    5.867965E-04
   5.563066E+03    1.284765E+03    5.867965E-04
   5.564666E+03    1.284765E+03    5.867965E-04
   5.563066E+03    1.285765E+03    5.867965E-04


   5.561466E+03    1.285765E+03    6.773983E-04
   5.563066E+03    1.284765E+03    6.773983E-04
   5.563066E+03    1.285765E+03    6.773983E-04
   5.561466E+03    1.285765E+03    6.773983E-04


   5.561466E+03    1.285765E+03    8.857352E-04
   5.561466E+03    1.284765E+03    8.857352E-04
   5.563066E+03    1.284765E+03    8.857352E-04
   5.561466E+03    1.285765E+03    8.857352E-04


   5.566266E+03    1.286765E+03    7.896657E-05
   5.566266E+03    1.287365E+03    7.896657E-05
   5.564666E+03    1.287365E+03    7.896657E-05
   5.566266E+03    1.286765E+03    7.896657E-05


   5.564666E+03    1.286765E+03    1.213721E-04
   5.566266E+03    1.286765E+03    1.213721E-04
   5.564666E+03    1.287365E+03    1.213721E-04
   5.564666E+03    1.286765E+03    1.213721E-04


   5.564666E+03    1.286765E+03    7.601145E-05
   5.564666E+03    1.287365E+03    7.601145E-05
   5.563066E+03    1.287365E+03    7.601145E-05
   5.564666E+03    1.286765E+03    7.601145E-05


   5.563066E+03    1.286765E+03    1.899365E-04
   5.564666E+03    1.286765E+03    1.899365E-04
   5.563066E+03    1.287365E+03    1.899365E-04
   5.563066E+03    1.286765E+03    1.899365E-04


   5.564666E+03    1.284765E+03    1.909941E-04
   5.566266E+03    1.283765E+03    1.909941E-04
   5.566266E+03    1.284765E+03    1.909941E-04
   5.564666E+03    1.284765E+03    1.909941E-04


   5.564666E+03    1.284765E+03    3.211518E-04
   5.564666E+03    1.283765E+03    3.211518E-04
   5.566266E+03    1.283765E+03    3.211518E-04
   5.564666E+03    1.284765E+03    3.211518E-04


   5.563066E+03    1.284765E+03    5.094784E-04
   5.564666E+03    1.283765E+03    5.094784E-04
   5.564666E+03    1.284765E+03    5.094784E-04
   5.563066E+03    1.284765E+03    5.094784E-04


   5.563066E+03    1.284765E+03    7.015357E-04
   5.563066E+03    1.283765E+03    7.015357E-04
   5.564666E+03    1.283765E+03    7.015357E-04
   5.563066E+03    1.284765E+03    7.015357E-04


   5.561466E+03    1.284765E+03    7.591329E-04
   5.563066E+03    1.283765E+03    7.591329E-04
   5.563066E+03    1.284765E+03    7.591329E-04
   5.561466E+03    1.284765E+03    7.591329E-04


   5.561466E+03    1.284765E+03    1.375543E-03
   5.561466E+03    1.283765E+03    1.375543E-03
   5.563066E+03    1.283765E+03    1.375543E-03
   5.561466E+03    1.284765E+03    1.375543E-03


   5.563066E+03    1.286765E+03    3.256700E-04
   5.563066E+03    1.287365E+03    3.256700E-04
   5.561466E+03    1.287365E+03    3.256700E-04
   5.563066E+03    1.286765E+03    3.256700E-04


   5.561466E+03    1.286765E+03    6.456723E-04
   5.563066E+03    1.286765E+03    6.456723E-04
   5.561466E+03    1.287365E+03    6.456723E-04
   5.561466E+03    1.286765E+03    6.456723E-04


   5.557466E+03    1.287365E+03    5.394390E-04
   5.558466E+03    1.286765E+03    5.394390E-04
   5.558466E+03    1.287365E+03    5.394390E-04
   5.557466E+03    1.287365E+03    5.394390E-04


   5.557466E+03    1.287365E+03    2.893809E-04
   5.557466E+03    1.286765E+03    2.893809E-04
   5.558466E+03    1.286765E+03    2.893809E-04
   5.557466E+03    1.287365E+03    2.893809E-04


   5.558466E+03    1.285765E+03    1.562473E-03
   5.558466E+03    1.286765E+03    1.562473E-03
   5.557466E+03    1.286765E+03    1.562473E-03
   5.558466E+03    1.285765E+03    1.562473E-03


   5.558466E+03    1.285765E+03    3.498785E-04
   5.557466E+03    1.286765E+03    3.498785E-04
   5.557466E+03    1.285765E+03    3.498785E-04
   5.558466E+03    1.285765E+03    3.498785E-04


   5.558466E+03    1.283765E+03    2.142800E-03
   5.559466E+03    1.283165E+03    2.142800E-03
   5.559466E+03    1.283765E+03    2.142800E-03
   5.558466E+03    1.283765E+03    2.142800E-03


   5.558466E+03    1.283765E+03    2.474308E-03
   5.558466E+03    1.283165E+03    2.474308E-03
   5.559466E+03    1.283165E+03    2.474308E-03
   5.558466E+03    1.283765E+03    2.474308E-03


   5.559466E+03    1.283765E+03    1.510473E-03
   5.560466E+03    1.283165E+03    1.510473E-03
   5.560466E+03    1.283765E+03    1.510473E-03
   5.559466E+03    1.283765E+03    1.510473E-03


   5.559466E+03    1.283765E+03    1.566342E-03
   5.559466E+03    1.283165E+03    1.566342E-03
   5.560466E+03    1.283165E+03    1.566342E-03
   5.559466E+03    1.283765E+03    1.566342E-03


   5.560466E+03    1.283765E+03    2.957654E-03
   5.561466E+03    1.283165E+03    2.957654E-03
   5.561466E+03    1.283765E+03    2.957654E-03
   5.560466E+03    1.283765E+03    2.957654E-03


   5.560466E+03    1.283765E+03    7.698485E-04
   5.560466E+03    1.283165E+03    7.698485E-04
   5.561466E+03    1.283165E+03    7.698485E-04
   5.560466E+03    1.283765E+03    7.698485E-04


   5.555466E+03    1.283765E+03    5.508919E-04
   5.556466E+03    1.283165E+03    5.508919E-04
   5.556466E+03    1.283765E+03    5.508919E-04
   5.555466E+03    1.283765E+03    5.508919E-04


   5.555466E+03    1.283765E+03    4.334591E-04
   5.555466E+03    1.283165E+03    4.334591E-04
   5.556466E+03    1.283165E+03    4.334591E-04
   5.555466E+03    1.283765E+03    4.334591E-04


   5.556466E+03    1.283765E+03    8.384024E-04
   5.557466E+03    1.283165E+03    8.384024E-04
   5.557466E+03    1.283765E+03    8.384024E-04
   5.556466E+03    1.283765E+03    8.384024E-04


   5.556466E+03    1.283765E+03    5.930191E-04
   5.556466E+03    1.283165E+03    5.930191E-04
   5.557466E+03    1.283165E+03    5.930191E-04
   5.556466E+03    1.283765E+03    5.930191E-04


   5.566266E+03    1.283165E+03    2.686127E-04
   5.566266E+03    1.283765E+03    2.686127E-04
   5.564666E+03    1.283765E+03    2.686127E-04
   5.566266E+03    1.283165E+03    2.686127E-04


   5.564666E+03    1.283165E+03    3.944648E-04
   5.566266E+03    1.283165E+03    3.944648E-04
   5.564666E+03    1.283765E+03    3.944648E-04
   5.564666E+03    1.283165E+03    3.944648E-04


   5.564666E+03    1.283165E+03    5.768610E-04
   5.564666E+03    1.283765E+03    5.768610E-04
   5.563066E+03    1.283765E+03    5.768610E-04
   5.564666E+03    1.283165E+03    5.768610E-04


   5.563066E+03    1.283165E+03    5.787312E-04
   5.564666E+03    1.283165E+03    5.787312E-04
   5.563066E+03    1.283765E+03    5.787312E-04
   5.563066E+03    1.283165E+03    5.787312E-04


   5.563066E+03    1.283165E+03    9.104239E-04
   5.563066E+03    1.283765E+03    9.104239E-04
   5.561466E+03    1.283765E+03    9.104239E-04
   5.563066E+03    1.283165E+03    9.104239E-04


   5.561466E+03    1.283165E+03    4.716155E-04
   5.563066E+03    1.283165E+03    4.716155E-04
   5.561466E+03    1.283765E+03    4.716155E-04
   5.561466E+03    1.283165E+03    4.716155E-04


   5.557466E+03    1.283765E+03    1.165495E-03
   5.558466E+03    1.283165E+03    1.165495E-03
   5.558466E+03    1.283765E+03    1.165495E-03
   5.557466E+03    1.283765E+03    1.165495E-03


   5.557466E+03    1.283765E+03    8.748088E-04
   5.557466E+03    1.283165E+03    8.748088E-04
   5.558466E+03    1.283165E+03    8.748088E-04
   5.557466E+03    1.283765E+03    8.748088E-04


   5.558466E+03    1.283165E+03    1.294767E-03
   5.559466E+03    1.282565E+03    1.294767E-03
   5.559466E+03    1.283165E+03    1.294767E-03
   5.558466E+03    1.283165E+03    1.294767E-03


   5.558466E+03    1.283165E+03    2.402050E-03
   5.558466E+03    1.282565E+03    2.402050E-03
   5.559466E+03    1.282565E+03    2.402050E-03
   5.558466E+03    1.283165E+03    2.402050E-03


   5.559466E+03    1.283165E+03    2.116420E-03
   5.560466E+03    1.282565E+03    2.116420E-03
   5.560466E+03    1.283165E+03    2.116420E-03
   5.559466E+03    1.283165E+03    2.116420E-03


   5.559466E+03    1.283165E+03    2.130565E-03
   5.559466E+03    1.282565E+03    2.130565E-03
   5.560466E+03    1.282565E+03    2.130565E-03
   5.559466E+03    1.283165E+03    2.130565E-03


   5.560466E+03    1.283165E+03    2.276260E-03
   5.561466E+03    1.282565E+03    2.276260E-03
   5.561466E+03    1.283165E+03    2.276260E-03
   5.560466E+03    1.283165E+03    2.276260E-03


   5.560466E+03    1.283165E+03    1.347045E-03
   5.560466E+03    1.282565E+03    1.347045E-03
   5.561466E+03    1.282565E+03    1.347045E-03
   5.560466E+03    1.283165E+03    1.347045E-03


   5.555466E+03    1.283165E+03    5.162211E-04
   5.556466E+03    1.282565E+03    5.162211E-04
   5.556466E+03    1.283165E+03    5.162211E-04
   5.555466E+03    1.283165E+03    5.162211E-04


   5.555466E+03    1.283165E+03    3.376660E-04
   5.555466E+03    1.282565E+03    3.376660E-04
   5.556466E+03    1.282565E+03    3.376660E-04
   5.555466E+03    1.283165E+03    3.376660E-04


   5.556466E+03    1.283165E+03    7.622863E-04
   5.557466E+03    1.282565E+03    7.622863E-04
   5.557466E+03    1.283165E+03    7.622863E-04
   5.556466E+03    1.283165E+03    7.622863E-04


   5.556466E+03    1.283165E+03    4.572988E-04
   5.556466E+03    1.282565E+03    4.572988E-04
   5.557466E+03    1.282565E+03    4.572988E-04
   5.556466E+03    1.283165E+03    4.572988E-04


   5.566266E+03    1.282565E+03    3.186565E-04
   5.566266E+03    1.283165E+03    3.186565E-04
   5.564666E+03    1.283165E+03    3.186565E-04
   5.566266E+03    1.282565E+03    3.186565E-04


   5.564666E+03    1.282565E+03    4.088913E-04
   5.566266E+03    1.282565E+03    4.088913E-04
   5.564666E+03    1.283165E+03    4.088913E-04
   5.564666E+03    1.282565E+03    4.088913E-04


   5.564666E+03    1.282565E+03    5.551409E-04
   5.564666E+03    1.283165E+03    5.551409E-04
   5.563066E+03    1.283165E+03    5.551409E-04
   5.564666E+03    1.282565E+03    5.551409E-04


   5.563066E+03    1.282565E+03    4.223162E-04
   5.564666E+03    1.282565E+03    4.223162E-04
   5.563066E+03    1.283165E+03    4.223162E-04
   5.563066E+03    1.282565E+03    4.223162E-04


   5.563066E+03    1.282565E+03    6.233053E-04
   5.563066E+03    1.283165E+03    6.233053E-04
   5.561466E+03    1.283165E+03    6.233053E-04
   5.563066E+03    1.282565E+03    6.233053E-04


   5.561466E+03    1.282565E+03    6.218850E-04
   5.563066E+03    1.282565E+03    6.218850E-04
   5.561466E+03    1.283165E+03    6.218850E-04
   5.561466E+03    1.282565E+03    6.218850E-04


   5.557466E+03    1.283165E+03    9.458768E-04
   5.558466E+03    1.282565E+03    9.458768E-04
   5.558466E+03    1.283165E+03    9.458768E-04
   5.557466E+03    1.283165E+03    9.458768E-04


   5.557466E+03    1.283165E+03    5.671845E-04
   5.557466E+03    1.282565E+03    5.671845E-04
   5.558466E+03    1.282565E+03    5.671845E-04
   5.557466E+03    1.283165E+03    5.671845E-04


   5.558466E+03    1.282565E+03    8.290745E-04
   5.559466E+03    1.281965E+03    8.290745E-04
   5.559466E+03    1.282565E+03    8.290745E-04
   5.558466E+03    1.282565E+03    8.290745E-04


   5.558466E+03    1.282565E+03    3.339497E-03
   5.558466E+03    1.281965E+03    3.339497E-03
   5.559466E+03    1.281965E+03    3.339497E-03
   5.558466E+03    1.282565E+03    3.339497E-03


   5.559466E+03    1.282565E+03    1.502065E-03
   5.560466E+03    1.281965E+03    1.502065E-03
   5.560466E+03    1.282565E+03    1.502065E-03
   5.559466E+03    1.282565E+03    1.502065E-03


   5.559466E+03    1.282565E+03    1.462120E-03
   5.559466E+03    1.281965E+03    1.462120E-03
   5.560466E+03    1.281965E+03    1.462120E-03
   5.559466E+03    1.282565E+03    1.462120E-03


   5.560466E+03    1.282565E+03    2.799054E-03
   5.561466E+03    1.281965E+03    2.799054E-03
   5.561466E+03    1.282565E+03    2.799054E-03
   5.560466E+03    1.282565E+03    2.799054E-03


   5.560466E+03    1.282565E+03    2.461377E-03
   5.560466E+03    1.281965E+03    2.461377E-03
   5.561466E+03    1.281965E+03    2.461377E-03
   5.560466E+03    1.282565E+03    2.461377E-03


   5.555466E+03    1.282565E+03    4.054072E-04
   5.556466E+03    1.281965E+03    4.054072E-04
   5.556466E+03    1.282565E+03    4.054072E-04
   5.555466E+03    1.282565E+03    4.054072E-04


   5.555466E+03    1.282565E+03    2.152073E-04
   5.555466E+03    1.281965E+03    2.152073E-04
   5.556466E+03    1.281965E+03    2.152073E-04
   5.555466E+03    1.282565E+03    2.152073E-04


   5.556466E+03    1.282565E+03    5.067931E-04
   5.557466E+03    1.281965E+03    5.067931E-04
   5.557466E+03    1.282565E+03    5.067931E-04
   5.556466E+03    1.282565E+03    5.067931E-04


   5.556466E+03    1.282565E+03    4.716313E-04
   5.556466E+03    1.281965E+03    4.716313E-04
   5.557466E+03    1.281965E+03    4.716313E-04
   5.556466E+03    1.282565E+03    4.716313E-04


   5.556466E+03    1.278965E+03    1.386134E-03
   5.556466E+03    1.279965E+03    1.386134E-03
   5.555466E+03    1.279965E+03    1.386134E-03
   5.556466E+03    1.278965E+03    1.386134E-03


   5.556466E+03    1.278965E+03    1.603306E-03
   5.555466E+03    1.279965E+03    1.603306E-03
   5.555466E+03    1.278965E+03    1.603306E-03
   5.556466E+03    1.278965E+03    1.603306E-03


   5.556466E+03    1.279965E+03    1.109337E-03
   5.556466E+03    1.280965E+03    1.109337E-03
   5.555466E+03    1.280965E+03    1.109337E-03
   5.556466E+03    1.279965E+03    1.109337E-03


   5.556466E+03    1.279965E+03    1.131287E-03
   5.555466E+03    1.280965E+03    1.131287E-03
   5.555466E+03    1.279965E+03    1.131287E-03
   5.556466E+03    1.279965E+03    1.131287E-03


   5.556466E+03    1.280965E+03    7.487380E-04
   5.556466E+03    1.281965E+03    7.487380E-04
   5.555466E+03    1.281965E+03    7.487380E-04
   5.556466E+03    1.280965E+03    7.487380E-04


   5.556466E+03    1.280965E+03    5.228466E-04
   5.555466E+03    1.281965E+03    5.228466E-04
   5.555466E+03    1.280965E+03    5.228466E-04
   5.556466E+03    1.280965E+03    5.228466E-04


   5.557466E+03    1.278965E+03    1.574953E-03
   5.557466E+03    1.279965E+03    1.574953E-03
   5.556466E+03    1.279965E+03    1.574953E-03
   5.557466E+03    1.278965E+03    1.574953E-03


   5.557466E+03    1.278965E+03    1.731169E-03
   5.556466E+03    1.279965E+03    1.731169E-03
   5.556466E+03    1.278965E+03    1.731169E-03
   5.557466E+03    1.278965E+03    1.731169E-03


   5.557466E+03    1.279965E+03    1.432333E-03
   5.557466E+03    1.280965E+03    1.432333E-03
   5.556466E+03    1.280965E+03    1.432333E-03
   5.557466E+03    1.279965E+03    1.432333E-03


   5.557466E+03    1.279965E+03    1.394468E-03
   5.556466E+03    1.280965E+03    1.394468E-03
   5.556466E+03    1.279965E+03    1.394468E-03
   5.557466E+03    1.279965E+03    1.394468E-03


   5.557466E+03    1.280965E+03    1.237451E-03
   5.557466E+03    1.281965E+03    1.237451E-03
   5.556466E+03    1.281965E+03    1.237451E-03
   5.557466E+03    1.280965E+03    1.237451E-03


   5.557466E+03    1.280965E+03    8.460189E-04
   5.556466E+03    1.281965E+03    8.460189E-04
   5.556466E+03    1.280965E+03    8.460189E-04
   5.557466E+03    1.280965E+03    8.460189E-04


   5.558466E+03    1.278965E+03    1.513725E-03
   5.558466E+03    1.279965E+03    1.513725E-03
   5.557466E+03    1.279965E+03    1.513725E-03
   5.558466E+03    1.278965E+03    1.513725E-03


   5.558466E+03    1.278965E+03    2.323014E-03
   5.557466E+03    1.279965E+03    2.323014E-03
   5.557466E+03    1.278965E+03    2.323014E-03
   5.558466E+03    1.278965E+03    2.323014E-03


   5.558466E+03    1.279965E+03    1.518914E-03
   5.558466E+03    1.280965E+03    1.518914E-03
   5.557466E+03    1.280965E+03    1.518914E-03
   5.558466E+03    1.279965E+03    1.518914E-03


   5.558466E+03    1.279965E+03    1.140806E-03
   5.557466E+03    1.280965E+03    1.140806E-03
   5.557466E+03    1.279965E+03    1.140806E-03
   5.558466E+03    1.279965E+03    1.140806E-03


   5.564666E+03    1.281965E+03    5.656594E-04
   5.566266E+03    1.280965E+03    5.656594E-04
   5.566266E+03    1.281965E+03    5.656594E-04
   5.564666E+03    1.281965E+03    5.656594E-04


   5.564666E+03    1.281965E+03    6.233269E-04
   5.564666E+03    1.280965E+03    6.233269E-04
   5.566266E+03    1.280965E+03    6.233269E-04
   5.564666E+03    1.281965E+03    6.233269E-04


   5.563066E+03    1.281965E+03    8.195463E-04
   5.564666E+03    1.280965E+03    8.195463E-04
   5.564666E+03    1.281965E+03    8.195463E-04
   5.563066E+03    1.281965E+03    8.195463E-04


   5.563066E+03    1.281965E+03    9.470396E-04
   5.563066E+03    1.280965E+03    9.470396E-04
   5.564666E+03    1.280965E+03    9.470396E-04
   5.563066E+03    1.281965E+03    9.470396E-04


   5.561466E+03    1.281965E+03    1.305166E-03
   5.563066E+03    1.280965E+03    1.305166E-03
   5.563066E+03    1.281965E+03    1.305166E-03
   5.561466E+03    1.281965E+03    1.305166E-03


   5.561466E+03    1.281965E+03    1.955922E-03
   5.561466E+03    1.280965E+03    1.955922E-03
   5.563066E+03    1.280965E+03    1.955922E-03
   5.561466E+03    1.281965E+03    1.955922E-03


   5.564666E+03    1.280965E+03    8.480184E-04
   5.566266E+03    1.279965E+03    8.480184E-04
   5.566266E+03    1.280965E+03    8.480184E-04
   5.564666E+03    1.280965E+03    8.480184E-04


   5.564666E+03    1.280965E+03    8.935651E-04
   5.564666E+03    1.279965E+03    8.935651E-04
   5.566266E+03    1.279965E+03    8.935651E-04
   5.564666E+03    1.280965E+03    8.935651E-04


   5.563066E+03    1.280965E+03    1.086352E-03
   5.564666E+03    1.279965E+03    1.086352E-03
   5.564666E+03    1.280965E+03    1.086352E-03
   5.563066E+03    1.280965E+03    1.086352E-03


   5.563066E+03    1.280965E+03    1.386755E-03
   5.563066E+03    1.279965E+03    1.386755E-03
   5.564666E+03    1.279965E+03    1.386755E-03
   5.563066E+03    1.280965E+03    1.386755E-03


   5.561466E+03    1.280965E+03    1.153530E-03
   5.563066E+03    1.279965E+03    1.153530E-03
   5.563066E+03    1.280965E+03    1.153530E-03
   5.561466E+03    1.280965E+03    1.153530E-03


   5.561466E+03    1.280965E+03    1.472414E-03
   5.561466E+03    1.279965E+03    1.472414E-03
   5.563066E+03    1.279965E+03    1.472414E-03
   5.561466E+03    1.280965E+03    1.472414E-03


   5.566266E+03    1.281965E+03    3.932558E-04
   5.566266E+03    1.282565E+03    3.932558E-04
   5.564666E+03    1.282565E+03    3.932558E-04
   5.566266E+03    1.281965E+03    3.932558E-04


   5.564666E+03    1.281965E+03    4.419539E-04
   5.566266E+03    1.281965E+03    4.419539E-04
   5.564666E+03    1.282565E+03    4.419539E-04
   5.564666E+03    1.281965E+03    4.419539E-04


   5.564666E+03    1.281965E+03    5.973884E-04
   5.564666E+03    1.282565E+03    5.973884E-04
   5.563066E+03    1.282565E+03    5.973884E-04
   5.564666E+03    1.281965E+03    5.973884E-04


   5.563066E+03    1.281965E+03    3.907401E-04
   5.564666E+03    1.281965E+03    3.907401E-04
   5.563066E+03    1.282565E+03    3.907401E-04
   5.563066E+03    1.281965E+03    3.907401E-04


   5.564666E+03    1.279965E+03    1.161579E-03
   5.566266E+03    1.278965E+03    1.161579E-03
   5.566266E+03    1.279965E+03    1.161579E-03
   5.564666E+03    1.279965E+03    1.161579E-03


   5.564666E+03    1.279965E+03    1.104675E-03
   5.564666E+03    1.278965E+03    1.104675E-03
   5.566266E+03    1.278965E+03    1.104675E-03
   5.564666E+03    1.279965E+03    1.104675E-03


   5.563066E+03    1.279965E+03    1.245246E-03
   5.564666E+03    1.278965E+03    1.245246E-03
   5.564666E+03    1.279965E+03    1.245246E-03
   5.563066E+03    1.279965E+03    1.245246E-03


   5.563066E+03    1.279965E+03    1.425062E-03
   5.563066E+03    1.278965E+03    1.425062E-03
   5.564666E+03    1.278965E+03    1.425062E-03
   5.563066E+03    1.279965E+03    1.425062E-03


   5.561466E+03    1.279965E+03    1.187425E-03
   5.563066E+03    1.278965E+03    1.187425E-03
   5.563066E+03    1.279965E+03    1.187425E-03
   5.561466E+03    1.279965E+03    1.187425E-03


   5.561466E+03    1.279965E+03    2.189809E-03
   5.561466E+03    1.278965E+03    2.189809E-03
   5.563066E+03    1.278965E+03    2.189809E-03
   5.561466E+03    1.279965E+03    2.189809E-03


   5.563066E+03    1.281965E+03    7.064004E-04
   5.563066E+03    1.282565E+03    7.064004E-04
   5.561466E+03    1.282565E+03    7.064004E-04
   5.563066E+03    1.281965E+03    7.064004E-04


   5.561466E+03    1.281965E+03    9.060674E-04
   5.563066E+03    1.281965E+03    9.060674E-04
   5.561466E+03    1.282565E+03    9.060674E-04
   5.561466E+03    1.281965E+03    9.060674E-04


   5.557466E+03    1.282565E+03    8.758432E-04
   5.558466E+03    1.281965E+03    8.758432E-04
   5.558466E+03    1.282565E+03    8.758432E-04
   5.557466E+03    1.282565E+03    8.758432E-04


   5.557466E+03    1.282565E+03    7.332447E-04
   5.557466E+03    1.281965E+03    7.332447E-04
   5.558466E+03    1.281965E+03    7.332447E-04
   5.557466E+03    1.282565E+03    7.332447E-04


   5.558466E+03    1.280965E+03    2.628243E-03
   5.558466E+03    1.281965E+03    2.628243E-03
   5.557466E+03    1.281965E+03    2.628243E-03
   5.558466E+03    1.280965E+03    2.628243E-03


   5.558466E+03    1.280965E+03    9.784548E-04
   5.557466E+03    1.281965E+03    9.784548E-04
   5.557466E+03    1.280965E+03    9.784548E-04
   5.558466E+03    1.280965E+03    9.784548E-04


   5.558466E+03    1.278965E+03    2.900804E-03
   5.559466E+03    1.278365E+03    2.900804E-03
   5.559466E+03    1.278965E+03    2.900804E-03
   5.558466E+03    1.278965E+03    2.900804E-03


   5.558466E+03    1.278965E+03    3.400954E-03
   5.558466E+03    1.278365E+03    3.400954E-03
   5.559466E+03    1.278365E+03    3.400954E-03
   5.558466E+03    1.278965E+03    3.400954E-03


   5.559466E+03    1.278965E+03    2.032866E-03
   5.560466E+03    1.278365E+03    2.032866E-03
   5.560466E+03    1.278965E+03    2.032866E-03
   5.559466E+03    1.278965E+03    2.032866E-03


   5.559466E+03    1.278965E+03    2.099927E-03
   5.559466E+03    1.278365E+03    2.099927E-03
   5.560466E+03    1.278365E+03    2.099927E-03
   5.559466E+03    1.278965E+03    2.099927E-03


   5.560466E+03    1.278965E+03    4.194117E-03
   5.561466E+03    1.278365E+03    4.194117E-03
   5.561466E+03    1.278965E+03    4.194117E-03
   5.560466E+03    1.278965E+03    4.194117E-03


   5.560466E+03    1.278965E+03    1.071494E-03
   5.560466E+03    1.278365E+03    1.071494E-03
   5.561466E+03    1.278365E+03    1.071494E-03
   5.560466E+03    1.278965E+03    1.071494E-03


   5.555466E+03    1.278965E+03    1.466403E-03
   5.556466E+03    1.278365E+03    1.466403E-03
   5.556466E+03    1.278965E+03    1.466403E-03
   5.555466E+03    1.278965E+03    1.466403E-03


   5.555466E+03    1.278965E+03    1.672974E-03
   5.555466E+03    1.278365E+03    1.672974E-03
   5.556466E+03    1.278365E+03    1.672974E-03
   5.555466E+03    1.278965E+03    1.672974E-03


   5.556466E+03    1.278965E+03    1.467677E-03
   5.557466E+03    1.278365E+03    1.467677E-03
   5.557466E+03    1.278965E+03    1.467677E-03
   5.556466E+03    1.278965E+03    1.467677E-03


   5.556466E+03    1.278965E+03    1.483738E-03
   5.556466E+03    1.278365E+03    1.483738E-03
   5.557466E+03    1.278365E+03    1.483738E-03
   5.556466E+03    1.278965E+03    1.483738E-03


   5.566266E+03    1.278365E+03    1.406026E-03
   5.566266E+03    1.278965E+03    1.406026E-03
   5.564666E+03    1.278965E+03    1.406026E-03
   5.566266E+03    1.278365E+03    1.406026E-03


   5.564666E+03    1.278365E+03    1.188302E-03
   5.566266E+03    1.278365E+03    1.188302E-03
   5.564666E+03    1.278965E+03    1.188302E-03
   5.564666E+03    1.278365E+03    1.188302E-03


   5.564666E+03    1.278365E+03    1.348248E-03
   5.564666E+03    1.278965E+03    1.348248E-03
   5.563066E+03    1.278965E+03    1.348248E-03
   5.564666E+03    1.278365E+03    1.348248E-03


   5.563066E+03    1.278365E+03    1.032368E-03
   5.564666E+03    1.278365E+03    1.032368E-03
   5.563066E+03    1.278965E+03    1.032368E-03
   5.563066E+03    1.278365E+03    1.032368E-03


   5.563066E+03    1.278365E+03    1.336155E-03
   5.563066E+03    1.278965E+03    1.336155E-03
   5.561466E+03    1.278965E+03    1.336155E-03
   5.563066E+03    1.278365E+03    1.336155E-03


   5.561466E+03    1.278365E+03    4.357242E-04
   5.563066E+03    1.278365E+03    4.357242E-04
   5.561466E+03    1.278965E+03    4.357242E-04
   5.561466E+03    1.278365E+03    4.357242E-04


   5.557466E+03    1.278965E+03    1.689557E-03
   5.558466E+03    1.278365E+03    1.689557E-03
   5.558466E+03    1.278965E+03    1.689557E-03
   5.557466E+03    1.278965E+03    1.689557E-03


   5.557466E+03    1.278965E+03    1.478274E-03
   5.557466E+03    1.278365E+03    1.478274E-03
   5.558466E+03    1.278365E+03    1.478274E-03
   5.557466E+03    1.278965E+03    1.478274E-03


   5.558466E+03    1.278365E+03    1.714200E-03
   5.559466E+03    1.277765E+03    1.714200E-03
   5.559466E+03    1.278365E+03    1.714200E-03
   5.558466E+03    1.278365E+03    1.714200E-03


   5.558466E+03    1.278365E+03    3.188606E-03
   5.558466E+03    1.277765E+03    3.188606E-03
   5.559466E+03    1.277765E+03    3.188606E-03
   5.558466E+03    1.278365E+03    3.188606E-03


   5.559466E+03    1.278365E+03    2.829960E-03
   5.560466E+03    1.277765E+03    2.829960E-03
   5.560466E+03    1.278365E+03    2.829960E-03
   5.559466E+03    1.278365E+03    2.829960E-03


   5.559466E+03    1.278365E+03    2.815883E-03
   5.559466E+03    1.277765E+03    2.815883E-03
   5.560466E+03    1.277765E+03    2.815883E-03
   5.559466E+03    1.278365E+03    2.815883E-03


   5.560466E+03    1.278365E+03    3.071543E-03
   5.561466E+03    1.277765E+03    3.071543E-03
   5.561466E+03    1.278365E+03    3.071543E-03
   5.560466E+03    1.278365E+03    3.071543E-03


   5.560466E+03    1.278365E+03    1.760508E-03
   5.560466E+03    1.277765E+03    1.760508E-03
   5.561466E+03    1.277765E+03    1.760508E-03
   5.560466E+03    1.278365E+03    1.760508E-03


   5.555466E+03    1.278365E+03    1.408812E-03
   5.556466E+03    1.277765E+03    1.408812E-03
   5.556466E+03    1.278365E+03    1.408812E-03
   5.555466E+03    1.278365E+03    1.408812E-03


   5.555466E+03    1.278365E+03    1.533928E-03
   5.555466E+03    1.277765E+03    1.533928E-03
   5.556466E+03    1.277765E+03    1.533928E-03
   5.555466E+03    1.278365E+03    1.533928E-03


   5.556466E+03    1.278365E+03    1.320338E-03
   5.557466E+03    1.277765E+03    1.320338E-03
   5.557466E+03    1.278365E+03    1.320338E-03
   5.556466E+03    1.278365E+03    1.320338E-03


   5.556466E+03    1.278365E+03    1.309977E-03
   5.556466E+03    1.277765E+03    1.309977E-03
   5.557466E+03    1.277765E+03    1.309977E-03
   5.556466E+03    1.278365E+03    1.309977E-03


   5.566266E+03    1.277765E+03    1.534325E-03
   5.566266E+03    1.278365E+03    1.534325E-03
   5.564666E+03    1.278365E+03    1.534325E-03
   5.566266E+03    1.277765E+03    1.534325E-03


   5.564666E+03    1.277765E+03    1.215630E-03
   5.566266E+03    1.277765E+03    1.215630E-03
   5.564666E+03    1.278365E+03    1.215630E-03
   5.564666E+03    1.277765E+03    1.215630E-03


   5.564666E+03    1.277765E+03    1.312290E-03
   5.564666E+03    1.278365E+03    1.312290E-03
   5.563066E+03    1.278365E+03    1.312290E-03
   5.564666E+03    1.277765E+03    1.312290E-03


   5.563066E+03    1.277765E+03    7.600230E-04
   5.564666E+03    1.277765E+03    7.600230E-04
   5.563066E+03    1.278365E+03    7.600230E-04
   5.563066E+03    1.277765E+03    7.600230E-04


   5.563066E+03    1.277765E+03    9.322990E-04
   5.563066E+03    1.278365E+03    9.322990E-04
   5.561466E+03    1.278365E+03    9.322990E-04
   5.563066E+03    1.277765E+03    9.322990E-04


   5.561466E+03    1.277765E+03    5.659268E-04
   5.563066E+03    1.277765E+03    5.659268E-04
   5.561466E+03    1.278365E+03    5.659268E-04
   5.561466E+03    1.277765E+03    5.659268E-04


   5.557466E+03    1.278365E+03    1.266139E-03
   5.558466E+03    1.277765E+03    1.266139E-03
   5.558466E+03    1.278365E+03    1.266139E-03
   5.557466E+03    1.278365E+03    1.266139E-03


   5.557466E+03    1.278365E+03    1.101400E-03
   5.557466E+03    1.277765E+03    1.101400E-03
   5.558466E+03    1.277765E+03    1.101400E-03
   5.557466E+03    1.278365E+03    1.101400E-03


   5.558466E+03    1.277765E+03    1.108103E-03
   5.559466E+03    1.277165E+03    1.108103E-03
   5.559466E+03    1.277765E+03    1.108103E-03
   5.558466E+03    1.277765E+03    1.108103E-03


   5.558466E+03    1.277765E+03    4.281278E-03
   5.558466E+03    1.277165E+03    4.281278E-03
   5.559466E+03    1.277165E+03    4.281278E-03
   5.558466E+03    1.277765E+03    4.281278E-03


   5.559466E+03    1.277765E+03    2.028220E-03
   5.560466E+03    1.277165E+03    2.028220E-03
   5.560466E+03    1.277765E+03    2.028220E-03
   5.559466E+03    1.277765E+03    2.028220E-03


   5.559466E+03    1.277765E+03    1.912507E-03
   5.559466E+03    1.277165E+03    1.912507E-03
   5.560466E+03    1.277165E+03    1.912507E-03
   5.559466E+03    1.277765E+03    1.912507E-03


   5.560466E+03    1.277765E+03    3.515276E-03
   5.561466E+03    1.277165E+03    3.515276E-03
   5.561466E+03    1.277765E+03    3.515276E-03
   5.560466E+03    1.277765E+03    3.515276E-03


   5.560466E+03    1.277765E+03    3.107630E-03
   5.560466E+03    1.277165E+03    3.107630E-03
   5.561466E+03    1.277165E+03    3.107630E-03
   5.560466E+03    1.277765E+03    3.107630E-03


   5.555466E+03    1.277765E+03    1.287314E-03
   5.556466E+03    1.277165E+03    1.287314E-03
   5.556466E+03    1.277765E+03    1.287314E-03
   5.555466E+03    1.277765E+03    1.287314E-03


   5.555466E+03    1.277765E+03    1.408851E-03
   5.555466E+03    1.277165E+03    1.408851E-03
   5.556466E+03    1.277165E+03    1.408851E-03
   5.555466E+03    1.277765E+03    1.408851E-03


   5.556466E+03    1.277765E+03    9.929249E-04
   5.557466E+03    1.277165E+03    9.929249E-04
   5.557466E+03    1.277765E+03    9.929249E-04
   5.556466E+03    1.277765E+03    9.929249E-04


   5.556466E+03    1.277765E+03    1.278592E-03
   5.556466E+03    1.277165E+03    1.278592E-03
   5.557466E+03    1.277165E+03    1.278592E-03
   5.556466E+03    1.277765E+03    1.278592E-03


   5.556466E+03    1.274165E+03    2.398541E-03
   5.556466E+03    1.275165E+03    2.398541E-03
   5.555466E+03    1.275165E+03    2.398541E-03
   5.556466E+03    1.274165E+03    2.398541E-03


   5.556466E+03    1.274165E+03    3.105033E-03
   5.555466E+03    1.275165E+03    3.105033E-03
   5.555466E+03    1.274165E+03    3.105033E-03
   5.556466E+03    1.274165E+03    3.105033E-03


   5.556466E+03    1.275165E+03    2.003237E-03
   5.556466E+03    1.276165E+03    2.003237E-03
   5.555466E+03    1.276165E+03    2.003237E-03
   5.556466E+03    1.275165E+03    2.003237E-03


   5.556466E+03    1.275165E+03    2.482137E-03
   5.555466E+03    1.276165E+03    2.482137E-03
   5.555466E+03    1.275165E+03    2.482137E-03
   5.556466E+03    1.275165E+03    2.482137E-03


   5.556466E+03    1.276165E+03    1.560313E-03
   5.556466E+03    1.277165E+03    1.560313E-03
   5.555466E+03    1.277165E+03    1.560313E-03
   5.556466E+03    1.276165E+03    1.560313E-03


   5.556466E+03    1.276165E+03    1.763980E-03
   5.555466E+03    1.277165E+03    1.763980E-03
   5.555466E+03    1.276165E+03    1.763980E-03
   5.556466E+03    1.276165E+03    1.763980E-03


   5.557466E+03    1.274165E+03    2.056408E-03
   5.557466E+03    1.275165E+03    2.056408E-03
   5.556466E+03    1.275165E+03    2.056408E-03
   5.557466E+03    1.274165E+03    2.056408E-03


   5.557466E+03    1.274165E+03    2.758902E-03
   5.556466E+03    1.275165E+03    2.758902E-03
   5.556466E+03    1.274165E+03    2.758902E-03
   5.557466E+03    1.274165E+03    2.758902E-03


   5.557466E+03    1.275165E+03    1.900323E-03
   5.557466E+03    1.276165E+03    1.900323E-03
   5.556466E+03    1.276165E+03    1.900323E-03
   5.557466E+03    1.275165E+03    1.900323E-03


   5.557466E+03    1.275165E+03    2.358981E-03
   5.556466E+03    1.276165E+03    2.358981E-03
   5.556466E+03    1.275165E+03    2.358981E-03
   5.557466E+03    1.275165E+03    2.358981E-03


   5.557466E+03    1.276165E+03    1.708403E-03
   5.557466E+03    1.277165E+03    1.708403E-03
   5.556466E+03    1.277165E+03    1.708403E-03
   5.557466E+03    1.276165E+03    1.708403E-03


   5.557466E+03    1.276165E+03    1.749682E-03
   5.556466E+03    1.277165E+03    1.749682E-03
   5.556466E+03    1.276165E+03    1.749682E-03
   5.557466E+03    1.276165E+03    1.749682E-03


   5.558466E+03    1.274165E+03    1.438844E-03
   5.558466E+03    1.275165E+03    1.438844E-03
   5.557466E+03    1.275165E+03    1.438844E-03
   5.558466E+03    1.274165E+03    1.438844E-03


   5.558466E+03    1.274165E+03    2.767839E-03
   5.557466E+03    1.275165E+03    2.767839E-03
   5.557466E+03    1.274165E+03    2.767839E-03
   5.558466E+03    1.274165E+03    2.767839E-03


   5.558466E+03    1.275165E+03    1.776690E-03
   5.558466E+03    1.276165E+03    1.776690E-03
   5.557466E+03    1.276165E+03    1.776690E-03
   5.558466E+03    1.275165E+03    1.776690E-03


   5.558466E+03    1.275165E+03    1.804324E-03
   5.557466E+03    1.276165E+03    1.804324E-03
   5.557466E+03    1.275165E+03    1.804324E-03
   5.558466E+03    1.275165E+03    1.804324E-03


   5.564666E+03    1.277165E+03    1.899689E-03
   5.566266E+03    1.276165E+03    1.899689E-03
   5.566266E+03    1.277165E+03    1.899689E-03
   5.564666E+03    1.277165E+03    1.899689E-03


   5.564666E+03    1.277165E+03    1.498576E-03
   5.564666E+03    1.276165E+03    1.498576E-03
   5.566266E+03    1.276165E+03    1.498576E-03
   5.564666E+03    1.277165E+03    1.498576E-03


   5.563066E+03    1.277165E+03    1.511039E-03
   5.564666E+03    1.276165E+03    1.511039E-03
   5.564666E+03    1.277165E+03    1.511039E-03
   5.563066E+03    1.277165E+03    1.511039E-03


   5.563066E+03    1.277165E+03    1.499462E-03
   5.563066E+03    1.276165E+03    1.499462E-03
   5.564666E+03    1.276165E+03    1.499462E-03
   5.563066E+03    1.277165E+03    1.499462E-03


   5.561466E+03    1.277165E+03    1.621410E-03
   5.563066E+03    1.276165E+03    1.621410E-03
   5.563066E+03    1.277165E+03    1.621410E-03
   5.561466E+03    1.277165E+03    1.621410E-03


   5.561466E+03    1.277165E+03    2.339812E-03
   5.561466E+03    1.276165E+03    2.339812E-03
   5.563066E+03    1.276165E+03    2.339812E-03
   5.561466E+03    1.277165E+03    2.339812E-03


   5.564666E+03    1.276165E+03    2.311843E-03
   5.566266E+03    1.275165E+03    2.311843E-03
   5.566266E+03    1.276165E+03    2.311843E-03
   5.564666E+03    1.276165E+03    2.311843E-03


   5.564666E+03    1.276165E+03    1.832138E-03
   5.564666E+03    1.275165E+03    1.832138E-03
   5.566266E+03    1.275165E+03    1.832138E-03
   5.564666E+03    1.276165E+03    1.832138E-03


   5.563066E+03    1.276165E+03    1.828603E-03
   5.564666E+03    1.275165E+03    1.828603E-03
   5.564666E+03    1.276165E+03    1.828603E-03
   5.563066E+03    1.276165E+03    1.828603E-03


   5.563066E+03    1.276165E+03    1.969187E-03
   5.563066E+03    1.275165E+03    1.969187E-03
   5.564666E+03    1.275165E+03    1.969187E-03
   5.563066E+03    1.276165E+03    1.969187E-03


   5.561466E+03    1.276165E+03    1.353172E-03
   5.563066E+03    1.275165E+03    1.353172E-03
   5.563066E+03    1.276165E+03    1.353172E-03
   5.561466E+03    1.276165E+03    1.353172E-03


   5.561466E+03    1.276165E+03    1.866478E-03
   5.561466E+03    1.275165E+03    1.866478E-03
   5.563066E+03    1.275165E+03    1.866478E-03
   5.561466E+03    1.276165E+03    1.866478E-03


   5.566266E+03    1.277165E+03    1.664214E-03
   5.566266E+03    1.277765E+03    1.664214E-03
   5.564666E+03    1.277765E+03    1.664214E-03
   5.566266E+03    1.277165E+03    1.664214E-03


   5.564666E+03    1.277165E+03    1.268711E-03
   5.566266E+03    1.277165E+03    1.268711E-03
   5.564666E+03    1.277765E+03    1.268711E-03
   5.564666E+03    1.277165E+03    1.268711E-03


   5.564666E+03    1.277165E+03    1.334422E-03
   5.564666E+03    1.277765E+03    1.334422E-03
   5.563066E+03    1.277765E+03    1.334422E-03
   5.564666E+03    1.277165E+03    1.334422E-03


   5.563066E+03    1.277165E+03    7.537865E-04
   5.564666E+03    1.277165E+03    7.537865E-04
   5.563066E+03    1.277765E+03    7.537865E-04
   5.563066E+03    1.277165E+03    7.537865E-04


   5.564666E+03    1.275165E+03    2.780196E-03
   5.566266E+03    1.274165E+03    2.780196E-03
   5.566266E+03    1.275165E+03    2.780196E-03
   5.564666E+03    1.275165E+03    2.780196E-03


   5.564666E+03    1.275165E+03    2.100216E-03
   5.564666E+03    1.274165E+03    2.100216E-03
   5.566266E+03    1.274165E+03    2.100216E-03
   5.564666E+03    1.275165E+03    2.100216E-03


   5.563066E+03    1.275165E+03    2.055590E-03
   5.564666E+03    1.274165E+03    2.055590E-03
   5.564666E+03    1.275165E+03    2.055590E-03
   5.563066E+03    1.275165E+03    2.055590E-03


   5.563066E+03    1.275165E+03    1.950992E-03
   5.563066E+03    1.274165E+03    1.950992E-03
   5.564666E+03    1.274165E+03    1.950992E-03
   5.563066E+03    1.275165E+03    1.950992E-03


   5.561466E+03    1.275165E+03    1.305752E-03
   5.563066E+03    1.274165E+03    1.305752E-03
   5.563066E+03    1.275165E+03    1.305752E-03
   5.561466E+03    1.275165E+03    1.305752E-03


   5.561466E+03    1.275165E+03    2.675283E-03
   5.561466E+03    1.274165E+03    2.675283E-03
   5.563066E+03    1.274165E+03    2.675283E-03
   5.561466E+03    1.275165E+03    2.675283E-03


   5.563066E+03    1.277165E+03    1.001587E-03
   5.563066E+03    1.277765E+03    1.001587E-03
   5.561466E+03    1.277765E+03    1.001587E-03
   5.563066E+03    1.277165E+03    1.001587E-03


   5.561466E+03    1.277165E+03    9.252221E-04
   5.563066E+03    1.277165E+03    9.252221E-04
   5.561466E+03    1.277765E+03    9.252221E-04
   5.561466E+03    1.277165E+03    9.252221E-04


   5.557466E+03    1.277765E+03    1.096560E-03
   5.558466E+03    1.277165E+03    1.096560E-03
   5.558466E+03    1.277765E+03    1.096560E-03
   5.557466E+03    1.277765E+03    1.096560E-03


   5.557466E+03    1.277765E+03    1.227582E-03
   5.557466E+03    1.277165E+03    1.227582E-03
   5.558466E+03    1.277165E+03    1.227582E-03
   5.557466E+03    1.277765E+03    1.227582E-03


   5.558466E+03    1.276165E+03    3.249969E-03
   5.558466E+03    1.277165E+03    3.249969E-03
   5.557466E+03    1.277165E+03    3.249969E-03
   5.558466E+03    1.276165E+03    3.249969E-03


   5.558466E+03    1.276165E+03    1.644377E-03
   5.557466E+03    1.277165E+03    1.644377E-03
   5.557466E+03    1.276165E+03    1.644377E-03
   5.558466E+03    1.276165E+03    1.644377E-03


   5.558466E+03    1.274165E+03    2.580023E-03
   5.559466E+03    1.273565E+03    2.580023E-03
   5.559466E+03    1.274165E+03    2.580023E-03
   5.558466E+03    1.274165E+03    2.580023E-03


   5.558466E+03    1.274165E+03    3.179824E-03
   5.558466E+03    1.273565E+03    3.179824E-03
   5.559466E+03    1.273565E+03    3.179824E-03
   5.558466E+03    1.274165E+03    3.179824E-03


   5.559466E+03    1.274165E+03    1.844624E-03
   5.560466E+03    1.273565E+03    1.844624E-03
   5.560466E+03    1.274165E+03    1.844624E-03
   5.559466E+03    1.274165E+03    1.844624E-03


   5.559466E+03    1.274165E+03    1.903198E-03
   5.559466E+03    1.273565E+03    1.903198E-03
   5.560466E+03    1.273565E+03    1.903198E-03
   5.559466E+03    1.274165E+03    1.903198E-03


   5.560466E+03    1.274165E+03    4.208942E-03
   5.561466E+03    1.273565E+03    4.208942E-03
   5.561466E+03    1.274165E+03    4.208942E-03
   5.560466E+03    1.274165E+03    4.208942E-03


   5.560466E+03    1.274165E+03    1.047477E-03
   5.560466E+03    1.273565E+03    1.047477E-03
   5.561466E+03    1.273565E+03    1.047477E-03
   5.560466E+03    1.274165E+03    1.047477E-03


   5.555466E+03    1.274165E+03    2.550706E-03
   5.556466E+03    1.273565E+03    2.550706E-03
   5.556466E+03    1.274165E+03    2.550706E-03
   5.555466E+03    1.274165E+03    2.550706E-03


   5.555466E+03    1.274165E+03    3.336179E-03
   5.555466E+03    1.273565E+03    3.336179E-03
   5.556466E+03    1.273565E+03    3.336179E-03
   5.555466E+03    1.274165E+03    3.336179E-03


   5.556466E+03    1.274165E+03    1.907835E-03
   5.557466E+03    1.273565E+03    1.907835E-03
   5.557466E+03    1.274165E+03    1.907835E-03
   5.556466E+03    1.274165E+03    1.907835E-03


   5.556466E+03    1.274165E+03    2.580980E-03
   5.556466E+03    1.273565E+03    2.580980E-03
   5.557466E+03    1.273565E+03    2.580980E-03
   5.556466E+03    1.274165E+03    2.580980E-03


   5.566266E+03    1.273565E+03    3.155940E-03
   5.566266E+03    1.274165E+03    3.155940E-03
   5.564666E+03    1.274165E+03    3.155940E-03
   5.566266E+03    1.273565E+03    3.155940E-03


   5.564666E+03    1.273565E+03    2.203319E-03
   5.566266E+03    1.273565E+03    2.203319E-03
   5.564666E+03    1.274165E+03    2.203319E-03
   5.564666E+03    1.273565E+03    2.203319E-03


   5.564666E+03    1.273565E+03    2.230264E-03
   5.564666E+03    1.274165E+03    2.230264E-03
   5.563066E+03    1.274165E+03    2.230264E-03
   5.564666E+03    1.273565E+03    2.230264E-03


   5.563066E+03    1.273565E+03    1.378810E-03
   5.564666E+03    1.273565E+03    1.378810E-03
   5.563066E+03    1.274165E+03    1.378810E-03
   5.563066E+03    1.273565E+03    1.378810E-03


   5.563066E+03    1.273565E+03    1.394421E-03
   5.563066E+03    1.274165E+03    1.394421E-03
   5.561466E+03    1.274165E+03    1.394421E-03
   5.563066E+03    1.273565E+03    1.394421E-03


   5.561466E+03    1.273565E+03    6.106453E-04
   5.563066E+03    1.273565E+03    6.106453E-04
   5.561466E+03    1.274165E+03    6.106453E-04
   5.561466E+03    1.273565E+03    6.106453E-04


   5.557466E+03    1.274165E+03    1.668243E-03
   5.558466E+03    1.273565E+03    1.668243E-03
   5.558466E+03    1.274165E+03    1.668243E-03
   5.557466E+03    1.274165E+03    1.668243E-03


   5.557466E+03    1.274165E+03    1.930689E-03
   5.557466E+03    1.273565E+03    1.930689E-03
   5.558466E+03    1.273565E+03    1.930689E-03
   5.557466E+03    1.274165E+03    1.930689E-03


   5.558466E+03    1.273565E+03    1.500179E-03
   5.559466E+03    1.272965E+03    1.500179E-03
   5.559466E+03    1.273565E+03    1.500179E-03
   5.558466E+03    1.273565E+03    1.500179E-03


   5.558466E+03    1.273565E+03    2.879409E-03
   5.558466E+03    1.272965E+03    2.879409E-03
   5.559466E+03    1.272965E+03    2.879409E-03
   5.558466E+03    1.273565E+03    2.879409E-03


   5.559466E+03    1.273565E+03    2.545880E-03
   5.560466E+03    1.272965E+03    2.545880E-03
   5.560466E+03    1.273565E+03    2.545880E-03
   5.559466E+03    1.273565E+03    2.545880E-03


   5.559466E+03    1.273565E+03    2.488241E-03
   5.559466E+03    1.272965E+03    2.488241E-03
   5.560466E+03    1.272965E+03    2.488241E-03
   5.559466E+03    1.273565E+03    2.488241E-03


   5.560466E+03    1.273565E+03    2.904363E-03
   5.561466E+03    1.272965E+03    2.904363E-03
   5.561466E+03    1.273565E+03    2.904363E-03
   5.560466E+03    1.273565E+03    2.904363E-03


   5.560466E+03    1.273565E+03    1.524620E-03
   5.560466E+03    1.272965E+03    1.524620E-03
   5.561466E+03    1.272965E+03    1.524620E-03
   5.560466E+03    1.273565E+03    1.524620E-03


   5.555466E+03    1.273565E+03    2.513496E-03
   5.556466E+03    1.272965E+03    2.513496E-03
   5.556466E+03    1.273565E+03    2.513496E-03
   5.555466E+03    1.273565E+03    2.513496E-03


   5.555466E+03    1.273565E+03    3.322488E-03
   5.555466E+03    1.272965E+03    3.322488E-03
   5.556466E+03    1.272965E+03    3.322488E-03
   5.555466E+03    1.273565E+03    3.322488E-03


   5.556466E+03    1.273565E+03    1.655812E-03
   5.557466E+03    1.272965E+03    1.655812E-03
   5.557466E+03    1.273565E+03    1.655812E-03
   5.556466E+03    1.273565E+03    1.655812E-03


   5.556466E+03    1.273565E+03    2.464224E-03
   5.556466E+03    1.272965E+03    2.464224E-03
   5.557466E+03    1.272965E+03    2.464224E-03
   5.556466E+03    1.273565E+03    2.464224E-03


   5.566266E+03    1.272965E+03    3.356661E-03
   5.566266E+03    1.273565E+03    3.356661E-03
   5.564666E+03    1.273565E+03    3.356661E-03
   5.566266E+03    1.272965E+03    3.356661E-03


   5.564666E+03    1.272965E+03    2.262874E-03
   5.566266E+03    1.272965E+03    2.262874E-03
   5.564666E+03    1.273565E+03    2.262874E-03
   5.564666E+03    1.272965E+03    2.262874E-03


   5.564666E+03    1.272965E+03    2.230870E-03
   5.564666E+03    1.273565E+03    2.230870E-03
   5.563066E+03    1.273565E+03    2.230870E-03
   5.564666E+03    1.272965E+03    2.230870E-03


   5.563066E+03    1.272965E+03    1.117622E-03
   5.564666E+03    1.272965E+03    1.117622E-03
   5.563066E+03    1.273565E+03    1.117622E-03
   5.563066E+03    1.272965E+03    1.117622E-03


   5.563066E+03    1.272965E+03    1.032754E-03
   5.563066E+03    1.273565E+03    1.032754E-03
   5.561466E+03    1.273565E+03    1.032754E-03
   5.563066E+03    1.272965E+03    1.032754E-03


   5.561466E+03    1.272965E+03    5.972233E-04
   5.563066E+03    1.272965E+03    5.972233E-04
   5.561466E+03    1.273565E+03    5.972233E-04
   5.561466E+03    1.272965E+03    5.972233E-04


   5.557466E+03    1.273565E+03    1.036013E-03
   5.558466E+03    1.272965E+03    1.036013E-03
   5.558466E+03    1.273565E+03    1.036013E-03
   5.557466E+03    1.273565E+03    1.036013E-03


   5.557466E+03    1.273565E+03    1.635674E-03
   5.557466E+03    1.272965E+03    1.635674E-03
   5.558466E+03    1.272965E+03    1.635674E-03
   5.557466E+03    1.273565E+03    1.635674E-03


   5.558466E+03    1.272965E+03    1.051116E-03
   5.559466E+03    1.272365E+03    1.051116E-03
   5.559466E+03    1.272965E+03    1.051116E-03
   5.558466E+03    1.272965E+03    1.051116E-03


   5.558466E+03    1.272965E+03    3.666729E-03
   5.558466E+03    1.272365E+03    3.666729E-03
   5.559466E+03    1.272365E+03    3.666729E-03
   5.558466E+03    1.272965E+03    3.666729E-03


   5.559466E+03    1.272965E+03    1.867005E-03
   5.560466E+03    1.272365E+03    1.867005E-03
   5.560466E+03    1.272965E+03    1.867005E-03
   5.559466E+03    1.272965E+03    1.867005E-03


   5.559466E+03    1.272965E+03    1.663218E-03
   5.559466E+03    1.272365E+03    1.663218E-03
   5.560466E+03    1.272365E+03    1.663218E-03
   5.559466E+03    1.272965E+03    1.663218E-03


   5.560466E+03    1.272965E+03    2.881725E-03
   5.561466E+03    1.272365E+03    2.881725E-03
   5.561466E+03    1.272965E+03    2.881725E-03
   5.560466E+03    1.272965E+03    2.881725E-03


   5.560466E+03    1.272965E+03    2.484148E-03
   5.560466E+03    1.272365E+03    2.484148E-03
   5.561466E+03    1.272365E+03    2.484148E-03
   5.560466E+03    1.272965E+03    2.484148E-03


   5.555466E+03    1.272965E+03    2.464991E-03
   5.556466E+03    1.272365E+03    2.464991E-03
   5.556466E+03    1.272965E+03    2.464991E-03
   5.555466E+03    1.272965E+03    2.464991E-03


   5.555466E+03    1.272965E+03    3.354525E-03
   5.555466E+03    1.272365E+03    3.354525E-03
   5.556466E+03    1.272365E+03    3.354525E-03
   5.555466E+03    1.272965E+03    3.354525E-03


   5.556466E+03    1.272965E+03    1.362206E-03
   5.557466E+03    1.272365E+03    1.362206E-03
   5.557466E+03    1.272965E+03    1.362206E-03
   5.556466E+03    1.272965E+03    1.362206E-03


   5.556466E+03    1.272965E+03    2.501032E-03
   5.556466E+03    1.272365E+03    2.501032E-03
   5.557466E+03    1.272365E+03    2.501032E-03
   5.556466E+03    1.272965E+03    2.501032E-03


   5.556466E+03    1.269365E+03    3.095788E-03
   5.556466E+03    1.270365E+03    3.095788E-03
   5.555466E+03    1.270365E+03    3.095788E-03
   5.556466E+03    1.269365E+03    3.095788E-03


   5.556466E+03    1.269365E+03    5.661301E-03
   5.555466E+03    1.270365E+03    5.661301E-03
   5.555466E+03    1.269365E+03    5.661301E-03
   5.556466E+03    1.269365E+03    5.661301E-03


   5.556466E+03    1.270365E+03    3.043586E-03
   5.556466E+03    1.271365E+03    3.043586E-03
   5.555466E+03    1.271365E+03    3.043586E-03
   5.556466E+03    1.270365E+03    3.043586E-03


   5.556466E+03    1.270365E+03    4.602785E-03
   5.555466E+03    1.271365E+03    4.602785E-03
   5.555466E+03    1.270365E+03    4.602785E-03
   5.556466E+03    1.270365E+03    4.602785E-03


   5.556466E+03    1.271365E+03    2.709468E-03
   5.556466E+03    1.272365E+03    2.709468E-03
   5.555466E+03    1.272365E+03    2.709468E-03
   5.556466E+03    1.271365E+03    2.709468E-03


   5.556466E+03    1.271365E+03    3.779221E-03
   5.555466E+03    1.272365E+03    3.779221E-03
   5.555466E+03    1.271365E+03    3.779221E-03
   5.556466E+03    1.271365E+03    3.779221E-03


   5.557466E+03    1.269365E+03    1.607208E-03
   5.557466E+03    1.270365E+03    1.607208E-03
   5.556466E+03    1.270365E+03    1.607208E-03
   5.557466E+03    1.269365E+03    1.607208E-03


   5.557466E+03    1.269365E+03    3.577087E-03
   5.556466E+03    1.270365E+03    3.577087E-03
   5.556466E+03    1.269365E+03    3.577087E-03
   5.557466E+03    1.269365E+03    3.577087E-03


   5.557466E+03    1.270365E+03    1.918193E-03
   5.557466E+03    1.271365E+03    1.918193E-03
   5.556466E+03    1.271365E+03    1.918193E-03
   5.557466E+03    1.270365E+03    1.918193E-03


   5.557466E+03    1.270365E+03    3.499227E-03
   5.556466E+03    1.271365E+03    3.499227E-03
   5.556466E+03    1.270365E+03    3.499227E-03
   5.557466E+03    1.270365E+03    3.499227E-03


   5.557466E+03    1.271365E+03    1.904651E-03
   5.557466E+03    1.272365E+03    1.904651E-03
   5.556466E+03    1.272365E+03    1.904651E-03
   5.557466E+03    1.271365E+03    1.904651E-03


   5.557466E+03    1.271365E+03    3.038556E-03
   5.556466E+03    1.272365E+03    3.038556E-03
   5.556466E+03    1.271365E+03    3.038556E-03
   5.557466E+03    1.271365E+03    3.038556E-03


   5.558466E+03    1.269365E+03    4.425224E-04
   5.558466E+03    1.270365E+03    4.425224E-04
   5.557466E+03    1.270365E+03    4.425224E-04
   5.558466E+03    1.269365E+03    4.425224E-04


   5.558466E+03    1.269365E+03    2.214515E-03
   5.557466E+03    1.270365E+03    2.214515E-03
   5.557466E+03    1.269365E+03    2.214515E-03
   5.558466E+03    1.269365E+03    2.214515E-03


   5.558466E+03    1.270365E+03    9.117498E-04
   5.558466E+03    1.271365E+03    9.117498E-04
   5.557466E+03    1.271365E+03    9.117498E-04
   5.558466E+03    1.270365E+03    9.117498E-04


   5.558466E+03    1.270365E+03    2.310568E-03
   5.557466E+03    1.271365E+03    2.310568E-03
   5.557466E+03    1.270365E+03    2.310568E-03
   5.558466E+03    1.270365E+03    2.310568E-03


   5.564666E+03    1.272365E+03    3.850817E-03
   5.566266E+03    1.271365E+03    3.850817E-03
   5.566266E+03    1.272365E+03    3.850817E-03
   5.564666E+03    1.272365E+03    3.850817E-03


   5.564666E+03    1.272365E+03    2.593243E-03
   5.564666E+03    1.271365E+03    2.593243E-03
   5.566266E+03    1.271365E+03    2.593243E-03
   5.564666E+03    1.272365E+03    2.593243E-03


   5.563066E+03    1.272365E+03    2.389395E-03
   5.564666E+03    1.271365E+03    2.389395E-03
   5.564666E+03    1.272365E+03    2.389395E-03
   5.563066E+03    1.272365E+03    2.389395E-03


   5.563066E+03    1.272365E+03    1.825259E-03
   5.563066E+03    1.271365E+03    1.825259E-03
   5.564666E+03    1.271365E+03    1.825259E-03
   5.563066E+03    1.272365E+03    1.825259E-03


   5.561466E+03    1.272365E+03    1.358940E-03
   5.563066E+03    1.271365E+03    1.358940E-03
   5.563066E+03    1.272365E+03    1.358940E-03
   5.561466E+03    1.272365E+03    1.358940E-03


   5.561466E+03    1.272365E+03    2.180884E-03
   5.561466E+03    1.271365E+03    2.180884E-03
   5.563066E+03    1.271365E+03    2.180884E-03
   5.561466E+03    1.272365E+03    2.180884E-03


   5.564666E+03    1.271365E+03    4.426468E-03
   5.566266E+03    1.270365E+03    4.426468E-03
   5.566266E+03    1.271365E+03    4.426468E-03
   5.564666E+03    1.271365E+03    4.426468E-03


   5.564666E+03    1.271365E+03    2.846471E-03
   5.564666E+03    1.270365E+03    2.846471E-03
   5.566266E+03    1.270365E+03    2.846471E-03
   5.564666E+03    1.271365E+03    2.846471E-03


   5.563066E+03    1.271365E+03    2.611723E-03
   5.564666E+03    1.270365E+03    2.611723E-03
   5.564666E+03    1.271365E+03    2.611723E-03
   5.563066E+03    1.271365E+03    2.611723E-03


   5.563066E+03    1.271365E+03    1.983347E-03
   5.563066E+03    1.270365E+03    1.983347E-03
   5.564666E+03    1.270365E+03    1.983347E-03
   5.563066E+03    1.271365E+03    1.983347E-03


   5.561466E+03    1.271365E+03    9.367463E-04
   5.563066E+03    1.270365E+03    9.367463E-04
   5.563066E+03    1.271365E+03    9.367463E-04
   5.561466E+03    1.271365E+03    9.367463E-04


   5.561466E+03    1.271365E+03    2.168474E-03
   5.561466E+03    1.270365E+03    2.168474E-03
   5.563066E+03    1.270365E+03    2.168474E-03
   5.561466E+03    1.271365E+03    2.168474E-03


   5.566266E+03    1.272365E+03    3.548454E-03
   5.566266E+03    1.272965E+03    3.548454E-03
   5.564666E+03    1.272965E+03    3.548454E-03
   5.566266E+03    1.272365E+03    3.548454E-03


   5.564666E+03    1.272365E+03    2.352570E-03
   5.566266E+03    1.272365E+03    2.352570E-03
   5.564666E+03    1.272965E+03    2.352570E-03
   5.564666E+03    1.272365E+03    2.352570E-03


   5.564666E+03    1.272365E+03    2.277111E-03
   5.564666E+03    1.272965E+03    2.277111E-03
   5.563066E+03    1.272965E+03    2.277111E-03
   5.564666E+03    1.272365E+03    2.277111E-03


   5.563066E+03    1.272365E+03    1.156220E-03
   5.564666E+03    1.272365E+03    1.156220E-03
   5.563066E+03    1.272965E+03    1.156220E-03
   5.563066E+03    1.272365E+03    1.156220E-03


   5.564666E+03    1.270365E+03    5.386023E-03
   5.566266E+03    1.269365E+03    5.386023E-03
   5.566266E+03    1.270365E+03    5.386023E-03
   5.564666E+03    1.270365E+03    5.386023E-03


   5.564666E+03    1.270365E+03    2.805150E-03
   5.564666E+03    1.269365E+03    2.805150E-03
   5.566266E+03    1.269365E+03    2.805150E-03
   5.564666E+03    1.270365E+03    2.805150E-03


   5.563066E+03    1.270365E+03    2.384769E-03
   5.564666E+03    1.269365E+03    2.384769E-03
   5.564666E+03    1.270365E+03    2.384769E-03
   5.563066E+03    1.270365E+03    2.384769E-03


   5.563066E+03    1.270365E+03    1.589112E-03
   5.563066E+03    1.269365E+03    1.589112E-03
   5.564666E+03    1.269365E+03    1.589112E-03
   5.563066E+03    1.270365E+03    1.589112E-03


   5.561466E+03    1.270365E+03    5.999360E-04
   5.563066E+03    1.269365E+03    5.999360E-04
   5.563066E+03    1.270365E+03    5.999360E-04
   5.561466E+03    1.270365E+03    5.999360E-04


   5.561466E+03    1.270365E+03    2.625380E-03
   5.561466E+03    1.269365E+03    2.625380E-03
   5.563066E+03    1.269365E+03    2.625380E-03
   5.561466E+03    1.270365E+03    2.625380E-03


   5.563066E+03    1.272365E+03    1.075225E-03
   5.563066E+03    1.272965E+03    1.075225E-03
   5.561466E+03    1.272965E+03    1.075225E-03
   5.563066E+03    1.272365E+03    1.075225E-03


   5.561466E+03    1.272365E+03    8.267977E-04
   5.563066E+03    1.272365E+03    8.267977E-04
   5.561466E+03    1.272965E+03    8.267977E-04
   5.561466E+03    1.272365E+03    8.267977E-04


   5.557466E+03    1.272965E+03    7.377315E-04
   5.558466E+03    1.272365E+03    7.377315E-04
   5.558466E+03    1.272965E+03    7.377315E-04
   5.557466E+03    1.272965E+03    7.377315E-04


   5.557466E+03    1.272965E+03    1.729774E-03
   5.557466E+03    1.272365E+03    1.729774E-03
   5.558466E+03    1.272365E+03    1.729774E-03
   5.557466E+03    1.272965E+03    1.729774E-03


   5.558466E+03    1.271365E+03    2.525843E-03
   5.558466E+03    1.272365E+03    2.525843E-03
   5.557466E+03    1.272365E+03    2.525843E-03
   5.558466E+03    1.271365E+03    2.525843E-03


   5.558466E+03    1.271365E+03    2.242713E-03
   5.557466E+03    1.272365E+03    2.242713E-03
   5.557466E+03    1.271365E+03    2.242713E-03
   5.558466E+03    1.271365E+03    2.242713E-03


