25 16   !Vertices e elementos   
0.000000 0.000000
1.000000 0.000000
1.000000 1.000000
0.000000 1.000000
0.250000 0.000000
0.500000 0.000000
0.750000 0.000000
1.000000 0.250000
1.000000 0.500000
1.000000 0.750000
0.750000 1.000000
0.500000 1.000000
0.250000 1.000000
0.000000 0.750000
0.000000 0.500000
0.000000 0.250000
0.250000 0.250000
0.250000 0.500000
0.250000 0.750000
0.500000 0.250000
0.500000 0.500000
0.500000 0.750000
0.750000 0.250000
0.750000 0.500000
0.750000 0.750000
4
1 5 17 16
4
16 17 18 15
4
15 18 19 14
4
14 19 13 4
4
5 6 20 17
4
17 20 21 18
4
18 21 22 19
4
19 22 12 13
4
6 7 23 20
4
20 23 24 21 
4
21 24 25 22
4
22 25 11 12
4
7 2 8 23
4
23 8 9 24
4
24 9 10 25
4
25 10 3 11
16     !Quantidade de nós do contorno 
1 2 3 4 5 6 7 8 9 10 11 12 13 14 15 16    !Nós de contorno  