81 64   !Vertices e elementos   
0.000000 0.000000
1.000000 0.000000
1.000000 1.000000
0.000000 1.000000
0.125000 0.000000
0.250000 0.000000
0.375000 0.000000
0.500000 0.000000
0.625000 0.000000
0.750000 0.000000
0.875000 0.000000
1.000000 0.125000
1.000000 0.250000
1.000000 0.375000
1.000000 0.500000
1.000000 0.625000
1.000000 0.750000
1.000000 0.875000
0.875000 1.000000
0.750000 1.000000
0.625000 1.000000
0.500000 1.000000
0.375000 1.000000
0.250000 1.000000
0.125000 1.000000
0.000000 0.875000
0.000000 0.750000
0.000000 0.625000
0.000000 0.500000
0.000000 0.375000
0.000000 0.250000
0.000000 0.125000
0.125000 0.125000
0.125000 0.250000
0.125000 0.375000
0.125000 0.500000
0.125000 0.625000
0.125000 0.750000
0.125000 0.875000
0.250000 0.125000
0.250000 0.250000
0.250000 0.375000
0.250000 0.500000
0.250000 0.625000
0.250000 0.750000
0.250000 0.875000
0.375000 0.125000
0.375000 0.250000
0.375000 0.375000
0.375000 0.500000
0.375000 0.625000
0.375000 0.750000
0.375000 0.875000
0.500000 0.125000
0.500000 0.250000
0.500000 0.375000
0.500000 0.500000
0.500000 0.625000
0.500000 0.750000
0.500000 0.875000
0.625000 0.125000
0.625000 0.250000
0.625000 0.375000
0.625000 0.500000
0.625000 0.625000
0.625000 0.750000
0.625000 0.875000
0.750000 0.125000
0.750000 0.250000
0.750000 0.375000
0.750000 0.500000
0.750000 0.625000
0.750000 0.750000
0.750000 0.875000
0.875000 0.125000
0.875000 0.250000
0.875000 0.375000
0.875000 0.500000
0.875000 0.625000
0.875000 0.750000
0.875000 0.875000
4
1 5 33 32
4
32 33 34 31
4
31 34 35 30
4
30 35 36 29
4
29 36 37 28
4
28 37 38 27
4
27 38 39 26
4
26 39 25 4
4
5 6 40 33
4
33 40 41 34
4
34 41 42 35
4
35 42 43 36
4
36 43 44 37
4
37 44 45 38
4
38 45 46 39
4
39 46 24 25
4
6 7 47 40
4
40 47 48 41
4
41 48 49 42
4
42 49 50 43
4
43 50 51 44
4
44 51 52 45
4
45 52 53 46
4
46 53 23 24
4
7 8 54 47
4
47 54 55 48
4
48 55 56 49
4
49 56 57 50
4
50 57 58 51
4
51 58 59 52
4
52 59 60 53
4
53 60 22 23
4
8 9 61 54
4
54 61 62 55
4
55 62 63 56
4
56 63 64 57
4
57 64 65 58
4
58 65 66 59
4
59 66 67 60
4
60 67 21 22
4
9 10 68 61
4
61 68 69 62
4
62 69 70 63
4
63 70 71 64
4
64 71 72 65
4
65 72 73 66
4
66 73 74 67
4
67 74 20 21
4
10 11 75 68
4
68 75 76 69
4
69 76 77 70
4
70 77 78 71
4
71 78 79 72
4
72 79 80 73
4
73 80 81 74
4
74 81 19 20
4
11 2 12 75
4
75 12 13 76
4
76 13 14 77
4
77 14 15 78
4
78 15 16 79
4
79 16 17 80
4
80 17 18 81
4
81 18 3 19
32     !Quantidade de nós do contorno 
1 2 3 4 5 6 7 8 9 10 11 12 13 14 15 16 17 18 19 20 21 22 23 24 25 26 27 28 29 30 31 32