
--- ELEMENTO1


---
K_LOCAL (6x6):
   500000000.00000000        0.0000000000000000        0.0000000000000000       -500000000.00000000        0.0000000000000000        0.0000000000000000     
   0.0000000000000000        3750000.0000000000        7500000.0000000000        0.0000000000000000       -3750000.0000000000        7500000.0000000000     
   0.0000000000000000        7500000.0000000000        20000000.000000000        0.0000000000000000       -7500000.0000000000        10000000.000000000     
  -500000000.00000000        0.0000000000000000        0.0000000000000000        500000000.00000000        0.0000000000000000        0.0000000000000000     
   0.0000000000000000       -3750000.0000000000       -7500000.0000000000        0.0000000000000000        3750000.0000000000       -7500000.0000000000     
   0.0000000000000000        7500000.0000000000        10000000.000000000        0.0000000000000000       -7500000.0000000000        20000000.000000000     

F_LOCAL (6x1):
   0.0000000000000000     
   0.0000000000000000     
   0.0000000000000000     
   0.0000000000000000     
   0.0000000000000000     
  -0.0000000000000000     

--- ELEMENTO2


---
K_LOCAL (6x6):
   333333333.33333331        0.0000000000000000        0.0000000000000000       -333333333.33333331        0.0000000000000000        0.0000000000000000     
   0.0000000000000000        1111111.1111111110        3333333.3333333335        0.0000000000000000       -1111111.1111111110        3333333.3333333335     
   0.0000000000000000        3333333.3333333335        13333333.333333334        0.0000000000000000       -3333333.3333333335        6666666.6666666670     
  -333333333.33333331        0.0000000000000000        0.0000000000000000        333333333.33333331        0.0000000000000000        0.0000000000000000     
   0.0000000000000000       -1111111.1111111110       -3333333.3333333335        0.0000000000000000        1111111.1111111110       -3333333.3333333335     
   0.0000000000000000        3333333.3333333335        6666666.6666666670        0.0000000000000000       -3333333.3333333335        13333333.333333334     

F_LOCAL (6x1):
   0.0000000000000000     
  -6000.0000000000000     
  -6000.0000000000000     
   0.0000000000000000     
  -6000.0000000000000     
   6000.0000000000000     

--- ELEMENTO3


---
K_LOCAL (6x6):
   500000000.00000000        0.0000000000000000        0.0000000000000000       -500000000.00000000        0.0000000000000000        0.0000000000000000     
   0.0000000000000000        3750000.0000000000        7500000.0000000000        0.0000000000000000       -3750000.0000000000        7500000.0000000000     
   0.0000000000000000        7500000.0000000000        20000000.000000000        0.0000000000000000       -7500000.0000000000        10000000.000000000     
  -500000000.00000000        0.0000000000000000        0.0000000000000000        500000000.00000000        0.0000000000000000        0.0000000000000000     
   0.0000000000000000       -3750000.0000000000       -7500000.0000000000        0.0000000000000000        3750000.0000000000       -7500000.0000000000     
   0.0000000000000000        7500000.0000000000        10000000.000000000        0.0000000000000000       -7500000.0000000000        20000000.000000000     

F_LOCAL (6x1):
   0.0000000000000000     
   0.0000000000000000     
   0.0000000000000000     
   0.0000000000000000     
   0.0000000000000000     
  -0.0000000000000000     
