
--- ELEMENTO 1


 ---
K_LOCAL (6x6):
   500000000.00000000        0.0000000000000000        0.0000000000000000       -500000000.00000000        0.0000000000000000        0.0000000000000000     
   0.0000000000000000        3750000.0000000000        7500000.0000000000        0.0000000000000000       -3750000.0000000000        7500000.0000000000     
   0.0000000000000000        7500000.0000000000        20000000.000000000        0.0000000000000000       -7500000.0000000000        10000000.000000000     
  -500000000.00000000        0.0000000000000000        0.0000000000000000        500000000.00000000        0.0000000000000000        0.0000000000000000     
   0.0000000000000000       -3750000.0000000000       -7500000.0000000000        0.0000000000000000        3750000.0000000000       -7500000.0000000000     
   0.0000000000000000        7500000.0000000000        10000000.000000000        0.0000000000000000       -7500000.0000000000        20000000.000000000     

F_LOCAL (6x1):
   0.0000000000000000     
   0.0000000000000000     
   0.0000000000000000     
   0.0000000000000000     
   0.0000000000000000     
  -0.0000000000000000     

--- ELEMENTO 2


 ---
K_LOCAL (6x6):
   333333333.33333331        0.0000000000000000        0.0000000000000000       -333333333.33333331        0.0000000000000000        0.0000000000000000     
   0.0000000000000000        1111111.1111111110        3333333.3333333330        0.0000000000000000       -1111111.1111111110        3333333.3333333321     
   0.0000000000000000        3333333.3333333330        13333333.333333332        0.0000000000000000       -3333333.3333333330        6666666.6666666633     
  -333333333.33333331        0.0000000000000000        0.0000000000000000        333333333.33333331        0.0000000000000000        0.0000000000000000     
   0.0000000000000000       -1111111.1111111110       -3333333.3333333330        0.0000000000000000        1111111.1111111110       -3333333.3333333321     
   0.0000000000000000        3333333.3333333330        6666666.6666666670        0.0000000000000000       -3333333.3333333330        13333333.333333328     

F_LOCAL (6x1):
   0.0000000000000000     
  -6000.0000000000000     
  -6000.0000000000000     
   0.0000000000000000     
  -6000.0000000000000     
   6000.0000000000000     

--- ELEMENTO 3


 ---
K_LOCAL (6x6):
   500000000.00000000        0.0000000000000000        0.0000000000000000       -500000000.00000000        0.0000000000000000        0.0000000000000000     
   0.0000000000000000        3750000.0000000000        7500000.0000000000        0.0000000000000000       -3750000.0000000000        7500000.0000000000     
   0.0000000000000000        7500000.0000000000        20000000.000000000        0.0000000000000000       -7500000.0000000000        10000000.000000000     
  -500000000.00000000        0.0000000000000000        0.0000000000000000        500000000.00000000        0.0000000000000000        0.0000000000000000     
   0.0000000000000000       -3750000.0000000000       -7500000.0000000000        0.0000000000000000        3750000.0000000000       -7500000.0000000000     
   0.0000000000000000        7500000.0000000000        10000000.000000000        0.0000000000000000       -7500000.0000000000        20000000.000000000     

F_LOCAL (6x1):
   0.0000000000000000     
   0.0000000000000000     
   0.0000000000000000     
   0.0000000000000000     
   0.0000000000000000     
  -0.0000000000000000     
