! =====================================================================
! 1. CABEÇALHO DA MALHA
! [Nº de Nós]  [Nº de Elementos]  [Ordem VEM (k)]  [DOFs por Nó]
! =====================================================================
63  40  1  2

! =====================================================================
! 2. COORDENADAS E TIPOS DOS NÓS
! [X]  [Y]  [type_id: 1=Vértice]
! =====================================================================
0.00000000000000E+00  0.00000000000000E+00  1
2.00000000000000E-01  0.00000000000000E+00  1
4.00000000000000E-01  0.00000000000000E+00  1
6.00000000000000E-01  0.00000000000000E+00  1
8.00000000000000E-01  0.00000000000000E+00  1
1.00000000000000E+00  0.00000000000000E+00  1
1.20000000000000E+00  0.00000000000000E+00  1
1.40000000000000E+00  0.00000000000000E+00  1
1.60000000000000E+00  0.00000000000000E+00  1
1.80000000000000E+00  0.00000000000000E+00  1
2.00000000000000E+00  0.00000000000000E+00  1
2.20000000000000E+00  0.00000000000000E+00  1
2.40000000000000E+00  0.00000000000000E+00  1
2.60000000000000E+00  0.00000000000000E+00  1
2.80000000000000E+00  0.00000000000000E+00  1
3.00000000000000E+00  0.00000000000000E+00  1
3.20000000000000E+00  0.00000000000000E+00  1
3.40000000000000E+00  0.00000000000000E+00  1
3.60000000000000E+00  0.00000000000000E+00  1
3.80000000000000E+00  0.00000000000000E+00  1
4.00000000000000E+00  0.00000000000000E+00  1
0.00000000000000E+00  5.00000000000000E-01  1
2.00000000000000E-01  5.00000000000000E-01  1
4.00000000000000E-01  5.00000000000000E-01  1
6.00000000000000E-01  5.00000000000000E-01  1
8.00000000000000E-01  5.00000000000000E-01  1
1.00000000000000E+00  5.00000000000000E-01  1
1.20000000000000E+00  5.00000000000000E-01  1
1.40000000000000E+00  5.00000000000000E-01  1
1.60000000000000E+00  5.00000000000000E-01  1
1.80000000000000E+00  5.00000000000000E-01  1
2.00000000000000E+00  5.00000000000000E-01  1
2.20000000000000E+00  5.00000000000000E-01  1
2.40000000000000E+00  5.00000000000000E-01  1
2.60000000000000E+00  5.00000000000000E-01  1
2.80000000000000E+00  5.00000000000000E-01  1
3.00000000000000E+00  5.00000000000000E-01  1
3.20000000000000E+00  5.00000000000000E-01  1
3.40000000000000E+00  5.00000000000000E-01  1
3.60000000000000E+00  5.00000000000000E-01  1
3.80000000000000E+00  5.00000000000000E-01  1
4.00000000000000E+00  5.00000000000000E-01  1
0.00000000000000E+00  1.00000000000000E+00  1
2.00000000000000E-01  1.00000000000000E+00  1
4.00000000000000E-01  1.00000000000000E+00  1
6.00000000000000E-01  1.00000000000000E+00  1
8.00000000000000E-01  1.00000000000000E+00  1
1.00000000000000E+00  1.00000000000000E+00  1
1.20000000000000E+00  1.00000000000000E+00  1
1.40000000000000E+00  1.00000000000000E+00  1
1.60000000000000E+00  1.00000000000000E+00  1
1.80000000000000E+00  1.00000000000000E+00  1
2.00000000000000E+00  1.00000000000000E+00  1
2.20000000000000E+00  1.00000000000000E+00  1
2.40000000000000E+00  1.00000000000000E+00  1
2.60000000000000E+00  1.00000000000000E+00  1
2.80000000000000E+00  1.00000000000000E+00  1
3.00000000000000E+00  1.00000000000000E+00  1
3.20000000000000E+00  1.00000000000000E+00  1
3.40000000000000E+00  1.00000000000000E+00  1
3.60000000000000E+00  1.00000000000000E+00  1
3.80000000000000E+00  1.00000000000000E+00  1
4.00000000000000E+00  1.00000000000000E+00  1

! =====================================================================
! 3. CONECTIVIDADE DOS ELEMENTOS (Quadriláteros/VEM)
! =====================================================================
4
1  2  23  22
4
2  3  24  23
4
3  4  25  24
4
4  5  26  25
4
5  6  27  26
4
6  7  28  27
4
7  8  29  28
4
8  9  30  29
4
9  10  31  30
4
10  11  32  31
4
11  12  33  32
4
12  13  34  33
4
13  14  35  34
4
14  15  36  35
4
15  16  37  36
4
16  17  38  37
4
17  18  39  38
4
18  19  40  39
4
19  20  41  40
4
20  21  42  41
4
22  23  44  43
4
23  24  45  44
4
24  25  46  45
4
25  26  47  46
4
26  27  48  47
4
27  28  49  48
4
28  29  50  49
4
29  30  51  50
4
30  31  52  51
4
31  32  53  52
4
32  33  54  53
4
33  34  55  54
4
34  35  56  55
4
35  36  57  56
4
36  37  58  57
4
37  38  59  58
4
38  39  60  59
4
39  40  61  60
4
40  41  62  61
4
41  42  63  62

! =====================================================================
! 4. CONDIÇÕES DE CONTORNO DE DIRICHLET (Engaste em x = 0)
! =====================================================================
6
1   1  0.00000000000000E+00
1   2  0.00000000000000E+00
22   1  0.00000000000000E+00
22   2  0.00000000000000E+00
43   1  0.00000000000000E+00
43   2  0.00000000000000E+00

! =====================================================================
! 5. MOLAS ELÁSTICAS CONCENTRADAS
! =====================================================================
0