# Gnuplot Deformed Mesh Archive
# X_deformed              Y_deformed
    5.65038289190588E+03    1.21059898533213E+03
    5.65007042908799E+03    1.21063791306273E+03
    5.64975796625275E+03    1.21067679430591E+03
    5.64974242275569E+03    1.21055172807878E+03
    5.64972687866036E+03    1.21042666176350E+03
    5.65003930430631E+03    1.21038777754009E+03
    5.65035172993461E+03    1.21034884682927E+03
    5.65036731121842E+03    1.21047391612473E+03
    5.65038289190588E+03    1.21059898533213E+03


    5.64975796625275E+03    1.21067679430591E+03
    5.64944553429816E+03    1.21071560975245E+03
    5.64913310234577E+03    1.21075434010206E+03
    5.64911762692741E+03    1.21062927687244E+03
    5.64910215090184E+03    1.21050421355430E+03
    5.64941451478049E+03    1.21046548020653E+03
    5.64972687866036E+03    1.21042666176350E+03
    5.64974242275569E+03    1.21055172807878E+03
    5.64975796625275E+03    1.21067679430591E+03


    5.65041405188566E+03    1.21084902753252E+03
    5.65010155187739E+03    1.21088795326320E+03
    5.64978905185144E+03    1.21092683250622E+03
    5.64977350925205E+03    1.21080181341476E+03
    5.64975796625275E+03    1.21067679430591E+03
    5.65007042908799E+03    1.21063791306273E+03
    5.65038289190588E+03    1.21059898533213E+03
    5.65039847209577E+03    1.21072400644109E+03
    5.65041405188566E+03    1.21084902753252E+03


    5.64978905185144E+03    1.21092683250622E+03
    5.64947655181643E+03    1.21096564595404E+03
    5.64916405178251E+03    1.21100437430305E+03
    5.64914857726359E+03    1.21087935721101E+03
    5.64913310234577E+03    1.21075434010206E+03
    5.64944553429816E+03    1.21071560975245E+03
    5.64975796625275E+03    1.21067679430591E+03
    5.64977350925205E+03    1.21080181341476E+03
    5.64978905185144E+03    1.21092683250622E+03


    5.65044521186526E+03    1.21109898534379E+03
    5.65013267466662E+03    1.21113791307395E+03
    5.64982013744996E+03    1.21117679431670E+03
    5.64980459445079E+03    1.21105181342015E+03
    5.64978905185144E+03    1.21092683250622E+03
    5.65010155187739E+03    1.21088795326320E+03
    5.65041405188566E+03    1.21084902753252E+03
    5.65042963167550E+03    1.21097400644691E+03
    5.65044521186526E+03    1.21109898534379E+03


    5.64982013744996E+03    1.21117679431670E+03
    5.64950756933453E+03    1.21121560976279E+03
    5.64919500121907E+03    1.21125434011197E+03
    5.64917952630139E+03    1.21112935721596E+03
    5.64916405178251E+03    1.21100437430305E+03
    5.64947655181643E+03    1.21096564595404E+03
    5.64978905185144E+03    1.21092683250622E+03
    5.64980459445079E+03    1.21105181342015E+03
    5.64982013744996E+03    1.21117679431670E+03


    5.65047637383606E+03    1.21134884685484E+03
    5.65016379944784E+03    1.21138777756494E+03
    5.64985122504188E+03    1.21142666178762E+03
    5.64983568094681E+03    1.21130172809624E+03
    5.64982013744996E+03    1.21117679431670E+03
    5.65013267466662E+03    1.21113791307395E+03
    5.65044521186526E+03    1.21109898534379E+03
    5.65046079255252E+03    1.21122391614334E+03
    5.65047637383606E+03    1.21134884685484E+03


    5.64985122504188E+03    1.21142666178762E+03
    5.64953858885173E+03    1.21146548022993E+03
    5.64922595266254E+03    1.21150421357697E+03
    5.64921047663724E+03    1.21137927688873E+03
    5.64919500121907E+03    1.21125434011197E+03
    5.64950756933453E+03    1.21121560976279E+03
    5.64982013744996E+03    1.21117679431670E+03
    5.64983568094681E+03    1.21130172809624E+03
    5.64985122504188E+03    1.21142666178762E+03


    5.64913310234577E+03    1.21075434010206E+03
    5.64882073042690E+03    1.21079294782617E+03
    5.64850835853181E+03    1.21083139543469E+03
    5.64849301120799E+03    1.21070633527039E+03
    5.64847766325530E+03    1.21058127501705E+03
    5.64878990706741E+03    1.21054282434105E+03
    5.64910215090184E+03    1.21050421355430E+03
    5.64911762692741E+03    1.21062927687244E+03
    5.64913310234577E+03    1.21075434010206E+03


    5.64850835853181E+03    1.21083139543469E+03
    5.64819607288685E+03    1.21086962899680E+03
    5.64788378726236E+03    1.21090759466591E+03
    5.64786865425641E+03    1.21078253771241E+03
    5.64785352058274E+03    1.21065748066935E+03
    5.64816559190967E+03    1.21061951178517E+03
    5.64847766325530E+03    1.21058127501705E+03
    5.64849301120799E+03    1.21070633527039E+03
    5.64850835853181E+03    1.21083139543469E+03


    5.64916405178251E+03    1.21100437430305E+03
    5.64885155176313E+03    1.21104298003883E+03
    5.64853905176585E+03    1.21108142565400E+03
    5.64852370534667E+03    1.21095641055241E+03
    5.64850835853181E+03    1.21083139543469E+03
    5.64882073042690E+03    1.21079294782617E+03
    5.64913310234577E+03    1.21075434010206E+03
    5.64914857726359E+03    1.21087935721101E+03
    5.64916405178251E+03    1.21100437430305E+03


    5.64853905176585E+03    1.21108142565400E+03
    5.64822655179144E+03    1.21111965725245E+03
    5.64791405183547E+03    1.21115762094873E+03
    5.64789891974351E+03    1.21103260781488E+03
    5.64788378726236E+03    1.21090759466591E+03
    5.64819607288685E+03    1.21086962899680E+03
    5.64850835853181E+03    1.21083139543469E+03
    5.64852370534667E+03    1.21095641055241E+03
    5.64853905176585E+03    1.21108142565400E+03


    5.64919500121907E+03    1.21125434011197E+03
    5.64888237309918E+03    1.21129294783564E+03
    5.64856974499970E+03    1.21133139544372E+03
    5.64855439818498E+03    1.21120641055693E+03
    5.64853905176585E+03    1.21108142565400E+03
    5.64885155176313E+03    1.21104298003883E+03
    5.64916405178251E+03    1.21100437430305E+03
    5.64917952630139E+03    1.21112935721596E+03
    5.64919500121907E+03    1.21125434011197E+03


    5.64856974499970E+03    1.21133139544372E+03
    5.64825703069585E+03    1.21136962900539E+03
    5.64794431640839E+03    1.21140759467406E+03
    5.64792918392737E+03    1.21128260781896E+03
    5.64791405183547E+03    1.21115762094873E+03
    5.64822655179144E+03    1.21111965725245E+03
    5.64853905176585E+03    1.21108142565400E+03
    5.64855439818498E+03    1.21120641055693E+03
    5.64856974499970E+03    1.21133139544372E+03


    5.64922595266254E+03    1.21150421357697E+03
    5.64891319645819E+03    1.21154282436298E+03
    5.64860044027575E+03    1.21158127503824E+03
    5.64858509232332E+03    1.21145633528550E+03
    5.64856974499970E+03    1.21133139544372E+03
    5.64888237309918E+03    1.21129294783564E+03
    5.64919500121907E+03    1.21125434011197E+03
    5.64921047663724E+03    1.21137927688873E+03
    5.64922595266254E+03    1.21150421357697E+03


    5.64860044027575E+03    1.21158127503824E+03
    5.64828751167255E+03    1.21161951180561E+03
    5.64797458308752E+03    1.21165748068902E+03
    5.64795944941413E+03    1.21153253772632E+03
    5.64794431640839E+03    1.21140759467406E+03
    5.64825703069585E+03    1.21136962900539E+03
    5.64856974499970E+03    1.21133139544372E+03
    5.64858509232332E+03    1.21145633528550E+03
    5.64860044027575E+03    1.21158127503824E+03


    5.64788378726236E+03    1.21090759466591E+03
    5.64757161118053E+03    1.21094522391894E+03
    5.64725943511270E+03    1.21098244837434E+03
    5.64724462595017E+03    1.21085739487273E+03
    5.64722981606148E+03    1.21073234128123E+03
    5.64754166831601E+03    1.21069511336725E+03
    5.64785352058274E+03    1.21065748066935E+03
    5.64786865425641E+03    1.21078253771241E+03
    5.64788378726236E+03    1.21090759466591E+03


    5.64725943511270E+03    1.21098244837434E+03
    5.64694738901184E+03    1.21101918671143E+03
    5.64663534292310E+03    1.21105535781384E+03
    5.64662098755583E+03    1.21093030810712E+03
    5.64660663138458E+03    1.21080525831056E+03
    5.64691822371773E+03    1.21076908340416E+03
    5.64722981606148E+03    1.21073234128123E+03
    5.64724462595017E+03    1.21085739487273E+03
    5.64725943511270E+03    1.21098244837434E+03


    5.64791405183547E+03    1.21115762094873E+03
    5.64760155189259E+03    1.21119524828198E+03
    5.64728905196158E+03    1.21123247080385E+03
    5.64727424372637E+03    1.21110745959603E+03
    5.64725943511270E+03    1.21098244837434E+03
    5.64757161118053E+03    1.21094522391894E+03
    5.64788378726236E+03    1.21090759466591E+03
    5.64789891974351E+03    1.21103260781488E+03
    5.64791405183547E+03    1.21115762094873E+03


    5.64728905196158E+03    1.21123247080385E+03
    5.64697655204243E+03    1.21126920728853E+03
    5.64666405213351E+03    1.21130537652045E+03
    5.64664969770962E+03    1.21118036717337E+03
    5.64663534292310E+03    1.21105535781384E+03
    5.64694738901184E+03    1.21101918671143E+03
    5.64725943511270E+03    1.21098244837434E+03
    5.64727424372637E+03    1.21110745959603E+03
    5.64728905196158E+03    1.21123247080385E+03


    5.64794431640839E+03    1.21140759467406E+03
    5.64763149260447E+03    1.21144522392665E+03
    5.64731866881028E+03    1.21148244838160E+03
    5.64730386019675E+03    1.21135745959967E+03
    5.64728905196158E+03    1.21123247080385E+03
    5.64760155189259E+03    1.21119524828198E+03
    5.64791405183547E+03    1.21115762094873E+03
    5.64792918392737E+03    1.21128260781896E+03
    5.64794431640839E+03    1.21140759467406E+03


    5.64731866881028E+03    1.21148244838160E+03
    5.64700571507285E+03    1.21151918671825E+03
    5.64669276134375E+03    1.21155535782021E+03
    5.64667840655735E+03    1.21143036717655E+03
    5.64666405213351E+03    1.21130537652045E+03
    5.64697655204243E+03    1.21126920728853E+03
    5.64728905196158E+03    1.21123247080385E+03
    5.64730386019675E+03    1.21135745959967E+03
    5.64731866881028E+03    1.21148244838160E+03


    5.64797458308752E+03    1.21165748068902E+03
    5.64766143546848E+03    1.21169511338610E+03
    5.64734828786099E+03    1.21173234129928E+03
    5.64733347797260E+03    1.21160739488538E+03
    5.64731866881028E+03    1.21148244838160E+03
    5.64763149260447E+03    1.21144522392665E+03
    5.64794431640839E+03    1.21140759467406E+03
    5.64795944941413E+03    1.21153253772632E+03
    5.64797458308752E+03    1.21165748068902E+03


    5.64734828786099E+03    1.21173234129928E+03
    5.64703488036643E+03    1.21176908342134E+03
    5.64672147288172E+03    1.21180525832688E+03
    5.64670711671078E+03    1.21168030811846E+03
    5.64669276134375E+03    1.21155535782021E+03
    5.64700571507285E+03    1.21151918671825E+03
    5.64731866881028E+03    1.21148244838160E+03
    5.64733347797260E+03    1.21160739488538E+03
    5.64734828786099E+03    1.21173234129928E+03


    5.64663534292310E+03    1.21105535781384E+03
    5.64632344441485E+03    1.21109086931685E+03
    5.64601154590812E+03    1.21112562912076E+03
    5.64599779191012E+03    1.21100058364604E+03
    5.64598403701411E+03    1.21087553808219E+03
    5.64629533419904E+03    1.21084077403515E+03
    5.64660663138458E+03    1.21080525831056E+03
    5.64662098755583E+03    1.21093030810712E+03
    5.64663534292310E+03    1.21105535781384E+03


    5.64601154590812E+03    1.21112562912076E+03
    5.64569980987880E+03    1.21115953551845E+03
    5.64538807384834E+03    1.21119248711775E+03
    5.64537508370166E+03    1.21106744638221E+03
    5.64536209255341E+03    1.21094240555917E+03
    5.64567306478426E+03    1.21090944920840E+03
    5.64598403701411E+03    1.21087553808219E+03
    5.64599779191012E+03    1.21100058364604E+03
    5.64601154590812E+03    1.21112562912076E+03


    5.64666405213351E+03    1.21130537652045E+03
    5.64635155222955E+03    1.21134088626521E+03
    5.64603905232579E+03    1.21137564428955E+03
    5.64602529928752E+03    1.21125063671059E+03
    5.64601154590812E+03    1.21112562912076E+03
    5.64632344441485E+03    1.21109086931685E+03
    5.64663534292310E+03    1.21105535781384E+03
    5.64664969770962E+03    1.21118036717337E+03
    5.64666405213351E+03    1.21130537652045E+03


    5.64603905232579E+03    1.21137564428955E+03
    5.64572655241867E+03    1.21140954905196E+03
    5.64541405251010E+03    1.21144249899338E+03
    5.64540106333602E+03    1.21131749306015E+03
    5.64538807384834E+03    1.21119248711775E+03
    5.64569980987880E+03    1.21115953551845E+03
    5.64601154590812E+03    1.21112562912076E+03
    5.64602529928752E+03    1.21125063671059E+03
    5.64603905232579E+03    1.21137564428955E+03


    5.64669276134375E+03    1.21155535782021E+03
    5.64637966004407E+03    1.21159086932278E+03
    5.64606655874329E+03    1.21162562912625E+03
    5.64605280536402E+03    1.21150063671333E+03
    5.64603905232579E+03    1.21137564428955E+03
    5.64635155222955E+03    1.21134088626521E+03
    5.64666405213351E+03    1.21130537652045E+03
    5.64667840655735E+03    1.21143036717655E+03
    5.64669276134375E+03    1.21155535782021E+03


    5.64606655874329E+03    1.21162562912625E+03
    5.64575329495836E+03    1.21165953552349E+03
    5.64544003117169E+03    1.21169248712234E+03
    5.64542704168414E+03    1.21156749306245E+03
    5.64541405251010E+03    1.21144249899338E+03
    5.64572655241867E+03    1.21140954905196E+03
    5.64603905232579E+03    1.21137564428955E+03
    5.64605280536402E+03    1.21150063671333E+03
    5.64606655874329E+03    1.21162562912625E+03


    5.64672147288172E+03    1.21180525832688E+03
    5.64640777025933E+03    1.21184077405054E+03
    5.64609406763673E+03    1.21187553809664E+03
    5.64608031274105E+03    1.21175058365600E+03
    5.64606655874329E+03    1.21162562912625E+03
    5.64637966004407E+03    1.21159086932278E+03
    5.64669276134375E+03    1.21155535782021E+03
    5.64670711671078E+03    1.21168030811846E+03
    5.64672147288172E+03    1.21180525832688E+03


    5.64609406763673E+03    1.21187553809664E+03
    5.64578004005233E+03    1.21190944922187E+03
    5.64546601246603E+03    1.21194240557165E+03
    5.64545302131813E+03    1.21181744639074E+03
    5.64544003117169E+03    1.21169248712234E+03
    5.64575329495836E+03    1.21165953552349E+03
    5.64606655874329E+03    1.21162562912625E+03
    5.64608031274105E+03    1.21175058365600E+03
    5.64609406763673E+03    1.21187553809664E+03


    5.64538807384834E+03    1.21119248711775E+03
    5.64507651261019E+03    1.21122437450126E+03
    5.64476495137674E+03    1.21125508859580E+03
    5.64475289987640E+03    1.21113005313442E+03
    5.64474084727188E+03    1.21100501758839E+03
    5.64505146990948E+03    1.21097429820757E+03
    5.64536209255341E+03    1.21094240555917E+03
    5.64537508370166E+03    1.21106744638221E+03
    5.64538807384834E+03    1.21119248711775E+03


    5.64476495137674E+03    1.21125508859580E+03
    5.64445357482675E+03    1.21128451380383E+03
    5.64414219827969E+03    1.21131253486955E+03
    5.64413127011067E+03    1.21118750518276E+03
    5.64412034075046E+03    1.21106247541570E+03
    5.64443059400794E+03    1.21103444856530E+03
    5.64474084727188E+03    1.21100501758839E+03
    5.64475289987640E+03    1.21113005313442E+03
    5.64476495137674E+03    1.21125508859580E+03


    5.64541405251010E+03    1.21144249899338E+03
    5.64510155260402E+03    1.21147438489379E+03
    5.64478905270377E+03    1.21150509748434E+03
    5.64477700218029E+03    1.21138009304378E+03
    5.64476495137674E+03    1.21125508859580E+03
    5.64507651261019E+03    1.21122437450126E+03
    5.64538807384834E+03    1.21119248711775E+03
    5.64540106333602E+03    1.21131749306015E+03
    5.64541405251010E+03    1.21144249899338E+03


    5.64478905270377E+03    1.21150509748434E+03
    5.64447655281235E+03    1.21153452138904E+03
    5.64416405292689E+03    1.21156254113629E+03
    5.64415312572378E+03    1.21143753800575E+03
    5.64414219827969E+03    1.21131253486955E+03
    5.64445357482675E+03    1.21128451380383E+03
    5.64476495137674E+03    1.21125508859580E+03
    5.64477700218029E+03    1.21138009304378E+03
    5.64478905270377E+03    1.21150509748434E+03


    5.64544003117169E+03    1.21169248712234E+03
    5.64512659259767E+03    1.21172437450542E+03
    5.64481315403063E+03    1.21175508859954E+03
    5.64480110322721E+03    1.21163009304565E+03
    5.64478905270377E+03    1.21150509748434E+03
    5.64510155260402E+03    1.21147438489379E+03
    5.64541405251010E+03    1.21144249899338E+03
    5.64542704168414E+03    1.21156749306245E+03
    5.64544003117169E+03    1.21169248712234E+03


    5.64481315403063E+03    1.21175508859954E+03
    5.64449953079778E+03    1.21178451380715E+03
    5.64418590757393E+03    1.21181253487246E+03
    5.64417498012996E+03    1.21168753800720E+03
    5.64416405292689E+03    1.21156254113629E+03
    5.64447655281235E+03    1.21153452138904E+03
    5.64478905270377E+03    1.21150509748434E+03
    5.64480110322721E+03    1.21163009304565E+03
    5.64481315403063E+03    1.21175508859954E+03


    5.64546601246603E+03    1.21194240557165E+03
    5.64515163529779E+03    1.21197429821901E+03
    5.64483725813491E+03    1.21200501759880E+03
    5.64482520553074E+03    1.21188005314149E+03
    5.64481315403063E+03    1.21175508859954E+03
    5.64512659259767E+03    1.21172437450542E+03
    5.64544003117169E+03    1.21169248712234E+03
    5.64545302131813E+03    1.21181744639074E+03
    5.64546601246603E+03    1.21194240557165E+03


    5.64483725813491E+03    1.21200501759880E+03
    5.64452251161601E+03    1.21203444857465E+03
    5.64420776510257E+03    1.21206247542399E+03
    5.64419683574272E+03    1.21193750518836E+03
    5.64418590757393E+03    1.21181253487246E+03
    5.64449953079778E+03    1.21178451380715E+03
    5.64481315403063E+03    1.21175508859954E+03
    5.64482520553074E+03    1.21188005314149E+03
    5.64483725813491E+03    1.21200501759880E+03


    5.64414219827969E+03    1.21131253486955E+03
    5.64383101407113E+03    1.21133903142503E+03
    5.64351982985039E+03    1.21136388339802E+03
    5.64351021736666E+03    1.21123885986781E+03
    5.64350060363940E+03    1.21111383626360E+03
    5.64381047219805E+03    1.21108897812837E+03
    5.64412034075046E+03    1.21106247541570E+03
    5.64413127011067E+03    1.21118750518276E+03
    5.64414219827969E+03    1.21131253486955E+03


    5.64351982985039E+03    1.21136388339802E+03
    5.64320884364609E+03    1.21138696690575E+03
    5.64289785740698E+03    1.21140815825869E+03
    5.64288975866745E+03    1.21128314104191E+03
    5.64288165869045E+03    1.21115812375961E+03
    5.64319113117790E+03    1.21113692609503E+03
    5.64350060363940E+03    1.21111383626360E+03
    5.64351021736666E+03    1.21123885986781E+03
    5.64351982985039E+03    1.21136388339802E+03


    5.64416405292689E+03    1.21156254113629E+03
    5.64385155304274E+03    1.21158903659191E+03
    5.64353905315183E+03    1.21161388746083E+03
    5.64352944159975E+03    1.21148888543139E+03
    5.64351982985039E+03    1.21136388339802E+03
    5.64383101407113E+03    1.21133903142503E+03
    5.64414219827969E+03    1.21131253486955E+03
    5.64415312572378E+03    1.21143753800575E+03
    5.64416405292689E+03    1.21156254113629E+03


    5.64353905315183E+03    1.21161388746083E+03
    5.64322655324293E+03    1.21163697008926E+03
    5.64291405330754E+03    1.21165816057598E+03
    5.64290595543248E+03    1.21153315941849E+03
    5.64289785740698E+03    1.21140815825869E+03
    5.64320884364609E+03    1.21138696690575E+03
    5.64351982985039E+03    1.21136388339802E+03
    5.64352944159975E+03    1.21148888543139E+03
    5.64353905315183E+03    1.21161388746083E+03


    5.64418590757393E+03    1.21181253487246E+03
    5.64387209201419E+03    1.21183903142754E+03
    5.64355827645312E+03    1.21186388340015E+03
    5.64354866470388E+03    1.21173888543246E+03
    5.64353905315183E+03    1.21161388746083E+03
    5.64385155304274E+03    1.21158903659191E+03
    5.64416405292689E+03    1.21156254113629E+03
    5.64417498012996E+03    1.21168753800720E+03
    5.64418590757393E+03    1.21181253487246E+03


    5.64355827645312E+03    1.21186388340015E+03
    5.64324426283963E+03    1.21188696690752E+03
    5.64293024920797E+03    1.21190815826012E+03
    5.64292215118255E+03    1.21178315941920E+03
    5.64291405330754E+03    1.21165816057598E+03
    5.64322655324293E+03    1.21163697008926E+03
    5.64353905315183E+03    1.21161388746083E+03
    5.64354866470388E+03    1.21173888543246E+03
    5.64355827645312E+03    1.21186388340015E+03


    5.64420776510257E+03    1.21206247542399E+03
    5.64389263388670E+03    1.21208897813561E+03
    5.64357750266355E+03    1.21211383626981E+03
    5.64356788893663E+03    1.21198885987198E+03
    5.64355827645312E+03    1.21186388340015E+03
    5.64387209201419E+03    1.21183903142754E+03
    5.64418590757393E+03    1.21181253487246E+03
    5.64419683574272E+03    1.21193750518836E+03
    5.64420776510257E+03    1.21206247542399E+03


    5.64357750266355E+03    1.21211383626981E+03
    5.64326197530728E+03    1.21213692610024E+03
    5.64294644792399E+03    1.21215812376385E+03
    5.64293834794730E+03    1.21203314104474E+03
    5.64293024920797E+03    1.21190815826012E+03
    5.64324426283963E+03    1.21188696690752E+03
    5.64355827645312E+03    1.21186388340015E+03
    5.64356788893663E+03    1.21198885987198E+03
    5.64357750266355E+03    1.21211383626981E+03


    5.64289785740698E+03    1.21140815825869E+03
    5.64258707319036E+03    1.21142733113809E+03
    5.64227628891625E+03    1.21144435924627E+03
    5.64226990601406E+03    1.21131934814405E+03
    5.64226352196745E+03    1.21119433698737E+03
    5.64257259035156E+03    1.21117730277746E+03
    5.64288165869045E+03    1.21115812375961E+03
    5.64288975866745E+03    1.21128314104191E+03
    5.64289785740698E+03    1.21140815825869E+03


    5.64227628891625E+03    1.21144435924627E+03
    5.64196570934786E+03    1.21145911469997E+03
    5.64165512971453E+03    1.21147146938121E+03
    5.64165066744931E+03    1.21134646368390E+03
    5.64164620425316E+03    1.21122145794614E+03
    5.64195486313468E+03    1.21120909788809E+03
    5.64226352196745E+03    1.21119433698737E+03
    5.64226990601406E+03    1.21131934814405E+03
    5.64227628891625E+03    1.21144435924627E+03


    5.64291405330754E+03    1.21165816057598E+03
    5.64260155333498E+03    1.21167733280418E+03
    5.64228905331665E+03    1.21169436029911E+03
    5.64228267116777E+03    1.21156935977311E+03
    5.64227628891625E+03    1.21144435924627E+03
    5.64258707319036E+03    1.21142733113809E+03
    5.64289785740698E+03    1.21140815825869E+03
    5.64290595543248E+03    1.21153315941849E+03
    5.64291405330754E+03    1.21165816057598E+03


    5.64228905331665E+03    1.21169436029911E+03
    5.64197655324824E+03    1.21170911532452E+03
    5.64166405313052E+03    1.21172146964906E+03
    5.64165959145082E+03    1.21159646951491E+03
    5.64165512971453E+03    1.21147146938121E+03
    5.64196570934786E+03    1.21145911469997E+03
    5.64227628891625E+03    1.21144435924627E+03
    5.64228267116777E+03    1.21156935977311E+03
    5.64228905331665E+03    1.21169436029911E+03


    5.64293024920797E+03    1.21190815826012E+03
    5.64261603347948E+03    1.21192733113921E+03
    5.64230181771694E+03    1.21194435924711E+03
    5.64229543546550E+03    1.21181935977353E+03
    5.64228905331665E+03    1.21169436029911E+03
    5.64260155333498E+03    1.21167733280418E+03
    5.64291405330754E+03    1.21165816057598E+03
    5.64292215118255E+03    1.21178315941920E+03
    5.64293024920797E+03    1.21190815826012E+03


    5.64230181771694E+03    1.21194435924711E+03
    5.64198739714852E+03    1.21195911470057E+03
    5.64167297654643E+03    1.21197146938159E+03
    5.64166851481021E+03    1.21184646951511E+03
    5.64166405313052E+03    1.21172146964906E+03
    5.64197655324824E+03    1.21170911532452E+03
    5.64228905331665E+03    1.21169436029911E+03
    5.64229543546550E+03    1.21181935977353E+03
    5.64230181771694E+03    1.21194435924711E+03


    5.64294644792399E+03    1.21215812376385E+03
    5.64263051631781E+03    1.21217730278082E+03
    5.64231458466532E+03    1.21219433698989E+03
    5.64230820061897E+03    1.21206934814573E+03
    5.64230181771694E+03    1.21194435924711E+03
    5.64261603347948E+03    1.21192733113921E+03
    5.64293024920797E+03    1.21190815826012E+03
    5.64293834794730E+03    1.21203314104474E+03
    5.64294644792399E+03    1.21215812376385E+03


    5.64231458466532E+03    1.21219433698989E+03
    5.64199824336134E+03    1.21220909788990E+03
    5.64168190200750E+03    1.21222145794730E+03
    5.64167743881154E+03    1.21209646368467E+03
    5.64167297654643E+03    1.21197146938159E+03
    5.64198739714852E+03    1.21195911470057E+03
    5.64230181771694E+03    1.21194435924711E+03
    5.64230820061897E+03    1.21206934814573E+03
    5.64231458466532E+03    1.21219433698989E+03


    5.64165512971453E+03    1.21147146938121E+03
    5.64134475654814E+03    1.21148129447799E+03
    5.64103438332364E+03    1.21148846059017E+03
    5.64103204826157E+03    1.21136345889795E+03
    5.64102971264131E+03    1.21123845718252E+03
    5.64133795846604E+03    1.21123128711340E+03
    5.64164620425316E+03    1.21122145794614E+03
    5.64165066744931E+03    1.21134646368390E+03
    5.64165512971453E+03    1.21147146938121E+03


    5.64103438332364E+03    1.21148846059017E+03
    5.64072421783039E+03    1.21149283834182E+03
    5.64041405228921E+03    1.21149429730384E+03
    5.64041405228921E+03    1.21136929730384E+03
    5.64041405228921E+03    1.21124429730384E+03
    5.64072188247361E+03    1.21124283672547E+03
    5.64102971264131E+03    1.21123845718252E+03
    5.64103204826157E+03    1.21136345889795E+03
    5.64103438332364E+03    1.21148846059017E+03


    5.64166405313052E+03    1.21172146964906E+03
    5.64135155296836E+03    1.21173129451886E+03
    5.64103905276803E+03    1.21173846051919E+03
    5.64103671805351E+03    1.21161346055392E+03
    5.64103438332364E+03    1.21148846059017E+03
    5.64134475654814E+03    1.21148129447799E+03
    5.64165512971453E+03    1.21147146938121E+03
    5.64165959145082E+03    1.21159646951491E+03
    5.64166405313052E+03    1.21172146964906E+03


    5.64103905276803E+03    1.21173846051919E+03
    5.64072655253725E+03    1.21174283821798E+03
    5.64041405228921E+03    1.21174429730384E+03
    5.64041405228921E+03    1.21161929730384E+03
    5.64041405228921E+03    1.21149429730384E+03
    5.64072421783039E+03    1.21149283834182E+03
    5.64103438332364E+03    1.21148846059017E+03
    5.64103671805351E+03    1.21161346055392E+03
    5.64103905276803E+03    1.21173846051919E+03


    5.64167297654643E+03    1.21197146938159E+03
    5.64135834938852E+03    1.21198129447821E+03
    5.64104372221239E+03    1.21198846059027E+03
    5.64104138748255E+03    1.21186346055397E+03
    5.64103905276803E+03    1.21173846051919E+03
    5.64135155296836E+03    1.21173129451886E+03
    5.64166405313052E+03    1.21172146964906E+03
    5.64166851481021E+03    1.21184646951511E+03
    5.64167297654643E+03    1.21197146938159E+03


    5.64104372221239E+03    1.21198846059027E+03
    5.64072888724410E+03    1.21199283834185E+03
    5.64041405228921E+03    1.21199429730384E+03
    5.64041405228921E+03    1.21186929730384E+03
    5.64041405228921E+03    1.21174429730384E+03
    5.64072655253725E+03    1.21174283821798E+03
    5.64103905276803E+03    1.21173846051919E+03
    5.64104138748255E+03    1.21186346055397E+03
    5.64104372221239E+03    1.21198846059027E+03


    5.64168190200750E+03    1.21222145794730E+03
    5.64136514747039E+03    1.21223128711410E+03
    5.64104839289456E+03    1.21223845718282E+03
    5.64104605727440E+03    1.21211345889815E+03
    5.64104372221239E+03    1.21198846059027E+03
    5.64135834938852E+03    1.21198129447821E+03
    5.64167297654643E+03    1.21197146938159E+03
    5.64167743881154E+03    1.21209646368467E+03
    5.64168190200750E+03    1.21222145794730E+03


    5.64104839289456E+03    1.21223845718282E+03
    5.64073122260080E+03    1.21224283672558E+03
    5.64041405228921E+03    1.21224429730384E+03
    5.64041405228921E+03    1.21211929730384E+03
    5.64041405228921E+03    1.21199429730384E+03
    5.64072888724410E+03    1.21199283834185E+03
    5.64104372221239E+03    1.21198846059027E+03
    5.64104605727440E+03    1.21211345889815E+03
    5.64104839289456E+03    1.21223845718282E+03


