# Gnuplot Deformed Mesh Archive
# X_deformed              Y_deformed
    5.65039349619531E+03    1.21090367180461E+03
    5.65008102072386E+03    1.21092935191505E+03
    5.64976854524096E+03    1.21095500135837E+03
    5.64975829140096E+03    1.21082995766920E+03
    5.64974803716628E+03    1.21070491392188E+03
    5.65006048811589E+03    1.21067926251255E+03
    5.65037293905387E+03    1.21065358043609E+03
    5.65038321782129E+03    1.21077862614939E+03
    5.65039349619531E+03    1.21090367180461E+03


    5.64976854524096E+03    1.21095500135837E+03
    5.64945609012962E+03    1.21098060739650E+03
    5.64914363501973E+03    1.21100615729731E+03
    5.64913342609034E+03    1.21088111558557E+03
    5.64912321676039E+03    1.21075607381542E+03
    5.64943562696294E+03    1.21073052193677E+03
    5.64974803716628E+03    1.21070491392188E+03
    5.64975829140096E+03    1.21082995766920E+03
    5.64976854524096E+03    1.21095500135837E+03


    5.65041405202299E+03    1.21115369964364E+03
    5.65010155201754E+03    1.21117937843477E+03
    5.64978905200042E+03    1.21120502655860E+03
    5.64977879875259E+03    1.21108001396422E+03
    5.64976854524096E+03    1.21095500135837E+03
    5.65008102072386E+03    1.21092935191505E+03
    5.65039349619531E+03    1.21090367180461E+03
    5.65040377424109E+03    1.21102868572990E+03
    5.65041405202299E+03    1.21115369964364E+03


    5.64978905200042E+03    1.21120502655860E+03
    5.64947655197732E+03    1.21123063127821E+03
    5.64916405195495E+03    1.21125617985925E+03
    5.64915384361891E+03    1.21113116858386E+03
    5.64914363501973E+03    1.21100615729731E+03
    5.64945609012962E+03    1.21098060739650E+03
    5.64976854524096E+03    1.21095500135837E+03
    5.64977879875259E+03    1.21108001396422E+03
    5.64978905200042E+03    1.21120502655860E+03


    5.65043460785056E+03    1.21140367181230E+03
    5.65012208331110E+03    1.21142935192245E+03
    5.64980955875976E+03    1.21145500136548E+03
    5.64979930524821E+03    1.21133001396778E+03
    5.64978905200042E+03    1.21120502655860E+03
    5.65010155201754E+03    1.21117937843477E+03
    5.65041405202299E+03    1.21115369964364E+03
    5.65042432980487E+03    1.21127868573375E+03
    5.65043460785056E+03    1.21140367181230E+03


    5.64980955875976E+03    1.21145500136548E+03
    5.64949701382492E+03    1.21148060740332E+03
    5.64918446889005E+03    1.21150615730385E+03
    5.64917426029095E+03    1.21138116858713E+03
    5.64916405195495E+03    1.21125617985925E+03
    5.64947655197732E+03    1.21123063127821E+03
    5.64978905200042E+03    1.21120502655860E+03
    5.64979930524821E+03    1.21133001396778E+03
    5.64980955875976E+03    1.21145500136548E+03


    5.65045516499169E+03    1.21165358045296E+03
    5.65014261591876E+03    1.21167926252895E+03
    5.64983006683414E+03    1.21170491393780E+03
    5.64981981259963E+03    1.21157995768072E+03
    5.64980955875976E+03    1.21145500136548E+03
    5.65012208331110E+03    1.21142935192245E+03
    5.65043460785056E+03    1.21140367181230E+03
    5.65044488622445E+03    1.21152862616167E+03
    5.65045516499169E+03    1.21165358045296E+03


    5.64983006683414E+03    1.21170491393780E+03
    5.64951747699129E+03    1.21173052195220E+03
    5.64920488714908E+03    1.21175607383038E+03
    5.64919467781930E+03    1.21163111559631E+03
    5.64918446889005E+03    1.21150615730385E+03
    5.64949701382492E+03    1.21148060740332E+03
    5.64980955875976E+03    1.21145500136548E+03
    5.64981981259963E+03    1.21157995768072E+03
    5.64983006683414E+03    1.21170491393780E+03


    5.64914363501973E+03    1.21100615729731E+03
    5.64883121951316E+03    1.21103162630370E+03
    5.64851880402228E+03    1.21105698968394E+03
    5.64850867959518E+03    1.21093194999435E+03
    5.64849855475321E+03    1.21080691024601E+03
    5.64881088574945E+03    1.21078154484219E+03
    5.64912321676039E+03    1.21075607381542E+03
    5.64913342609034E+03    1.21088111558557E+03
    5.64914363501973E+03    1.21100615729731E+03


    5.64851880402228E+03    1.21105698968394E+03
    5.64820644542948E+03    1.21108221186059E+03
    5.64789408685017E+03    1.21110725731177E+03
    5.64788410380574E+03    1.21098221974030E+03
    5.64787412032082E+03    1.21085718210975E+03
    5.64818633753085E+03    1.21083213453763E+03
    5.64849855475321E+03    1.21080691024601E+03
    5.64850867959518E+03    1.21093194999435E+03
    5.64851880402228E+03    1.21105698968394E+03


    5.64916405195495E+03    1.21125617985925E+03
    5.64885155194216E+03    1.21128164755397E+03
    5.64853905194395E+03    1.21130700961923E+03
    5.64852892811363E+03    1.21118199965691E+03
    5.64851880402228E+03    1.21105698968394E+03
    5.64883121951316E+03    1.21103162630370E+03
    5.64914363501973E+03    1.21100615729731E+03
    5.64915384361891E+03    1.21113116858386E+03
    5.64916405195495E+03    1.21125617985925E+03


    5.64853905194395E+03    1.21130700961923E+03
    5.64822655196084E+03    1.21133223050048E+03
    5.64791405198988E+03    1.21135727465020E+03
    5.64790406954840E+03    1.21123226598597E+03
    5.64789408685017E+03    1.21110725731177E+03
    5.64820644542948E+03    1.21108221186059E+03
    5.64851880402228E+03    1.21105698968394E+03
    5.64852892811363E+03    1.21118199965691E+03
    5.64853905194395E+03    1.21130700961923E+03


    5.64918446889005E+03    1.21150615730385E+03
    5.64887188437104E+03    1.21153162630995E+03
    5.64855929986551E+03    1.21155698968990E+03
    5.64854917577425E+03    1.21143199965989E+03
    5.64853905194395E+03    1.21130700961923E+03
    5.64885155194216E+03    1.21128164755397E+03
    5.64916405195495E+03    1.21125617985925E+03
    5.64917426029095E+03    1.21138116858713E+03
    5.64918446889005E+03    1.21150615730385E+03


    5.64855929986551E+03    1.21155698968990E+03
    5.64824665849208E+03    1.21158221186627E+03
    5.64793401712947E+03    1.21160725731715E+03
    5.64792403443133E+03    1.21148226598866E+03
    5.64791405198988E+03    1.21135727465020E+03
    5.64822655196084E+03    1.21133223050048E+03
    5.64853905194395E+03    1.21130700961923E+03
    5.64854917577425E+03    1.21143199965989E+03
    5.64855929986551E+03    1.21155698968990E+03


    5.64920488714908E+03    1.21175607383038E+03
    5.64889221813445E+03    1.21178154485666E+03
    5.64857954913427E+03    1.21180691026000E+03
    5.64856942429248E+03    1.21168195000432E+03
    5.64855929986551E+03    1.21155698968990E+03
    5.64887188437104E+03    1.21153162630995E+03
    5.64918446889005E+03    1.21150615730385E+03
    5.64919467781930E+03    1.21163111559631E+03
    5.64920488714908E+03    1.21175607383038E+03


    5.64857954913427E+03    1.21180691026000E+03
    5.64826676639039E+03    1.21183213455111E+03
    5.64795398365850E+03    1.21185718212272E+03
    5.64794400017376E+03    1.21173221974947E+03
    5.64793401712947E+03    1.21160725731715E+03
    5.64824665849208E+03    1.21158221186627E+03
    5.64855929986551E+03    1.21155698968990E+03
    5.64856942429248E+03    1.21168195000432E+03
    5.64857954913427E+03    1.21180691026000E+03


    5.64789408685017E+03    1.21110725731177E+03
    5.64758180053471E+03    1.21113208083369E+03
    5.64726951422850E+03    1.21115663731596E+03
    5.64725974481929E+03    1.21103160202165E+03
    5.64724997493106E+03    1.21090656666805E+03
    5.64756204762192E+03    1.21088200790420E+03
    5.64787412032082E+03    1.21085718210975E+03
    5.64788410380574E+03    1.21098221974030E+03
    5.64789408685017E+03    1.21110725731177E+03


    5.64726951422850E+03    1.21115663731596E+03
    5.64695731365977E+03    1.21118087311238E+03
    5.64664511309904E+03    1.21120473471157E+03
    5.64663564305259E+03    1.21107970192070E+03
    5.64662617247577E+03    1.21095466907057E+03
    5.64693807369992E+03    1.21093080496194E+03
    5.64724997493106E+03    1.21090656666805E+03
    5.64725974481929E+03    1.21103160202165E+03
    5.64726951422850E+03    1.21115663731596E+03


    5.64791405198988E+03    1.21135727465020E+03
    5.64760155202756E+03    1.21138209690567E+03
    5.64728905207308E+03    1.21140665211241E+03
    5.64727928327562E+03    1.21128164471876E+03
    5.64726951422850E+03    1.21115663731596E+03
    5.64758180053471E+03    1.21113208083369E+03
    5.64789408685017E+03    1.21110725731177E+03
    5.64790406954840E+03    1.21123226598597E+03
    5.64791405198988E+03    1.21135727465020E+03


    5.64728905207308E+03    1.21140665211241E+03
    5.64697655212641E+03    1.21143088668682E+03
    5.64666405218650E+03    1.21145474705208E+03
    5.64665458276238E+03    1.21132974088593E+03
    5.64664511309904E+03    1.21120473471157E+03
    5.64695731365977E+03    1.21118087311238E+03
    5.64726951422850E+03    1.21115663731596E+03
    5.64727928327562E+03    1.21128164471876E+03
    5.64728905207308E+03    1.21140665211241E+03


    5.64793401712947E+03    1.21160725731715E+03
    5.64762130352029E+03    1.21163208083878E+03
    5.64730858991754E+03    1.21165663732075E+03
    5.64729882087051E+03    1.21153164472116E+03
    5.64728905207308E+03    1.21140665211241E+03
    5.64760155202756E+03    1.21138209690567E+03
    5.64791405198988E+03    1.21135727465020E+03
    5.64792403443133E+03    1.21148226598866E+03
    5.64793401712947E+03    1.21160725731715E+03


    5.64730858991754E+03    1.21165663732075E+03
    5.64699579059294E+03    1.21168087311688E+03
    5.64668299127384E+03    1.21170473471578E+03
    5.64667352161058E+03    1.21157974088803E+03
    5.64666405218650E+03    1.21145474705208E+03
    5.64697655212641E+03    1.21143088668682E+03
    5.64728905207308E+03    1.21140665211241E+03
    5.64729882087051E+03    1.21153164472116E+03
    5.64730858991754E+03    1.21165663732075E+03


    5.64795398365850E+03    1.21185718212272E+03
    5.64764105643276E+03    1.21188200791664E+03
    5.64732812921464E+03    1.21190656667995E+03
    5.64731835932660E+03    1.21178160203000E+03
    5.64730858991754E+03    1.21165663732075E+03
    5.64762130352029E+03    1.21163208083878E+03
    5.64793401712947E+03    1.21160725731715E+03
    5.64794400017376E+03    1.21173221974947E+03
    5.64795398365850E+03    1.21185718212272E+03


    5.64732812921464E+03    1.21190656667995E+03
    5.64701503055245E+03    1.21193080497328E+03
    5.64670193189676E+03    1.21195466908133E+03
    5.64669246132013E+03    1.21182970192818E+03
    5.64668299127384E+03    1.21170473471578E+03
    5.64699579059294E+03    1.21168087311688E+03
    5.64730858991754E+03    1.21165663732075E+03
    5.64731835932660E+03    1.21178160203000E+03
    5.64732812921464E+03    1.21190656667995E+03


    5.64664511309904E+03    1.21120473471157E+03
    5.64633300989522E+03    1.21122816118174E+03
    5.64602090669239E+03    1.21125109176592E+03
    5.64601183336132E+03    1.21112606176685E+03
    5.64600275943784E+03    1.21100103170898E+03
    5.64631446595660E+03    1.21097809832566E+03
    5.64662617247577E+03    1.21095466907057E+03
    5.64663564305259E+03    1.21107970192070E+03
    5.64664511309904E+03    1.21120473471157E+03


    5.64602090669239E+03    1.21125109176592E+03
    5.64570891067378E+03    1.21127345936928E+03
    5.64539691465441E+03    1.21129519710473E+03
    5.64538834522597E+03    1.21117017023203E+03
    5.64537977513681E+03    1.21104514330161E+03
    5.64569126728765E+03    1.21102340243168E+03
    5.64600275943784E+03    1.21100103170898E+03
    5.64601183336132E+03    1.21112606176685E+03
    5.64602090669239E+03    1.21125109176592E+03


    5.64666405218650E+03    1.21145474705208E+03
    5.64635155224985E+03    1.21147817236235E+03
    5.64603905231334E+03    1.21150110177257E+03
    5.64602997961539E+03    1.21137609677283E+03
    5.64602090669239E+03    1.21125109176592E+03
    5.64633300989522E+03    1.21122816118174E+03
    5.64664511309904E+03    1.21120473471157E+03
    5.64665458276238E+03    1.21132974088593E+03
    5.64666405218650E+03    1.21145474705208E+03


    5.64603905231334E+03    1.21150110177257E+03
    5.64572655237461E+03    1.21152346829716E+03
    5.64541405243493E+03    1.21154520493893E+03
    5.64540548364811E+03    1.21142020102485E+03
    5.64539691465441E+03    1.21129519710473E+03
    5.64570891067378E+03    1.21127345936928E+03
    5.64602090669239E+03    1.21125109176592E+03
    5.64602997961539E+03    1.21137609677283E+03
    5.64603905231334E+03    1.21150110177257E+03


    5.64668299127384E+03    1.21170473471578E+03
    5.64637009460437E+03    1.21172816118565E+03
    5.64605719793418E+03    1.21175109176954E+03
    5.64604812501127E+03    1.21162609677464E+03
    5.64603905231334E+03    1.21150110177257E+03
    5.64635155224985E+03    1.21147817236235E+03
    5.64666405218650E+03    1.21145474705208E+03
    5.64667352161058E+03    1.21157974088803E+03
    5.64668299127384E+03    1.21170473471578E+03


    5.64605719793418E+03    1.21175109176954E+03
    5.64574419407533E+03    1.21177345937260E+03
    5.64543119021534E+03    1.21179519710776E+03
    5.64542262122172E+03    1.21167020102637E+03
    5.64541405243493E+03    1.21154520493893E+03
    5.64572655237461E+03    1.21152346829716E+03
    5.64603905231334E+03    1.21150110177257E+03
    5.64604812501127E+03    1.21162609677464E+03
    5.64605719793418E+03    1.21175109176954E+03


    5.64670193189676E+03    1.21195466908133E+03
    5.64638863854263E+03    1.21197809833581E+03
    5.64607534518836E+03    1.21200103171851E+03
    5.64606627126510E+03    1.21187606177342E+03
    5.64605719793418E+03    1.21175109176954E+03
    5.64637009460437E+03    1.21172816118565E+03
    5.64668299127384E+03    1.21170473471578E+03
    5.64669246132013E+03    1.21182970192818E+03
    5.64670193189676E+03    1.21195466908133E+03


    5.64607534518836E+03    1.21200103171851E+03
    5.64576183746108E+03    1.21202340244056E+03
    5.64544832973255E+03    1.21204514330984E+03
    5.64543975964362E+03    1.21192017023766E+03
    5.64543119021534E+03    1.21179519710776E+03
    5.64574419407533E+03    1.21177345937260E+03
    5.64605719793418E+03    1.21175109176954E+03
    5.64606627126510E+03    1.21187606177342E+03
    5.64607534518836E+03    1.21200103171851E+03


    5.64539691465441E+03    1.21129519710473E+03
    5.64508503394321E+03    1.21131623279106E+03
    5.64477315323513E+03    1.21133649447413E+03
    5.64476520301930E+03    1.21121147108073E+03
    5.64475725207506E+03    1.21108644763148E+03
    5.64506851360385E+03    1.21106618246112E+03
    5.64537977513681E+03    1.21104514330161E+03
    5.64538834522597E+03    1.21117017023203E+03
    5.64539691465441E+03    1.21129519710473E+03


    5.64477315323513E+03    1.21133649447413E+03
    5.64446139436028E+03    1.21135590589577E+03
    5.64414963548737E+03    1.21137439102325E+03
    5.64414242631840E+03    1.21124937143927E+03
    5.64413521636362E+03    1.21112435180233E+03
    5.64444623421721E+03    1.21110586285877E+03
    5.64475725207506E+03    1.21108644763148E+03
    5.64476520301930E+03    1.21121147108073E+03
    5.64477315323513E+03    1.21133649447413E+03


    5.64541405243493E+03    1.21154520493893E+03
    5.64510155249688E+03    1.21156623964687E+03
    5.64478905256269E+03    1.21158650033778E+03
    5.64478110299129E+03    1.21146149740841E+03
    5.64477315323513E+03    1.21133649447413E+03
    5.64508503394321E+03    1.21131623279106E+03
    5.64539691465441E+03    1.21129519710473E+03
    5.64540548364811E+03    1.21142020102485E+03
    5.64541405243493E+03    1.21154520493893E+03


    5.64478905256269E+03    1.21158650033778E+03
    5.64447655263432E+03    1.21160591089963E+03
    5.64416405270988E+03    1.21162439515734E+03
    5.64415684417811E+03    1.21149939309216E+03
    5.64414963548737E+03    1.21137439102325E+03
    5.64446139436028E+03    1.21135590589577E+03
    5.64477315323513E+03    1.21133649447413E+03
    5.64478110299129E+03    1.21146149740841E+03
    5.64478905256269E+03    1.21158650033778E+03


    5.64543119021534E+03    1.21179519710776E+03
    5.64511807105044E+03    1.21181623279381E+03
    5.64480495189014E+03    1.21183649447660E+03
    5.64479700213407E+03    1.21171149740964E+03
    5.64478905256269E+03    1.21158650033778E+03
    5.64510155249688E+03    1.21156623964687E+03
    5.64541405243493E+03    1.21154520493893E+03
    5.64542262122172E+03    1.21167020102637E+03
    5.64543119021534E+03    1.21179519710776E+03


    5.64480495189014E+03    1.21183649447660E+03
    5.64449171090825E+03    1.21185590589796E+03
    5.64417846993229E+03    1.21187439102517E+03
    5.64417126124162E+03    1.21174939309312E+03
    5.64416405270988E+03    1.21162439515734E+03
    5.64447655263432E+03    1.21160591089963E+03
    5.64478905256269E+03    1.21158650033778E+03
    5.64479700213407E+03    1.21171149740964E+03
    5.64480495189014E+03    1.21183649447660E+03


    5.64544832973255E+03    1.21204514330984E+03
    5.64513459138941E+03    1.21206618246867E+03
    5.64482085304982E+03    1.21208644763835E+03
    5.64481290210581E+03    1.21196147108539E+03
    5.64480495189014E+03    1.21183649447660E+03
    5.64511807105044E+03    1.21181623279381E+03
    5.64543119021534E+03    1.21179519710776E+03
    5.64543975964362E+03    1.21192017023766E+03
    5.64544832973255E+03    1.21204514330984E+03


    5.64482085304982E+03    1.21208644763835E+03
    5.64450687105093E+03    1.21210586286494E+03
    5.64419288905565E+03    1.21212435180780E+03
    5.64418567910110E+03    1.21199937144296E+03
    5.64417846993229E+03    1.21187439102517E+03
    5.64449171090825E+03    1.21185590589796E+03
    5.64480495189014E+03    1.21183649447660E+03
    5.64481290210581E+03    1.21196147108539E+03
    5.64482085304982E+03    1.21208644763835E+03


    5.64414963548737E+03    1.21137439102325E+03
    5.64383800349763E+03    1.21139187045143E+03
    5.64352637149985E+03    1.21140826497024E+03
    5.64352003027112E+03    1.21128324944767E+03
    5.64351368822204E+03    1.21115823387628E+03
    5.64382445229489E+03    1.21114183529232E+03
    5.64413521636362E+03    1.21112435180233E+03
    5.64414242631840E+03    1.21124937143927E+03
    5.64414963548737E+03    1.21137439102325E+03


    5.64352637149985E+03    1.21140826497024E+03
    5.64321487013090E+03    1.21142349285583E+03
    5.64290336873900E+03    1.21143747251186E+03
    5.64289802610735E+03    1.21131246115418E+03
    5.64289268265936E+03    1.21118744975327E+03
    5.64320318544926E+03    1.21117346593353E+03
    5.64351368822204E+03    1.21115823387628E+03
    5.64352003027112E+03    1.21128324944767E+03
    5.64352637149985E+03    1.21140826497024E+03


    5.64416405270988E+03    1.21162439515734E+03
    5.64385155278630E+03    1.21164187385995E+03
    5.64353905285827E+03    1.21165826765041E+03
    5.64353271224413E+03    1.21153326631162E+03
    5.64352637149985E+03    1.21140826497024E+03
    5.64383800349763E+03    1.21139187045143E+03
    5.64414963548737E+03    1.21137439102325E+03
    5.64415684417811E+03    1.21149939309216E+03
    5.64416405270988E+03    1.21162439515734E+03


    5.64353905285827E+03    1.21165826765041E+03
    5.64322655291836E+03    1.21167349495595E+03
    5.64291405296099E+03    1.21168747404055E+03
    5.64290871089962E+03    1.21156247327697E+03
    5.64290336873900E+03    1.21143747251186E+03
    5.64321487013090E+03    1.21142349285583E+03
    5.64352637149985E+03    1.21140826497024E+03
    5.64353271224413E+03    1.21153326631162E+03
    5.64353905285827E+03    1.21165826765041E+03


    5.64417846993229E+03    1.21187439102517E+03
    5.64386510207488E+03    1.21189187045309E+03
    5.64355173421659E+03    1.21190826497164E+03
    5.64354539347238E+03    1.21178326631233E+03
    5.64353905285827E+03    1.21165826765041E+03
    5.64385155278630E+03    1.21164187385995E+03
    5.64416405270988E+03    1.21162439515734E+03
    5.64417126124162E+03    1.21174939309312E+03
    5.64417846993229E+03    1.21187439102517E+03


    5.64355173421659E+03    1.21190826497164E+03
    5.64323823570573E+03    1.21192349285700E+03
    5.64292473718289E+03    1.21193747251281E+03
    5.64291939502233E+03    1.21181247327744E+03
    5.64291405296099E+03    1.21168747404055E+03
    5.64322655291836E+03    1.21167349495595E+03
    5.64353905285827E+03    1.21165826765041E+03
    5.64354539347238E+03    1.21178326631233E+03
    5.64355173421659E+03    1.21190826497164E+03


    5.64419288905565E+03    1.21212435180780E+03
    5.64387865327724E+03    1.21214183529710E+03
    5.64356441749403E+03    1.21215823388037E+03
    5.64355807544518E+03    1.21203324945041E+03
    5.64355173421659E+03    1.21190826497164E+03
    5.64386510207488E+03    1.21189187045309E+03
    5.64417846993229E+03    1.21187439102517E+03
    5.64418567910110E+03    1.21199937144296E+03
    5.64419288905565E+03    1.21212435180780E+03


    5.64356441749403E+03    1.21215823388037E+03
    5.64324992038703E+03    1.21217346593697E+03
    5.64293542326220E+03    1.21218744975607E+03
    5.64293007981441E+03    1.21206246115605E+03
    5.64292473718289E+03    1.21193747251281E+03
    5.64323823570573E+03    1.21192349285700E+03
    5.64355173421659E+03    1.21190826497164E+03
    5.64355807544518E+03    1.21203324945041E+03
    5.64356441749403E+03    1.21215823388037E+03


    5.64290336873900E+03    1.21143747251186E+03
    5.64259200061867E+03    1.21145012060753E+03
    5.64228063246041E+03    1.21146135382591E+03
    5.64227642174402E+03    1.21133634650192E+03
    5.64227221027267E+03    1.21121133914200E+03
    5.64258244648093E+03    1.21120010189840E+03
    5.64289268265936E+03    1.21118744975327E+03
    5.64289802610735E+03    1.21131246115418E+03
    5.64290336873900E+03    1.21143747251186E+03


    5.64228063246041E+03    1.21146135382591E+03
    5.64196939934381E+03    1.21147108780410E+03
    5.64165816618438E+03    1.21147923802436E+03
    5.64165522248687E+03    1.21135423426592E+03
    5.64165227817523E+03    1.21122923048080E+03
    5.64196224424003E+03    1.21122107671352E+03
    5.64227221027267E+03    1.21121133914200E+03
    5.64227642174402E+03    1.21133634650192E+03
    5.64228063246041E+03    1.21146135382591E+03


    5.64291405296099E+03    1.21168747404055E+03
    5.64260155297909E+03    1.21170012170663E+03
    5.64228905296700E+03    1.21171135452045E+03
    5.64228484274756E+03    1.21158635417345E+03
    5.64228063246041E+03    1.21146135382591E+03
    5.64259200061867E+03    1.21145012060753E+03
    5.64290336873900E+03    1.21143747251186E+03
    5.64290871089962E+03    1.21156247327697E+03
    5.64291405296099E+03    1.21168747404055E+03


    5.64228905296700E+03    1.21171135452045E+03
    5.64197655292187E+03    1.21172108821611E+03
    5.64166405284421E+03    1.21172923820106E+03
    5.64166110953296E+03    1.21160423811256E+03
    5.64165816618438E+03    1.21147923802436E+03
    5.64196939934381E+03    1.21147108780410E+03
    5.64228063246041E+03    1.21146135382591E+03
    5.64228484274756E+03    1.21158635417345E+03
    5.64228905296700E+03    1.21171135452045E+03


    5.64292473718289E+03    1.21193747251281E+03
    5.64261110533943E+03    1.21195012060827E+03
    5.64229747347351E+03    1.21196135382646E+03
    5.64229326318642E+03    1.21183635417373E+03
    5.64228905296700E+03    1.21171135452045E+03
    5.64260155297909E+03    1.21170012170663E+03
    5.64291405296099E+03    1.21168747404055E+03
    5.64291939502233E+03    1.21181247327744E+03
    5.64292473718289E+03    1.21193747251281E+03


    5.64229747347351E+03    1.21196135382646E+03
    5.64198370649986E+03    1.21197108780449E+03
    5.64166993950400E+03    1.21197923802462E+03
    5.64166699615545E+03    1.21185423811269E+03
    5.64166405284421E+03    1.21172923820106E+03
    5.64197655292187E+03    1.21172108821611E+03
    5.64228905296700E+03    1.21171135452045E+03
    5.64229326318642E+03    1.21183635417373E+03
    5.64229747347351E+03    1.21196135382646E+03


    5.64293542326220E+03    1.21218744975607E+03
    5.64262065947686E+03    1.21220010190061E+03
    5.64230589566098E+03    1.21221133914366E+03
    5.64230168418980E+03    1.21208634650302E+03
    5.64229747347351E+03    1.21196135382646E+03
    5.64261110533943E+03    1.21195012060827E+03
    5.64292473718289E+03    1.21193747251281E+03
    5.64293007981441E+03    1.21206246115605E+03
    5.64293542326220E+03    1.21218744975607E+03


    5.64230589566098E+03    1.21221133914366E+03
    5.64199086160340E+03    1.21222107671472E+03
    5.64167582751294E+03    1.21222923048156E+03
    5.64167288320143E+03    1.21210423426643E+03
    5.64166993950400E+03    1.21197923802462E+03
    5.64198370649986E+03    1.21197108780449E+03
    5.64229747347351E+03    1.21196135382646E+03
    5.64230168418980E+03    1.21208634650302E+03
    5.64230589566098E+03    1.21221133914366E+03


    5.64165816618438E+03    1.21147923802436E+03
    5.64134706922845E+03    1.21148571951112E+03
    5.64103597223420E+03    1.21149044690082E+03
    5.64103443182456E+03    1.21136544578448E+03
    5.64103289104667E+03    1.21124044465283E+03
    5.64134258462336E+03    1.21123571465280E+03
    5.64165227817523E+03    1.21122923048080E+03
    5.64165522248687E+03    1.21135423426592E+03
    5.64165816618438E+03    1.21147923802436E+03


    5.64103597223420E+03    1.21149044690082E+03
    5.64072501227752E+03    1.21149333484584E+03
    5.64041405228921E+03    1.21149429730384E+03
    5.64041405228921E+03    1.21136929730384E+03
    5.64041405228921E+03    1.21124429730384E+03
    5.64072347167345E+03    1.21124333377955E+03
    5.64103289104667E+03    1.21124044465283E+03
    5.64103443182456E+03    1.21136544578448E+03
    5.64103597223420E+03    1.21149044690082E+03


    5.64166405284421E+03    1.21172923820106E+03
    5.64135155273723E+03    1.21173571953809E+03
    5.64103905260508E+03    1.21174044685399E+03
    5.64103751242470E+03    1.21161544687690E+03
    5.64103597223420E+03    1.21149044690082E+03
    5.64134706922845E+03    1.21148571951112E+03
    5.64165816618438E+03    1.21147923802436E+03
    5.64166110953296E+03    1.21160423811256E+03
    5.64166405284421E+03    1.21172923820106E+03


    5.64103905260508E+03    1.21174044685399E+03
    5.64072655245284E+03    1.21174333476414E+03
    5.64041405228921E+03    1.21174429730384E+03
    5.64041405228921E+03    1.21161929730384E+03
    5.64041405228921E+03    1.21149429730384E+03
    5.64072501227752E+03    1.21149333484584E+03
    5.64103597223420E+03    1.21149044690082E+03
    5.64103751242470E+03    1.21161544687690E+03
    5.64103905260508E+03    1.21174044685399E+03


    5.64166993950400E+03    1.21197923802462E+03
    5.64135603624598E+03    1.21198571951127E+03
    5.64104213297594E+03    1.21199044690088E+03
    5.64104059278546E+03    1.21186544687693E+03
    5.64103905260508E+03    1.21174044685399E+03
    5.64135155273723E+03    1.21173571953809E+03
    5.64166405284421E+03    1.21172923820106E+03
    5.64166699615545E+03    1.21185423811269E+03
    5.64166993950400E+03    1.21197923802462E+03


    5.64104213297594E+03    1.21199044690088E+03
    5.64072809262815E+03    1.21199333484586E+03
    5.64041405228921E+03    1.21199429730384E+03
    5.64041405228921E+03    1.21186929730384E+03
    5.64041405228921E+03    1.21174429730384E+03
    5.64072655245284E+03    1.21174333476414E+03
    5.64103905260508E+03    1.21174044685399E+03
    5.64104059278546E+03    1.21186544687693E+03
    5.64104213297594E+03    1.21199044690088E+03


    5.64167582751294E+03    1.21222923048156E+03
    5.64136052085092E+03    1.21223571465326E+03
    5.64104521416336E+03    1.21224044465303E+03
    5.64104367338555E+03    1.21211544578461E+03
    5.64104213297594E+03    1.21199044690088E+03
    5.64135603624598E+03    1.21198571951127E+03
    5.64166993950400E+03    1.21197923802462E+03
    5.64167288320143E+03    1.21210423426643E+03
    5.64167582751294E+03    1.21222923048156E+03


    5.64104521416336E+03    1.21224044465303E+03
    5.64072963323217E+03    1.21224333377963E+03
    5.64041405228921E+03    1.21224429730384E+03
    5.64041405228921E+03    1.21211929730384E+03
    5.64041405228921E+03    1.21199429730384E+03
    5.64072809262815E+03    1.21199333484586E+03
    5.64104213297594E+03    1.21199044690088E+03
    5.64104367338555E+03    1.21211544578461E+03
    5.64104521416336E+03    1.21224044465303E+03


