# Gnuplot Deformed Mesh Archive
# X_deformed              Y_deformed
    5.65091604119735E+03    1.21150171271977E+03
    5.65057095169015E+03    1.21150137180459E+03
    5.65017143853556E+03    1.21150103092057E+03
    5.65017163292709E+03    1.21138096672536E+03
    5.65017194338020E+03    1.21126090381415E+03
    5.65057145654746E+03    1.21126182504800E+03
    5.65091654607027E+03    1.21126274629642E+03
    5.65091623560028E+03    1.21138222886742E+03
    5.65091604119735E+03    1.21150171271977E+03


    5.65017143853556E+03    1.21150103092057E+03
    5.64972748007034E+03    1.21150069050437E+03
    5.64925450422691E+03    1.21150035048133E+03
    5.64925469822899E+03    1.21137970578138E+03
    5.64925500793873E+03    1.21125906231318E+03
    5.64972798441919E+03    1.21125998282655E+03
    5.65017194338020E+03    1.21126090381415E+03
    5.65017163292709E+03    1.21138096672536E+03
    5.65017143853556E+03    1.21150103092057E+03


    5.65091590471620E+03    1.21174429749572E+03
    5.65057081525779E+03    1.21174429728179E+03
    5.65017130216860E+03    1.21174429710998E+03
    5.65017133631605E+03    1.21162266394044E+03
    5.65017143853556E+03    1.21150103092057E+03
    5.65057095169015E+03    1.21150137180459E+03
    5.65091604119735E+03    1.21150171271977E+03
    5.65091593889036E+03    1.21162300502980E+03
    5.65091590471620E+03    1.21174429749572E+03


    5.65017130216860E+03    1.21174429710998E+03
    5.64972734396796E+03    1.21174429701379E+03
    5.64925436839721E+03    1.21174429702673E+03
    5.64925440241773E+03    1.21162232368021E+03
    5.64925450422691E+03    1.21150035048133E+03
    5.64972748007034E+03    1.21150069050437E+03
    5.65017143853556E+03    1.21150103092057E+03
    5.65017133631605E+03    1.21162266394044E+03
    5.65017130216860E+03    1.21174429710998E+03


    5.65091604082134E+03    1.21198688227442E+03
    5.65057095138151E+03    1.21198722276163E+03
    5.65017143829430E+03    1.21198756330191E+03
    5.65017133619543E+03    1.21186593028077E+03
    5.65017130216860E+03    1.21174429710998E+03
    5.65057081525779E+03    1.21174429728179E+03
    5.65091590471620E+03    1.21174429749572E+03
    5.65091593870236E+03    1.21186558996301E+03
    5.65091604082134E+03    1.21198688227442E+03


    5.65017143829430E+03    1.21198756330191E+03
    5.64972748000370E+03    1.21198790352562E+03
    5.64925450433490E+03    1.21198824357445E+03
    5.64925440247173E+03    1.21186627037441E+03
    5.64925436839721E+03    1.21174429702673E+03
    5.64972734396796E+03    1.21174429701379E+03
    5.65017130216860E+03    1.21174429710998E+03
    5.65017133619543E+03    1.21186593028077E+03
    5.65017143829430E+03    1.21198756330191E+03


    5.65091654531791E+03    1.21222584871089E+03
    5.65057145592986E+03    1.21222676953066E+03
    5.65017194289735E+03    1.21222769042006E+03
    5.65017163256511E+03    1.21210762750298E+03
    5.65017143829430E+03    1.21198756330191E+03
    5.65057095138151E+03    1.21198722276163E+03
    5.65091604082134E+03    1.21198688227442E+03
    5.65091623503616E+03    1.21210636613333E+03
    5.65091654531791E+03    1.21222584871089E+03


    5.65017194289735E+03    1.21222769042006E+03
    5.64972798428559E+03    1.21222861121447E+03
    5.64925500815438E+03    1.21222953175293E+03
    5.64925469839088E+03    1.21210888827956E+03
    5.64925450433490E+03    1.21198824357445E+03
    5.64972748000370E+03    1.21198790352562E+03
    5.65017143829430E+03    1.21198756330191E+03
    5.65017163256511E+03    1.21210762750298E+03
    5.65017194289735E+03    1.21222769042006E+03


    5.64925450422691E+03    1.21150035048133E+03
    5.64877114028349E+03    1.21150001175288E+03
    5.64829728995760E+03    1.21149967462504E+03
    5.64829748211933E+03    1.21137845248179E+03
    5.64829778830990E+03    1.21125723141316E+03
    5.64877164152037E+03    1.21125814570110E+03
    5.64925500793873E+03    1.21125906231318E+03
    5.64925469822899E+03    1.21137970578138E+03
    5.64925450422691E+03    1.21150035048133E+03


    5.64829728995760E+03    1.21149967462504E+03
    5.64785180631560E+03    1.21149933986286E+03
    5.64745006157027E+03    1.21149900900074E+03
    5.64745024908934E+03    1.21137722234390E+03
    5.64745054641738E+03    1.21125543651120E+03
    5.64785229823956E+03    1.21125633099651E+03
    5.64829778830990E+03    1.21125723141316E+03
    5.64829748211933E+03    1.21137845248179E+03
    5.64829728995760E+03    1.21149967462504E+03


    5.64925436839721E+03    1.21174429702673E+03
    5.64877100514818E+03    1.21174429712085E+03
    5.64829715547375E+03    1.21174429726815E+03
    5.64829718919378E+03    1.21162198586322E+03
    5.64829728995760E+03    1.21149967462504E+03
    5.64877114028349E+03    1.21150001175288E+03
    5.64925450422691E+03    1.21150035048133E+03
    5.64925440241773E+03    1.21162232368021E+03
    5.64925436839721E+03    1.21174429702673E+03


    5.64829715547375E+03    1.21174429726815E+03
    5.64785167320752E+03    1.21174429740759E+03
    5.64744992974953E+03    1.21174429747813E+03
    5.64744996286875E+03    1.21162165313709E+03
    5.64745006157027E+03    1.21149900900074E+03
    5.64785180631560E+03    1.21149933986286E+03
    5.64829728995760E+03    1.21149967462504E+03
    5.64829718919378E+03    1.21162198586322E+03
    5.64829715547375E+03    1.21174429726815E+03


    5.64925450433490E+03    1.21198824357445E+03
    5.64877114047657E+03    1.21198858249102E+03
    5.64829729023578E+03    1.21198891991335E+03
    5.64829718933288E+03    1.21186660867412E+03
    5.64829715547375E+03    1.21174429726815E+03
    5.64877100514818E+03    1.21174429712085E+03
    5.64925436839721E+03    1.21174429702673E+03
    5.64925440247173E+03    1.21186627037441E+03
    5.64925450433490E+03    1.21198824357445E+03


    5.64829729023578E+03    1.21198891991335E+03
    5.64785180648355E+03    1.21198925495430E+03
    5.64745006162797E+03    1.21198958595740E+03
    5.64744996289761E+03    1.21186694182011E+03
    5.64744992974953E+03    1.21174429747813E+03
    5.64785167320752E+03    1.21174429740759E+03
    5.64829715547375E+03    1.21174429726815E+03
    5.64829718933288E+03    1.21186660867412E+03
    5.64829729023578E+03    1.21198891991335E+03


    5.64925500815438E+03    1.21222953175293E+03
    5.64877164190622E+03    1.21223044855244E+03
    5.64829778886596E+03    1.21223136313419E+03
    5.64829748253652E+03    1.21211014206108E+03
    5.64829729023578E+03    1.21198891991335E+03
    5.64877114047657E+03    1.21198858249102E+03
    5.64925450433490E+03    1.21198824357445E+03
    5.64925469839088E+03    1.21210888827956E+03
    5.64925500815438E+03    1.21222953175293E+03


    5.64829778886596E+03    1.21223136313419E+03
    5.64785229857514E+03    1.21223226382896E+03
    5.64745054653248E+03    1.21223315845459E+03
    5.64745024917580E+03    1.21211137261806E+03
    5.64745006162797E+03    1.21198958595740E+03
    5.64785180648355E+03    1.21198925495430E+03
    5.64829729023578E+03    1.21198891991335E+03
    5.64829748253652E+03    1.21211014206108E+03
    5.64829778886596E+03    1.21223136313419E+03


    5.64745006157027E+03    1.21149900900074E+03
    5.64710260404889E+03    1.21149868186876E+03
    5.64681332232573E+03    1.21149836177170E+03
    5.64681350141937E+03    1.21137603938719E+03
    5.64681378282184E+03    1.21125371754656E+03
    5.64710307708431E+03    1.21125457163214E+03
    5.64745054641738E+03    1.21125543651120E+03
    5.64745024908934E+03    1.21137722234390E+03
    5.64745006157027E+03    1.21149900900074E+03


    5.64681332232573E+03    1.21149836177170E+03
    5.64657968841542E+03    1.21149804709124E+03
    5.64639234807538E+03    1.21149774261517E+03
    5.64639251493518E+03    1.21137493087680E+03
    5.64639277355605E+03    1.21125211945808E+03
    5.64658013169961E+03    1.21125291069022E+03
    5.64681378282184E+03    1.21125371754656E+03
    5.64681350141937E+03    1.21137603938719E+03
    5.64681332232573E+03    1.21149836177170E+03


    5.64744992974953E+03    1.21174429747813E+03
    5.64710247455317E+03    1.21174429746849E+03
    5.64681319505778E+03    1.21174429736742E+03
    5.64681322707463E+03    1.21162132944620E+03
    5.64681332232573E+03    1.21149836177170E+03
    5.64710260404889E+03    1.21149868186876E+03
    5.64745006157027E+03    1.21149900900074E+03
    5.64744996286875E+03    1.21162165313709E+03
    5.64744992974953E+03    1.21174429747813E+03


    5.64681319505778E+03    1.21174429736742E+03
    5.64657956451554E+03    1.21174429722834E+03
    5.64639222748826E+03    1.21174429710470E+03
    5.64639225778893E+03    1.21162101972372E+03
    5.64639234807538E+03    1.21149774261517E+03
    5.64657968841542E+03    1.21149804709124E+03
    5.64681332232573E+03    1.21149836177170E+03
    5.64681322707463E+03    1.21162132944620E+03
    5.64681319505778E+03    1.21174429736742E+03


    5.64745006162797E+03    1.21198958595740E+03
    5.64710260396028E+03    1.21198991306999E+03
    5.64681332209081E+03    1.21199023296480E+03
    5.64681322695718E+03    1.21186726528947E+03
    5.64681319505778E+03    1.21174429736742E+03
    5.64710247455317E+03    1.21174429746849E+03
    5.64744992974953E+03    1.21174429747813E+03
    5.64744996289761E+03    1.21186694182011E+03
    5.64745006162797E+03    1.21198958595740E+03


    5.64681332209081E+03    1.21199023296480E+03
    5.64657968820520E+03    1.21199054736700E+03
    5.64639234788986E+03    1.21199085159566E+03
    5.64639225769618E+03    1.21186757448640E+03
    5.64639222748826E+03    1.21174429710470E+03
    5.64657956451554E+03    1.21174429722834E+03
    5.64681319505778E+03    1.21174429736742E+03
    5.64681322695718E+03    1.21186726528947E+03
    5.64681332209081E+03    1.21199023296480E+03


    5.64745054653248E+03    1.21223315845459E+03
    5.64710307690681E+03    1.21223402331367E+03
    5.64681378235173E+03    1.21223487719639E+03
    5.64681350106691E+03    1.21211255535253E+03
    5.64681332209081E+03    1.21199023296480E+03
    5.64710260396028E+03    1.21198991306999E+03
    5.64745006162797E+03    1.21198958595740E+03
    5.64745024917580E+03    1.21211137261806E+03
    5.64745054653248E+03    1.21223315845459E+03


    5.64681378235173E+03    1.21223487719639E+03
    5.64658013127890E+03    1.21223568377390E+03
    5.64639277318474E+03    1.21223647475810E+03
    5.64639251465681E+03    1.21211366333671E+03
    5.64639234788986E+03    1.21199085159566E+03
    5.64657968820520E+03    1.21199054736700E+03
    5.64681332209081E+03    1.21199023296480E+03
    5.64681350106691E+03    1.21211255535253E+03
    5.64681378235173E+03    1.21223487719639E+03


    5.64639234807538E+03    1.21149774261517E+03
    5.64623684100290E+03    1.21149744543000E+03
    5.64609480171411E+03    1.21149716064880E+03
    5.64609495363151E+03    1.21137391947983E+03
    5.64609518494908E+03    1.21125067853022E+03
    5.64623724550333E+03    1.21125138953432E+03
    5.64639277355605E+03    1.21125211945808E+03
    5.64639251493518E+03    1.21137493087680E+03
    5.64639234807538E+03    1.21149774261517E+03


    5.64609480171411E+03    1.21149716064880E+03
    5.64594637951162E+03    1.21149688502432E+03
    5.64577250581133E+03    1.21149662243402E+03
    5.64577264184041E+03    1.21137301670697E+03
    5.64577284488661E+03    1.21124941124096E+03
    5.64594674063326E+03    1.21125003498556E+03
    5.64609518494908E+03    1.21125067853022E+03
    5.64609495363151E+03    1.21137391947983E+03
    5.64609480171411E+03    1.21149716064880E+03


    5.64639222748826E+03    1.21174429710470E+03
    5.64623672461030E+03    1.21174429703887E+03
    5.64609468954269E+03    1.21174429707322E+03
    5.64609471763736E+03    1.21162072872812E+03
    5.64609480171411E+03    1.21149716064880E+03
    5.64623684100290E+03    1.21149744543000E+03
    5.64639234807538E+03    1.21149774261517E+03
    5.64639225778893E+03    1.21162101972372E+03
    5.64639222748826E+03    1.21174429710470E+03


    5.64609468954269E+03    1.21174429707322E+03
    5.64594627195254E+03    1.21174429717941E+03
    5.64577240298285E+03    1.21174429732911E+03
    5.64577242866717E+03    1.21162045977015E+03
    5.64577250581133E+03    1.21149662243402E+03
    5.64594637951162E+03    1.21149688502432E+03
    5.64609480171411E+03    1.21149716064880E+03
    5.64609471763736E+03    1.21162072872812E+03
    5.64609468954269E+03    1.21174429707322E+03


    5.64639234788986E+03    1.21199085159566E+03
    5.64623684097767E+03    1.21199114864906E+03
    5.64609480184917E+03    1.21199143349884E+03
    5.64609471770490E+03    1.21186786541892E+03
    5.64609468954269E+03    1.21174429707322E+03
    5.64623672461030E+03    1.21174429703887E+03
    5.64639222748826E+03    1.21174429710470E+03
    5.64639225769618E+03    1.21186757448640E+03
    5.64639234788986E+03    1.21199085159566E+03


    5.64609480184917E+03    1.21199143349884E+03
    5.64594637971630E+03    1.21199170933560E+03
    5.64577250608562E+03    1.21199197222521E+03
    5.64577242880433E+03    1.21186813488858E+03
    5.64577240298285E+03    1.21174429732911E+03
    5.64594627195254E+03    1.21174429717941E+03
    5.64609468954269E+03    1.21174429707322E+03
    5.64609471770490E+03    1.21186786541892E+03
    5.64609480184917E+03    1.21199143349884E+03


    5.64639277318474E+03    1.21223647475810E+03
    5.64623724545262E+03    1.21223720454956E+03
    5.64609518521897E+03    1.21223791562175E+03
    5.64609495383403E+03    1.21211467466997E+03
    5.64609480184917E+03    1.21199143349884E+03
    5.64623684097767E+03    1.21199114864906E+03
    5.64639234788986E+03    1.21199085159566E+03
    5.64639251465681E+03    1.21211366333671E+03
    5.64639277318474E+03    1.21223647475810E+03


    5.64609518521897E+03    1.21223791562175E+03
    5.64594674104239E+03    1.21223855937822E+03
    5.64577284543497E+03    1.21223918342167E+03
    5.64577264225178E+03    1.21211557795395E+03
    5.64577250608562E+03    1.21199197222521E+03
    5.64594637971630E+03    1.21199170933560E+03
    5.64609480184917E+03    1.21199143349884E+03
    5.64609495383403E+03    1.21211467466997E+03
    5.64609518521897E+03    1.21223791562175E+03


    5.64577250581133E+03    1.21149662243402E+03
    5.64555691983662E+03    1.21149637080085E+03
    5.64528847623058E+03    1.21149613146039E+03
    5.64528859699075E+03    1.21137222121303E+03
    5.64528877399335E+03    1.21124831136939E+03
    5.64555723809703E+03    1.21124885203781E+03
    5.64577284488661E+03    1.21124941124096E+03
    5.64577264184041E+03    1.21137301670697E+03
    5.64577250581133E+03    1.21149662243402E+03


    5.64528847623058E+03    1.21149613146039E+03
    5.64496186034304E+03    1.21149590492660E+03
    5.64457889208216E+03    1.21149568941381E+03
    5.64457899884063E+03    1.21137152289048E+03
    5.64457915348260E+03    1.21124735693209E+03
    5.64496213974380E+03    1.21124782596987E+03
    5.64528877399335E+03    1.21124831136939E+03
    5.64528859699075E+03    1.21137222121303E+03
    5.64528847623058E+03    1.21149613146039E+03


    5.64577240298285E+03    1.21174429732911E+03
    5.64555682173121E+03    1.21174429746276E+03
    5.64528838303166E+03    1.21174429752078E+03
    5.64528840631134E+03    1.21162021441354E+03
    5.64528847623058E+03    1.21149613146039E+03
    5.64555691983662E+03    1.21149637080085E+03
    5.64577250581133E+03    1.21149662243402E+03
    5.64577242866717E+03    1.21162045977015E+03
    5.64577240298285E+03    1.21174429732911E+03


    5.64528838303166E+03    1.21174429752078E+03
    5.64496177196131E+03    1.21174429749695E+03
    5.64457880871442E+03    1.21174429738506E+03
    5.64457882958537E+03    1.21161999335933E+03
    5.64457889208216E+03    1.21149568941381E+03
    5.64496186034304E+03    1.21149590492660E+03
    5.64528847623058E+03    1.21149613146039E+03
    5.64528840631134E+03    1.21162021441354E+03
    5.64528838303166E+03    1.21174429752078E+03


    5.64577250608562E+03    1.21199197222521E+03
    5.64555691998991E+03    1.21199222412557E+03
    5.64528847626287E+03    1.21199246358196E+03
    5.64528840632750E+03    1.21186838062841E+03
    5.64528838303166E+03    1.21174429752078E+03
    5.64555682173121E+03    1.21174429746276E+03
    5.64577240298285E+03    1.21174429732911E+03
    5.64577242880433E+03    1.21186813488858E+03
    5.64577250608562E+03    1.21199197222521E+03


    5.64528847626287E+03    1.21199246358196E+03
    5.64496186023443E+03    1.21199269006800E+03
    5.64457889183266E+03    1.21199290535693E+03
    5.64457882946063E+03    1.21186860141111E+03
    5.64457880871442E+03    1.21174429738506E+03
    5.64496177196131E+03    1.21174429749695E+03
    5.64528838303166E+03    1.21174429752078E+03
    5.64528840632750E+03    1.21186838062841E+03
    5.64528847626287E+03    1.21199246358196E+03


    5.64577284543497E+03    1.21223918342167E+03
    5.64555723840340E+03    1.21223974289159E+03
    5.64528877405774E+03    1.21224028367554E+03
    5.64528859703913E+03    1.21211637383062E+03
    5.64528847626287E+03    1.21199246358196E+03
    5.64555691998991E+03    1.21199222412557E+03
    5.64577250608562E+03    1.21199197222521E+03
    5.64577264225178E+03    1.21211557795395E+03
    5.64577284543497E+03    1.21223918342167E+03


    5.64528877405774E+03    1.21224028367554E+03
    5.64496213952641E+03    1.21224076902697E+03
    5.64457915298344E+03    1.21224123784054E+03
    5.64457899846632E+03    1.21211707188120E+03
    5.64457889183266E+03    1.21199290535693E+03
    5.64496186023443E+03    1.21199269006800E+03
    5.64528847626287E+03    1.21199246358196E+03
    5.64528859703913E+03    1.21211637383062E+03
    5.64528877405774E+03    1.21224028367554E+03


    5.64457889208216E+03    1.21149568941381E+03
    5.64414760732474E+03    1.21149548871189E+03
    5.64368196789935E+03    1.21149529817793E+03
    5.64368206147171E+03    1.21137091051181E+03
    5.64368219666279E+03    1.21124652350274E+03
    5.64414785231286E+03    1.21124693282862E+03
    5.64457915348260E+03    1.21124735693209E+03
    5.64457899884063E+03    1.21137152289048E+03
    5.64457889208216E+03    1.21149568941381E+03


    5.64368196789935E+03    1.21149529817793E+03
    5.64319972513050E+03    1.21149512455806E+03
    5.64272066652021E+03    1.21149496127765E+03
    5.64272074650274E+03    1.21137037915124E+03
    5.64272086267378E+03    1.21124579765113E+03
    5.64319993764928E+03    1.21124615315537E+03
    5.64368219666279E+03    1.21124652350274E+03
    5.64368206147171E+03    1.21137091051181E+03
    5.64368196789935E+03    1.21149529817793E+03


    5.64457880871442E+03    1.21174429738506E+03
    5.64414752906874E+03    1.21174429724220E+03
    5.64368189491066E+03    1.21174429712544E+03
    5.64368191322465E+03    1.21161979764019E+03
    5.64368196789935E+03    1.21149529817793E+03
    5.64414760732474E+03    1.21149548871189E+03
    5.64457889208216E+03    1.21149568941381E+03
    5.64457882958537E+03    1.21161999335933E+03
    5.64457880871442E+03    1.21174429738506E+03


    5.64368189491066E+03    1.21174429712544E+03
    5.64319965777109E+03    1.21174429707187E+03
    5.64272060487079E+03    1.21174429711855E+03
    5.64272062037016E+03    1.21161962920018E+03
    5.64272066652021E+03    1.21149496127765E+03
    5.64319972513050E+03    1.21149512455806E+03
    5.64368196789935E+03    1.21149529817793E+03
    5.64368191322465E+03    1.21161979764019E+03
    5.64368189491066E+03    1.21174429712544E+03


    5.64457889183266E+03    1.21199290535693E+03
    5.64414760711701E+03    1.21199310577303E+03
    5.64368196773339E+03    1.21199329607339E+03
    5.64368191314168E+03    1.21186879661092E+03
    5.64368189491066E+03    1.21174429712544E+03
    5.64414752906874E+03    1.21174429724220E+03
    5.64457880871442E+03    1.21174429738506E+03
    5.64457882946063E+03    1.21186860141111E+03
    5.64457889183266E+03    1.21199290535693E+03


    5.64368196773339E+03    1.21199329607339E+03
    5.64319972512495E+03    1.21199346958603E+03
    5.64272066667508E+03    1.21199363295975E+03
    5.64272062044760E+03    1.21186896503707E+03
    5.64272060487079E+03    1.21174429711855E+03
    5.64319965777109E+03    1.21174429707187E+03
    5.64368189491066E+03    1.21174429712544E+03
    5.64368191314168E+03    1.21186879661092E+03
    5.64368196773339E+03    1.21199329607339E+03


    5.64457915298344E+03    1.21224123784054E+03
    5.64414785189725E+03    1.21224166165790E+03
    5.64368219633074E+03    1.21224207074990E+03
    5.64368206122273E+03    1.21211768374017E+03
    5.64368196773339E+03    1.21199329607339E+03
    5.64414760711701E+03    1.21199310577303E+03
    5.64457889183266E+03    1.21199290535693E+03
    5.64457899846632E+03    1.21211707188120E+03
    5.64457915298344E+03    1.21224123784054E+03


    5.64368219633074E+03    1.21224207074990E+03
    5.64319993763807E+03    1.21224244098981E+03
    5.64272086298341E+03    1.21224279658711E+03
    5.64272074673502E+03    1.21211821508658E+03
    5.64272066667508E+03    1.21199363295975E+03
    5.64319972512495E+03    1.21199346958603E+03
    5.64368196773339E+03    1.21199329607339E+03
    5.64368206122273E+03    1.21211768374017E+03
    5.64368219633074E+03    1.21224207074990E+03


    5.64272066652021E+03    1.21149496127765E+03
    5.64226422856578E+03    1.21149481698937E+03
    5.64184707277331E+03    1.21149468440828E+03
    5.64184713730681E+03    1.21136993438826E+03
    5.64184723183950E+03    1.21124518484455E+03
    5.64226440638534E+03    1.21124548280248E+03
    5.64272086267378E+03    1.21124579765113E+03
    5.64272074650274E+03    1.21137037915124E+03
    5.64272066652021E+03    1.21149496127765E+03


    5.64184707277331E+03    1.21149468440828E+03
    5.64148152807879E+03    1.21149457286202E+03
    5.64117359257489E+03    1.21149447533689E+03
    5.64117363867426E+03    1.21136959196822E+03
    5.64117370664206E+03    1.21124470886560E+03
    5.64148166493072E+03    1.21124493662163E+03
    5.64184723183950E+03    1.21124518484455E+03
    5.64184713730681E+03    1.21136993438826E+03
    5.64184707277331E+03    1.21149468440828E+03


    5.64272060487079E+03    1.21174429711855E+03
    5.64226417324565E+03    1.21174429723227E+03
    5.64184702379025E+03    1.21174429737979E+03
    5.64184703615419E+03    1.21161949089507E+03
    5.64184707277331E+03    1.21149468440828E+03
    5.64226422856578E+03    1.21149481698937E+03
    5.64272066652021E+03    1.21149496127765E+03
    5.64272062037016E+03    1.21161962920018E+03
    5.64272060487079E+03    1.21174429711855E+03


    5.64184702379025E+03    1.21174429737979E+03
    5.64148148629052E+03    1.21174429750549E+03
    5.64117355795271E+03    1.21174429755374E+03
    5.64117356676576E+03    1.21161938643798E+03
    5.64117359257489E+03    1.21149447533689E+03
    5.64148152807879E+03    1.21149457286202E+03
    5.64184707277331E+03    1.21149468440828E+03
    5.64184703615419E+03    1.21161949089507E+03
    5.64184702379025E+03    1.21174429737979E+03


    5.64272066667508E+03    1.21199363295975E+03
    5.64226422877475E+03    1.21199377747539E+03
    5.64184707303637E+03    1.21199391035147E+03
    5.64184703628573E+03    1.21186910386460E+03
    5.64184702379025E+03    1.21174429737979E+03
    5.64226417324565E+03    1.21174429723227E+03
    5.64272060487079E+03    1.21174429711855E+03
    5.64272062044760E+03    1.21186896503707E+03
    5.64272066667508E+03    1.21199363295975E+03


    5.64184707303637E+03    1.21199391035147E+03
    5.64148152821793E+03    1.21199402214908E+03
    5.64117359259011E+03    1.21199411977067E+03
    5.64117356677337E+03    1.21186920866954E+03
    5.64117355795271E+03    1.21174429755374E+03
    5.64148148629052E+03    1.21174429750549E+03
    5.64184702379025E+03    1.21174429737979E+03
    5.64184703628573E+03    1.21186910386460E+03
    5.64184707303637E+03    1.21199391035147E+03


    5.64272086298341E+03    1.21224279658711E+03
    5.64226440680317E+03    1.21224311166293E+03
    5.64184723236554E+03    1.21224340991567E+03
    5.64184713770137E+03    1.21211866037173E+03
    5.64184707303637E+03    1.21199391035147E+03
    5.64226422877475E+03    1.21199377747539E+03
    5.64272066667508E+03    1.21199363295975E+03
    5.64272074673502E+03    1.21211821508658E+03
    5.64272086298341E+03    1.21224279658711E+03


    5.64184723236554E+03    1.21224340991567E+03
    5.64148166520893E+03    1.21224365838981E+03
    5.64117370667244E+03    1.21224388624216E+03
    5.64117363869707E+03    1.21211900313944E+03
    5.64117359259011E+03    1.21199411977067E+03
    5.64148152821793E+03    1.21199402214908E+03
    5.64184707303637E+03    1.21199391035147E+03
    5.64184713770137E+03    1.21211866037173E+03
    5.64184723236554E+03    1.21224340991567E+03


    5.64117359257489E+03    1.21149447533689E+03
    5.64092291020957E+03    1.21149440095610E+03
    5.64072210225905E+03    1.21149434321702E+03
    5.64072212661847E+03    1.21136937312078E+03
    5.64072216255899E+03    1.21124440310660E+03
    5.64092299764564E+03    1.21124454375561E+03
    5.64117370664206E+03    1.21124470886560E+03
    5.64117363867426E+03    1.21136959196822E+03
    5.64117359257489E+03    1.21149447533689E+03


    5.64072210225905E+03    1.21149434321702E+03
    5.64055828880679E+03    1.21149431090115E+03
    5.64041405228921E+03    1.21149429730384E+03
    5.64041405228921E+03    1.21136929730384E+03
    5.64041405228921E+03    1.21124429730384E+03
    5.64055831908194E+03    1.21124433645625E+03
    5.64072216255899E+03    1.21124440310660E+03
    5.64072212661847E+03    1.21136937312078E+03
    5.64072210225905E+03    1.21149434321702E+03


    5.64117355795271E+03    1.21174429755374E+03
    5.64092288375683E+03    1.21174429752845E+03
    5.64072208396145E+03    1.21174429743355E+03
    5.64072208869079E+03    1.21161932031244E+03
    5.64072210225905E+03    1.21149434321702E+03
    5.64092291020957E+03    1.21149440095610E+03
    5.64117359257489E+03    1.21149447533689E+03
    5.64117356676576E+03    1.21161938643798E+03
    5.64117355795271E+03    1.21174429755374E+03


    5.64072208396145E+03    1.21174429743355E+03
    5.64055827961929E+03    1.21174429733626E+03
    5.64041405228921E+03    1.21174429730384E+03
    5.64041405228921E+03    1.21161929730384E+03
    5.64041405228921E+03    1.21149429730384E+03
    5.64055828880679E+03    1.21149431090115E+03
    5.64072210225905E+03    1.21149434321702E+03
    5.64072208869079E+03    1.21161932031244E+03
    5.64072208396145E+03    1.21174429743355E+03


    5.64117359259011E+03    1.21199411977067E+03
    5.64092291011341E+03    1.21199419410084E+03
    5.64072210205151E+03    1.21199425165010E+03
    5.64072208858702E+03    1.21186927455466E+03
    5.64072208396145E+03    1.21174429743355E+03
    5.64092288375683E+03    1.21174429752845E+03
    5.64117355795271E+03    1.21174429755374E+03
    5.64117356677337E+03    1.21186920866954E+03
    5.64117359259011E+03    1.21199411977067E+03


    5.64072210205151E+03    1.21199425165010E+03
    5.64055828870302E+03    1.21199428377139E+03
    5.64041405228921E+03    1.21199429730384E+03
    5.64041405228921E+03    1.21186929730384E+03
    5.64041405228921E+03    1.21174429730384E+03
    5.64055827961929E+03    1.21174429733626E+03
    5.64072208396145E+03    1.21174429743355E+03
    5.64072208858702E+03    1.21186927455466E+03
    5.64072210205151E+03    1.21199425165010E+03


    5.64117370667244E+03    1.21224388624216E+03
    5.64092299745327E+03    1.21224405130146E+03
    5.64072216214388E+03    1.21224419176056E+03
    5.64072212630714E+03    1.21211922174637E+03
    5.64072210205151E+03    1.21199425165010E+03
    5.64092291011341E+03    1.21199419410084E+03
    5.64117359259011E+03    1.21199411977067E+03
    5.64117363869707E+03    1.21211900313944E+03
    5.64117370667244E+03    1.21224388624216E+03


    5.64072216214388E+03    1.21224419176056E+03
    5.64055831887438E+03    1.21224425821631E+03
    5.64041405228921E+03    1.21224429730384E+03
    5.64041405228921E+03    1.21211929730384E+03
    5.64041405228921E+03    1.21199429730384E+03
    5.64055828870302E+03    1.21199428377139E+03
    5.64072210205151E+03    1.21199425165010E+03
    5.64072212630714E+03    1.21211922174637E+03
    5.64072216214388E+03    1.21224419176056E+03


