    5.650414E+03    1.211494E+03    7.150266E+00
    5.649789E+03    1.211494E+03    4.999962E+00
    5.649789E+03    1.211244E+03    5.233019E+00
    5.650414E+03    1.211244E+03    7.324470E+00
    5.649164E+03    1.211494E+03    2.924058E+00
    5.649164E+03    1.211244E+03    3.274204E+00
    5.650414E+03    1.211744E+03    7.092293E+00
    5.649789E+03    1.211744E+03    4.920954E+00
    5.649164E+03    1.211744E+03    2.798853E+00
    5.650414E+03    1.211994E+03    7.150267E+00
    5.649789E+03    1.211994E+03    4.999963E+00
    5.649164E+03    1.211994E+03    2.924060E+00
    5.650414E+03    1.212244E+03    7.324471E+00
    5.649789E+03    1.212244E+03    5.233021E+00
    5.649164E+03    1.212244E+03    3.274206E+00
    5.648539E+03    1.211494E+03    1.106202E+00
    5.648539E+03    1.211244E+03    1.749285E+00
    5.647914E+03    1.211494E+03    1.250585E+00
    5.647914E+03    1.211244E+03    1.719501E+00
    5.648539E+03    1.211744E+03    7.834958E-01
    5.647914E+03    1.211744E+03    1.047562E+00
    5.648539E+03    1.211994E+03    1.106204E+00
    5.647914E+03    1.211994E+03    1.250586E+00
    5.648539E+03    1.212244E+03    1.749288E+00
    5.647914E+03    1.212244E+03    1.719504E+00
    5.647289E+03    1.211494E+03    2.668963E+00
    5.647289E+03    1.211244E+03    2.832018E+00
    5.646664E+03    1.211494E+03    3.851525E+00
    5.646664E+03    1.211244E+03    3.907724E+00
    5.647289E+03    1.211744E+03    2.611109E+00
    5.646664E+03    1.211744E+03    3.831354E+00
    5.647289E+03    1.211994E+03    2.668964E+00
    5.646664E+03    1.211994E+03    3.851526E+00
    5.647289E+03    1.212244E+03    2.832020E+00
    5.646664E+03    1.212244E+03    3.907725E+00
    5.646039E+03    1.211494E+03    4.655802E+00
    5.646039E+03    1.211244E+03    4.666285E+00
    5.645414E+03    1.211494E+03    5.039522E+00
    5.645414E+03    1.211244E+03    5.033537E+00
    5.646039E+03    1.211744E+03    4.651086E+00
    5.645414E+03    1.211744E+03    5.040384E+00
    5.646039E+03    1.211994E+03    4.655802E+00
    5.645414E+03    1.211994E+03    5.039522E+00
    5.646039E+03    1.212244E+03    4.666286E+00
    5.645414E+03    1.212244E+03    5.033537E+00
    5.644789E+03    1.211494E+03    5.002395E+00
    5.644789E+03    1.211244E+03    4.999195E+00
    5.644164E+03    1.211494E+03    4.582046E+00
    5.644164E+03    1.211244E+03    4.596399E+00
    5.644789E+03    1.211744E+03    5.002457E+00
    5.644164E+03    1.211744E+03    4.576408E+00
    5.644789E+03    1.211994E+03    5.002395E+00
    5.644164E+03    1.211994E+03    4.582046E+00
    5.644789E+03    1.212244E+03    4.999195E+00
    5.644164E+03    1.212244E+03    4.596398E+00
    5.643539E+03    1.211494E+03    3.852261E+00
    5.643539E+03    1.211244E+03    3.895892E+00
    5.642914E+03    1.211494E+03    2.919488E+00
    5.642914E+03    1.211244E+03    3.001073E+00
    5.643539E+03    1.211744E+03    3.836944E+00
    5.642914E+03    1.211744E+03    2.891305E+00
    5.643539E+03    1.211994E+03    3.852260E+00
    5.642914E+03    1.211994E+03    2.919488E+00
    5.643539E+03    1.212244E+03    3.895891E+00
    5.642914E+03    1.212244E+03    3.001072E+00
    5.642289E+03    1.211494E+03    1.917365E+00
    5.642289E+03    1.211244E+03    2.041208E+00
    5.641664E+03    1.211494E+03    9.995773E-01
    5.641664E+03    1.211244E+03    1.160105E+00
    5.642289E+03    1.211744E+03    1.873960E+00
    5.641664E+03    1.211744E+03    9.398296E-01
    5.642289E+03    1.211994E+03    1.917364E+00
    5.641664E+03    1.211994E+03    9.995759E-01
    5.642289E+03    1.212244E+03    2.041207E+00
    5.641664E+03    1.212244E+03    1.160103E+00
    5.641039E+03    1.211494E+03    3.290854E-01
    5.641039E+03    1.211244E+03    4.847033E-01
    5.640414E+03    1.211494E+03    2.569913E-01
    5.640414E+03    1.211244E+03    3.290838E-01
    5.641039E+03    1.211744E+03    4.847011E-01
    5.640414E+03    1.211744E+03    6.069820E+00
    5.641039E+03    1.211994E+03    5.099555E+00
    5.640414E+03    1.211994E+03    6.268545E+00
    5.641039E+03    1.212244E+03    7.224660E+00
    5.640414E+03    1.212244E+03    3.947125E+00
    5.650102E+03    1.211494E+03    3.075837E+00
    5.649789E+03    1.211369E+03    4.225572E+00
    5.650102E+03    1.211244E+03    6.003204E+00
    5.650414E+03    1.211369E+03    4.941803E+00
    5.649477E+03    1.211494E+03    7.107912E+00
    5.649164E+03    1.211369E+03    3.851014E+00
    5.649477E+03    1.211244E+03    2.831544E+00
    5.650102E+03    1.211744E+03    6.069821E+00
    5.649789E+03    1.211619E+03    4.941803E+00
    5.650414E+03    1.211619E+03    7.107913E+00
    5.649477E+03    1.211744E+03    3.947126E+00
    5.649164E+03    1.211619E+03    2.831545E+00
    5.650102E+03    1.211994E+03    6.268546E+00
    5.649789E+03    1.211869E+03    5.099556E+00
    5.650414E+03    1.211869E+03    7.224661E+00
    5.649477E+03    1.211994E+03    4.225574E+00
    5.649164E+03    1.211869E+03    3.075839E+00
    5.650102E+03    1.212244E+03    1.951080E+00
    5.649789E+03    1.212119E+03    1.410794E+00
    5.650414E+03    1.212119E+03    2.409583E+00
    5.649477E+03    1.212244E+03    7.492141E-01
    5.649164E+03    1.212119E+03    1.463559E+00
    5.648852E+03    1.211494E+03    1.472426E+00
    5.648539E+03    1.211369E+03    1.773378E+00
    5.648852E+03    1.211244E+03    8.760888E-01
    5.648227E+03    1.211494E+03    1.603115E-01
    5.647914E+03    1.211369E+03    1.101173E+00
    5.648227E+03    1.211244E+03    1.951082E+00
    5.648852E+03    1.211744E+03    8.760904E-01
    5.648539E+03    1.211619E+03    7.492174E-01
    5.648227E+03    1.211744E+03    1.101173E+00
    5.647914E+03    1.211619E+03    2.409585E+00
    5.648852E+03    1.211994E+03    1.410797E+00
    5.648539E+03    1.211869E+03    1.472429E+00
    5.648227E+03    1.211994E+03    1.463561E+00
    5.647914E+03    1.211869E+03    1.967458E+00
    5.648852E+03    1.212244E+03    2.737189E+00
    5.648539E+03    1.212119E+03    2.236640E+00
    5.648227E+03    1.212244E+03    3.302559E+00
    5.647914E+03    1.212119E+03    3.874220E+00
    5.647602E+03    1.211494E+03    3.399206E+00
    5.647289E+03    1.211369E+03    1.867935E+00
    5.647602E+03    1.211244E+03    2.625104E+00
    5.646977E+03    1.211494E+03    3.268458E+00
    5.646664E+03    1.211369E+03    3.835909E+00
    5.646977E+03    1.211244E+03    1.967459E+00
    5.647602E+03    1.211744E+03    2.625104E+00
    5.647289E+03    1.211619E+03    3.302560E+00
    5.646977E+03    1.211744E+03    3.835909E+00
    5.646664E+03    1.211619E+03    2.236641E+00
    5.647602E+03    1.211994E+03    2.737190E+00
    5.647289E+03    1.211869E+03    3.399207E+00
    5.646977E+03    1.211994E+03    3.874220E+00
    5.646664E+03    1.211869E+03    4.304813E+00
    5.647602E+03    1.212244E+03    4.659451E+00
    5.647289E+03    1.212119E+03    4.333053E+00
    5.646977E+03    1.212244E+03    4.901434E+00
    5.646664E+03    1.212119E+03    5.036414E+00
    5.646352E+03    1.211494E+03    4.900884E+00
    5.646039E+03    1.211369E+03    4.294123E+00
    5.646352E+03    1.211244E+03    4.651854E+00
    5.645727E+03    1.211494E+03    4.900443E+00
    5.645414E+03    1.211369E+03    5.039838E+00
    5.645727E+03    1.211244E+03    4.304814E+00
    5.646352E+03    1.211744E+03    4.651855E+00
    5.646039E+03    1.211619E+03    4.901434E+00
    5.645727E+03    1.211744E+03    5.039838E+00
    5.645414E+03    1.211619E+03    4.333053E+00
    5.646352E+03    1.211994E+03    4.659451E+00
    5.646039E+03    1.211869E+03    4.900884E+00
    5.645727E+03    1.211994E+03    5.036414E+00
    5.645414E+03    1.211869E+03    5.072367E+00
    5.646352E+03    1.212244E+03    5.000558E+00
    5.646039E+03    1.212119E+03    5.065692E+00
    5.645727E+03    1.212244E+03    4.836468E+00
    5.645414E+03    1.212119E+03    4.587640E+00
    5.645102E+03    1.211494E+03    4.839996E+00
    5.644789E+03    1.211369E+03    5.073522E+00
    5.645102E+03    1.211244E+03    5.002184E+00
    5.644477E+03    1.211494E+03    4.834366E+00
    5.644164E+03    1.211369E+03    4.577627E+00
    5.644477E+03    1.211244E+03    5.072367E+00
    5.645102E+03    1.211744E+03    5.002184E+00
    5.644789E+03    1.211619E+03    4.836468E+00
    5.644477E+03    1.211744E+03    4.577627E+00
    5.644164E+03    1.211619E+03    5.065692E+00
    5.645102E+03    1.211994E+03    5.000558E+00
    5.644789E+03    1.211869E+03    4.839996E+00
    5.644477E+03    1.211994E+03    4.587639E+00
    5.644164E+03    1.211869E+03    4.249750E+00
    5.645102E+03    1.212244E+03    3.870217E+00
    5.644789E+03    1.212119E+03    4.276316E+00
    5.644477E+03    1.212244E+03    3.402886E+00
    5.644164E+03    1.212119E+03    2.953573E+00
    5.643852E+03    1.211494E+03    3.462384E+00
    5.643539E+03    1.211369E+03    4.240103E+00
    5.643852E+03    1.211244E+03    3.840644E+00
    5.643227E+03    1.211494E+03    3.382250E+00
    5.642914E+03    1.211369E+03    2.898289E+00
    5.643227E+03    1.211244E+03    4.249749E+00
    5.643852E+03    1.211744E+03    3.840643E+00
    5.643539E+03    1.211619E+03    3.402886E+00
    5.643227E+03    1.211744E+03    2.898288E+00
    5.642914E+03    1.211619E+03    4.276315E+00
    5.643852E+03    1.211994E+03    3.870216E+00
    5.643539E+03    1.211869E+03    3.462383E+00
    5.643227E+03    1.211994E+03    2.953572E+00
    5.642914E+03    1.211869E+03    2.416671E+00
    5.643852E+03    1.212244E+03    1.969816E+00
    5.643539E+03    1.212119E+03    2.515443E+00
    5.643227E+03    1.212244E+03    1.435622E+00
    5.642914E+03    1.212119E+03    1.069367E+00
    5.642602E+03    1.211494E+03    1.573732E+00
    5.642289E+03    1.211369E+03    2.382444E+00
    5.642602E+03    1.211244E+03    1.884855E+00
    5.641977E+03    1.211494E+03    1.386293E+00
    5.641664E+03    1.211369E+03    9.550952E-01
    5.641977E+03    1.211244E+03    2.416670E+00
    5.642602E+03    1.211744E+03    1.884855E+00
    5.642289E+03    1.211619E+03    1.435620E+00
    5.641977E+03    1.211744E+03    9.550945E-01
    5.641664E+03    1.211619E+03    2.515441E+00
    5.642602E+03    1.211994E+03    1.969815E+00
    5.642289E+03    1.211869E+03    1.573730E+00
    5.641977E+03    1.211994E+03    1.069365E+00
    5.641664E+03    1.211869E+03    6.195972E-01
    5.642602E+03    1.212244E+03    4.013347E-01
    5.642289E+03    1.212119E+03    7.791666E-01
    5.641977E+03    1.212244E+03    1.212209E-01
    5.641664E+03    1.212119E+03    2.153286E-01
    5.641352E+03    1.211494E+03    5.562049E-01
    5.641039E+03    1.211369E+03    2.767767E-01
    5.641352E+03    1.211244E+03    6.425759E-02
    5.640727E+03    1.211494E+03    6.195956E-01
    5.640414E+03    1.211369E+03    2.767757E-01
    5.640727E+03    1.211244E+03    1.212197E-01
    5.641352E+03    1.211744E+03    7.791641E-01
    5.641039E+03    1.211619E+03    4.013327E-01
    5.640727E+03    1.211744E+03    2.153273E-01
    5.640414E+03    1.211619E+03    6.155768E+00
    5.641352E+03    1.211994E+03    4.069409E+00
    5.641039E+03    1.211869E+03    6.022095E+00
    5.640727E+03    1.211994E+03    3.879138E+00
    5.640414E+03    1.211869E+03    6.022095E+00
    5.641352E+03    1.212244E+03    3.879138E+00
    5.641039E+03    1.212119E+03    6.155769E+00
    5.640727E+03    1.212244E+03    4.069410E+00
    5.640414E+03    1.212119E+03    2.159826E+00
