   5.650414E+03    1.211494E+03   -2.915488E+02
   5.650102E+03    1.211494E+03   -2.915488E+02
   5.649789E+03    1.211494E+03   -2.915488E+02
   5.649789E+03    1.211369E+03   -2.915488E+02
   5.649789E+03    1.211244E+03   -2.915488E+02
   5.650102E+03    1.211244E+03   -2.915488E+02
   5.650414E+03    1.211244E+03   -2.915488E+02
   5.650414E+03    1.211369E+03   -2.915488E+02
   5.650414E+03    1.211494E+03   -2.915488E+02


   5.649789E+03    1.211494E+03   -3.153007E+03
   5.649477E+03    1.211494E+03   -3.153007E+03
   5.649164E+03    1.211494E+03   -3.153007E+03
   5.649164E+03    1.211369E+03   -3.153007E+03
   5.649164E+03    1.211244E+03   -3.153007E+03
   5.649477E+03    1.211244E+03   -3.153007E+03
   5.649789E+03    1.211244E+03   -3.153007E+03
   5.649789E+03    1.211369E+03   -3.153007E+03
   5.649789E+03    1.211494E+03   -3.153007E+03


   5.650414E+03    1.211744E+03   -2.064262E+02
   5.650102E+03    1.211744E+03   -2.064262E+02
   5.649789E+03    1.211744E+03   -2.064262E+02
   5.649789E+03    1.211619E+03   -2.064262E+02
   5.649789E+03    1.211494E+03   -2.064262E+02
   5.650102E+03    1.211494E+03   -2.064262E+02
   5.650414E+03    1.211494E+03   -2.064262E+02
   5.650414E+03    1.211619E+03   -2.064262E+02
   5.650414E+03    1.211744E+03   -2.064262E+02


   5.649789E+03    1.211744E+03   -1.203935E+03
   5.649477E+03    1.211744E+03   -1.203935E+03
   5.649164E+03    1.211744E+03   -1.203935E+03
   5.649164E+03    1.211619E+03   -1.203935E+03
   5.649164E+03    1.211494E+03   -1.203935E+03
   5.649477E+03    1.211494E+03   -1.203935E+03
   5.649789E+03    1.211494E+03   -1.203935E+03
   5.649789E+03    1.211619E+03   -1.203935E+03
   5.649789E+03    1.211744E+03   -1.203935E+03


   5.650414E+03    1.211994E+03    2.087100E+02
   5.650102E+03    1.211994E+03    2.087100E+02
   5.649789E+03    1.211994E+03    2.087100E+02
   5.649789E+03    1.211869E+03    2.087100E+02
   5.649789E+03    1.211744E+03    2.087100E+02
   5.650102E+03    1.211744E+03    2.087100E+02
   5.650414E+03    1.211744E+03    2.087100E+02
   5.650414E+03    1.211869E+03    2.087100E+02
   5.650414E+03    1.211994E+03    2.087100E+02


   5.649789E+03    1.211994E+03    1.208188E+03
   5.649477E+03    1.211994E+03    1.208188E+03
   5.649164E+03    1.211994E+03    1.208188E+03
   5.649164E+03    1.211869E+03    1.208188E+03
   5.649164E+03    1.211744E+03    1.208188E+03
   5.649477E+03    1.211744E+03    1.208188E+03
   5.649789E+03    1.211744E+03    1.208188E+03
   5.649789E+03    1.211869E+03    1.208188E+03
   5.649789E+03    1.211994E+03    1.208188E+03


   5.650414E+03    1.212244E+03    2.938663E+02
   5.650102E+03    1.212244E+03    2.938663E+02
   5.649789E+03    1.212244E+03    2.938663E+02
   5.649789E+03    1.212119E+03    2.938663E+02
   5.649789E+03    1.211994E+03    2.938663E+02
   5.650102E+03    1.211994E+03    2.938663E+02
   5.650414E+03    1.211994E+03    2.938663E+02
   5.650414E+03    1.212119E+03    2.938663E+02
   5.650414E+03    1.212244E+03    2.938663E+02


   5.649789E+03    1.212244E+03    3.157357E+03
   5.649477E+03    1.212244E+03    3.157357E+03
   5.649164E+03    1.212244E+03    3.157357E+03
   5.649164E+03    1.212119E+03    3.157357E+03
   5.649164E+03    1.211994E+03    3.157357E+03
   5.649477E+03    1.211994E+03    3.157357E+03
   5.649789E+03    1.211994E+03    3.157357E+03
   5.649789E+03    1.212119E+03    3.157357E+03
   5.649789E+03    1.212244E+03    3.157357E+03


   5.649164E+03    1.211494E+03   -8.593675E+03
   5.648852E+03    1.211494E+03   -8.593675E+03
   5.648539E+03    1.211494E+03   -8.593675E+03
   5.648539E+03    1.211369E+03   -8.593675E+03
   5.648539E+03    1.211244E+03   -8.593675E+03
   5.648852E+03    1.211244E+03   -8.593675E+03
   5.649164E+03    1.211244E+03   -8.593675E+03
   5.649164E+03    1.211369E+03   -8.593675E+03
   5.649164E+03    1.211494E+03   -8.593675E+03


   5.648539E+03    1.211494E+03   -1.635666E+04
   5.648227E+03    1.211494E+03   -1.635666E+04
   5.647914E+03    1.211494E+03   -1.635666E+04
   5.647914E+03    1.211369E+03   -1.635666E+04
   5.647914E+03    1.211244E+03   -1.635666E+04
   5.648227E+03    1.211244E+03   -1.635666E+04
   5.648539E+03    1.211244E+03   -1.635666E+04
   5.648539E+03    1.211369E+03   -1.635666E+04
   5.648539E+03    1.211494E+03   -1.635666E+04


   5.649164E+03    1.211744E+03   -3.062072E+03
   5.648852E+03    1.211744E+03   -3.062072E+03
   5.648539E+03    1.211744E+03   -3.062072E+03
   5.648539E+03    1.211619E+03   -3.062072E+03
   5.648539E+03    1.211494E+03   -3.062072E+03
   5.648852E+03    1.211494E+03   -3.062072E+03
   5.649164E+03    1.211494E+03   -3.062072E+03
   5.649164E+03    1.211619E+03   -3.062072E+03
   5.649164E+03    1.211744E+03   -3.062072E+03


   5.648539E+03    1.211744E+03   -5.692723E+03
   5.648227E+03    1.211744E+03   -5.692723E+03
   5.647914E+03    1.211744E+03   -5.692723E+03
   5.647914E+03    1.211619E+03   -5.692723E+03
   5.647914E+03    1.211494E+03   -5.692723E+03
   5.648227E+03    1.211494E+03   -5.692723E+03
   5.648539E+03    1.211494E+03   -5.692723E+03
   5.648539E+03    1.211619E+03   -5.692723E+03
   5.648539E+03    1.211744E+03   -5.692723E+03


   5.649164E+03    1.211994E+03    3.063264E+03
   5.648852E+03    1.211994E+03    3.063264E+03
   5.648539E+03    1.211994E+03    3.063264E+03
   5.648539E+03    1.211869E+03    3.063264E+03
   5.648539E+03    1.211744E+03    3.063264E+03
   5.648852E+03    1.211744E+03    3.063264E+03
   5.649164E+03    1.211744E+03    3.063264E+03
   5.649164E+03    1.211869E+03    3.063264E+03
   5.649164E+03    1.211994E+03    3.063264E+03


   5.648539E+03    1.211994E+03    5.688811E+03
   5.648227E+03    1.211994E+03    5.688811E+03
   5.647914E+03    1.211994E+03    5.688811E+03
   5.647914E+03    1.211869E+03    5.688811E+03
   5.647914E+03    1.211744E+03    5.688811E+03
   5.648227E+03    1.211744E+03    5.688811E+03
   5.648539E+03    1.211744E+03    5.688811E+03
   5.648539E+03    1.211869E+03    5.688811E+03
   5.648539E+03    1.211994E+03    5.688811E+03


   5.649164E+03    1.212244E+03    8.594932E+03
   5.648852E+03    1.212244E+03    8.594932E+03
   5.648539E+03    1.212244E+03    8.594932E+03
   5.648539E+03    1.212119E+03    8.594932E+03
   5.648539E+03    1.211994E+03    8.594932E+03
   5.648852E+03    1.211994E+03    8.594932E+03
   5.649164E+03    1.211994E+03    8.594932E+03
   5.649164E+03    1.212119E+03    8.594932E+03
   5.649164E+03    1.212244E+03    8.594932E+03


   5.648539E+03    1.212244E+03    1.635282E+04
   5.648227E+03    1.212244E+03    1.635282E+04
   5.647914E+03    1.212244E+03    1.635282E+04
   5.647914E+03    1.212119E+03    1.635282E+04
   5.647914E+03    1.211994E+03    1.635282E+04
   5.648227E+03    1.211994E+03    1.635282E+04
   5.648539E+03    1.211994E+03    1.635282E+04
   5.648539E+03    1.212119E+03    1.635282E+04
   5.648539E+03    1.212244E+03    1.635282E+04


   5.647914E+03    1.211494E+03   -2.618707E+04
   5.647602E+03    1.211494E+03   -2.618707E+04
   5.647289E+03    1.211494E+03   -2.618707E+04
   5.647289E+03    1.211369E+03   -2.618707E+04
   5.647289E+03    1.211244E+03   -2.618707E+04
   5.647602E+03    1.211244E+03   -2.618707E+04
   5.647914E+03    1.211244E+03   -2.618707E+04
   5.647914E+03    1.211369E+03   -2.618707E+04
   5.647914E+03    1.211494E+03   -2.618707E+04


   5.647289E+03    1.211494E+03   -3.783557E+04
   5.646977E+03    1.211494E+03   -3.783557E+04
   5.646664E+03    1.211494E+03   -3.783557E+04
   5.646664E+03    1.211369E+03   -3.783557E+04
   5.646664E+03    1.211244E+03   -3.783557E+04
   5.646977E+03    1.211244E+03   -3.783557E+04
   5.647289E+03    1.211244E+03   -3.783557E+04
   5.647289E+03    1.211369E+03   -3.783557E+04
   5.647289E+03    1.211494E+03   -3.783557E+04


   5.647914E+03    1.211744E+03   -9.007659E+03
   5.647602E+03    1.211744E+03   -9.007659E+03
   5.647289E+03    1.211744E+03   -9.007659E+03
   5.647289E+03    1.211619E+03   -9.007659E+03
   5.647289E+03    1.211494E+03   -9.007659E+03
   5.647602E+03    1.211494E+03   -9.007659E+03
   5.647914E+03    1.211494E+03   -9.007659E+03
   5.647914E+03    1.211619E+03   -9.007659E+03
   5.647914E+03    1.211744E+03   -9.007659E+03


   5.647289E+03    1.211744E+03   -1.292148E+04
   5.646977E+03    1.211744E+03   -1.292148E+04
   5.646664E+03    1.211744E+03   -1.292148E+04
   5.646664E+03    1.211619E+03   -1.292148E+04
   5.646664E+03    1.211494E+03   -1.292148E+04
   5.646977E+03    1.211494E+03   -1.292148E+04
   5.647289E+03    1.211494E+03   -1.292148E+04
   5.647289E+03    1.211619E+03   -1.292148E+04
   5.647289E+03    1.211744E+03   -1.292148E+04


   5.647914E+03    1.211994E+03    9.000397E+03
   5.647602E+03    1.211994E+03    9.000397E+03
   5.647289E+03    1.211994E+03    9.000397E+03
   5.647289E+03    1.211869E+03    9.000397E+03
   5.647289E+03    1.211744E+03    9.000397E+03
   5.647602E+03    1.211744E+03    9.000397E+03
   5.647914E+03    1.211744E+03    9.000397E+03
   5.647914E+03    1.211869E+03    9.000397E+03
   5.647914E+03    1.211994E+03    9.000397E+03


   5.647289E+03    1.211994E+03    1.291176E+04
   5.646977E+03    1.211994E+03    1.291176E+04
   5.646664E+03    1.211994E+03    1.291176E+04
   5.646664E+03    1.211869E+03    1.291176E+04
   5.646664E+03    1.211744E+03    1.291176E+04
   5.646977E+03    1.211744E+03    1.291176E+04
   5.647289E+03    1.211744E+03    1.291176E+04
   5.647289E+03    1.211869E+03    1.291176E+04
   5.647289E+03    1.211994E+03    1.291176E+04


   5.647914E+03    1.212244E+03    2.617988E+04
   5.647602E+03    1.212244E+03    2.617988E+04
   5.647289E+03    1.212244E+03    2.617988E+04
   5.647289E+03    1.212119E+03    2.617988E+04
   5.647289E+03    1.211994E+03    2.617988E+04
   5.647602E+03    1.211994E+03    2.617988E+04
   5.647914E+03    1.211994E+03    2.617988E+04
   5.647914E+03    1.212119E+03    2.617988E+04
   5.647914E+03    1.212244E+03    2.617988E+04


   5.647289E+03    1.212244E+03    3.782566E+04
   5.646977E+03    1.212244E+03    3.782566E+04
   5.646664E+03    1.212244E+03    3.782566E+04
   5.646664E+03    1.212119E+03    3.782566E+04
   5.646664E+03    1.211994E+03    3.782566E+04
   5.646977E+03    1.211994E+03    3.782566E+04
   5.647289E+03    1.211994E+03    3.782566E+04
   5.647289E+03    1.212119E+03    3.782566E+04
   5.647289E+03    1.212244E+03    3.782566E+04


   5.646664E+03    1.211494E+03   -5.105814E+04
   5.646352E+03    1.211494E+03   -5.105814E+04
   5.646039E+03    1.211494E+03   -5.105814E+04
   5.646039E+03    1.211369E+03   -5.105814E+04
   5.646039E+03    1.211244E+03   -5.105814E+04
   5.646352E+03    1.211244E+03   -5.105814E+04
   5.646664E+03    1.211244E+03   -5.105814E+04
   5.646664E+03    1.211369E+03   -5.105814E+04
   5.646664E+03    1.211494E+03   -5.105814E+04


   5.646039E+03    1.211494E+03   -6.561837E+04
   5.645727E+03    1.211494E+03   -6.561837E+04
   5.645414E+03    1.211494E+03   -6.561837E+04
   5.645414E+03    1.211369E+03   -6.561837E+04
   5.645414E+03    1.211244E+03   -6.561837E+04
   5.645727E+03    1.211244E+03   -6.561837E+04
   5.646039E+03    1.211244E+03   -6.561837E+04
   5.646039E+03    1.211369E+03   -6.561837E+04
   5.646039E+03    1.211494E+03   -6.561837E+04


   5.646664E+03    1.211744E+03   -1.735108E+04
   5.646352E+03    1.211744E+03   -1.735108E+04
   5.646039E+03    1.211744E+03   -1.735108E+04
   5.646039E+03    1.211619E+03   -1.735108E+04
   5.646039E+03    1.211494E+03   -1.735108E+04
   5.646352E+03    1.211494E+03   -1.735108E+04
   5.646664E+03    1.211494E+03   -1.735108E+04
   5.646664E+03    1.211619E+03   -1.735108E+04
   5.646664E+03    1.211744E+03   -1.735108E+04


   5.646039E+03    1.211744E+03   -2.221332E+04
   5.645727E+03    1.211744E+03   -2.221332E+04
   5.645414E+03    1.211744E+03   -2.221332E+04
   5.645414E+03    1.211619E+03   -2.221332E+04
   5.645414E+03    1.211494E+03   -2.221332E+04
   5.645727E+03    1.211494E+03   -2.221332E+04
   5.646039E+03    1.211494E+03   -2.221332E+04
   5.646039E+03    1.211619E+03   -2.221332E+04
   5.646039E+03    1.211744E+03   -2.221332E+04


   5.646664E+03    1.211994E+03    1.733954E+04
   5.646352E+03    1.211994E+03    1.733954E+04
   5.646039E+03    1.211994E+03    1.733954E+04
   5.646039E+03    1.211869E+03    1.733954E+04
   5.646039E+03    1.211744E+03    1.733954E+04
   5.646352E+03    1.211744E+03    1.733954E+04
   5.646664E+03    1.211744E+03    1.733954E+04
   5.646664E+03    1.211869E+03    1.733954E+04
   5.646664E+03    1.211994E+03    1.733954E+04


   5.646039E+03    1.211994E+03    2.220257E+04
   5.645727E+03    1.211994E+03    2.220257E+04
   5.645414E+03    1.211994E+03    2.220257E+04
   5.645414E+03    1.211869E+03    2.220257E+04
   5.645414E+03    1.211744E+03    2.220257E+04
   5.645727E+03    1.211744E+03    2.220257E+04
   5.646039E+03    1.211744E+03    2.220257E+04
   5.646039E+03    1.211869E+03    2.220257E+04
   5.646039E+03    1.211994E+03    2.220257E+04


   5.646664E+03    1.212244E+03    5.104702E+04
   5.646352E+03    1.212244E+03    5.104702E+04
   5.646039E+03    1.212244E+03    5.104702E+04
   5.646039E+03    1.212119E+03    5.104702E+04
   5.646039E+03    1.211994E+03    5.104702E+04
   5.646352E+03    1.211994E+03    5.104702E+04
   5.646664E+03    1.211994E+03    5.104702E+04
   5.646664E+03    1.212119E+03    5.104702E+04
   5.646664E+03    1.212244E+03    5.104702E+04


   5.646039E+03    1.212244E+03    6.560769E+04
   5.645727E+03    1.212244E+03    6.560769E+04
   5.645414E+03    1.212244E+03    6.560769E+04
   5.645414E+03    1.212119E+03    6.560769E+04
   5.645414E+03    1.211994E+03    6.560769E+04
   5.645727E+03    1.211994E+03    6.560769E+04
   5.646039E+03    1.211994E+03    6.560769E+04
   5.646039E+03    1.212119E+03    6.560769E+04
   5.646039E+03    1.212244E+03    6.560769E+04


   5.645414E+03    1.211494E+03   -8.129030E+04
   5.645102E+03    1.211494E+03   -8.129030E+04
   5.644789E+03    1.211494E+03   -8.129030E+04
   5.644789E+03    1.211369E+03   -8.129030E+04
   5.644789E+03    1.211244E+03   -8.129030E+04
   5.645102E+03    1.211244E+03   -8.129030E+04
   5.645414E+03    1.211244E+03   -8.129030E+04
   5.645414E+03    1.211369E+03   -8.129030E+04
   5.645414E+03    1.211494E+03   -8.129030E+04


   5.644789E+03    1.211494E+03   -9.785965E+04
   5.644477E+03    1.211494E+03   -9.785965E+04
   5.644164E+03    1.211494E+03   -9.785965E+04
   5.644164E+03    1.211369E+03   -9.785965E+04
   5.644164E+03    1.211244E+03   -9.785965E+04
   5.644477E+03    1.211244E+03   -9.785965E+04
   5.644789E+03    1.211244E+03   -9.785965E+04
   5.644789E+03    1.211369E+03   -9.785965E+04
   5.644789E+03    1.211494E+03   -9.785965E+04


   5.645414E+03    1.211744E+03   -2.743300E+04
   5.645102E+03    1.211744E+03   -2.743300E+04
   5.644789E+03    1.211744E+03   -2.743300E+04
   5.644789E+03    1.211619E+03   -2.743300E+04
   5.644789E+03    1.211494E+03   -2.743300E+04
   5.645102E+03    1.211494E+03   -2.743300E+04
   5.645414E+03    1.211494E+03   -2.743300E+04
   5.645414E+03    1.211619E+03   -2.743300E+04
   5.645414E+03    1.211744E+03   -2.743300E+04


   5.644789E+03    1.211744E+03   -3.293708E+04
   5.644477E+03    1.211744E+03   -3.293708E+04
   5.644164E+03    1.211744E+03   -3.293708E+04
   5.644164E+03    1.211619E+03   -3.293708E+04
   5.644164E+03    1.211494E+03   -3.293708E+04
   5.644477E+03    1.211494E+03   -3.293708E+04
   5.644789E+03    1.211494E+03   -3.293708E+04
   5.644789E+03    1.211619E+03   -3.293708E+04
   5.644789E+03    1.211744E+03   -3.293708E+04


   5.645414E+03    1.211994E+03    2.742168E+04
   5.645102E+03    1.211994E+03    2.742168E+04
   5.644789E+03    1.211994E+03    2.742168E+04
   5.644789E+03    1.211869E+03    2.742168E+04
   5.644789E+03    1.211744E+03    2.742168E+04
   5.645102E+03    1.211744E+03    2.742168E+04
   5.645414E+03    1.211744E+03    2.742168E+04
   5.645414E+03    1.211869E+03    2.742168E+04
   5.645414E+03    1.211994E+03    2.742168E+04


   5.644789E+03    1.211994E+03    3.292400E+04
   5.644477E+03    1.211994E+03    3.292400E+04
   5.644164E+03    1.211994E+03    3.292400E+04
   5.644164E+03    1.211869E+03    3.292400E+04
   5.644164E+03    1.211744E+03    3.292400E+04
   5.644477E+03    1.211744E+03    3.292400E+04
   5.644789E+03    1.211744E+03    3.292400E+04
   5.644789E+03    1.211869E+03    3.292400E+04
   5.644789E+03    1.211994E+03    3.292400E+04


   5.645414E+03    1.212244E+03    8.127958E+04
   5.645102E+03    1.212244E+03    8.127958E+04
   5.644789E+03    1.212244E+03    8.127958E+04
   5.644789E+03    1.212119E+03    8.127958E+04
   5.644789E+03    1.211994E+03    8.127958E+04
   5.645102E+03    1.211994E+03    8.127958E+04
   5.645414E+03    1.211994E+03    8.127958E+04
   5.645414E+03    1.212119E+03    8.127958E+04
   5.645414E+03    1.212244E+03    8.127958E+04


   5.644789E+03    1.212244E+03    9.784600E+04
   5.644477E+03    1.212244E+03    9.784600E+04
   5.644164E+03    1.212244E+03    9.784600E+04
   5.644164E+03    1.212119E+03    9.784600E+04
   5.644164E+03    1.211994E+03    9.784600E+04
   5.644477E+03    1.211994E+03    9.784600E+04
   5.644789E+03    1.211994E+03    9.784600E+04
   5.644789E+03    1.212119E+03    9.784600E+04
   5.644789E+03    1.212244E+03    9.784600E+04


   5.644164E+03    1.211494E+03   -1.151245E+05
   5.643852E+03    1.211494E+03   -1.151245E+05
   5.643539E+03    1.211494E+03   -1.151245E+05
   5.643539E+03    1.211369E+03   -1.151245E+05
   5.643539E+03    1.211244E+03   -1.151245E+05
   5.643852E+03    1.211244E+03   -1.151245E+05
   5.644164E+03    1.211244E+03   -1.151245E+05
   5.644164E+03    1.211369E+03   -1.151245E+05
   5.644164E+03    1.211494E+03   -1.151245E+05


   5.643539E+03    1.211494E+03   -1.329054E+05
   5.643227E+03    1.211494E+03   -1.329054E+05
   5.642914E+03    1.211494E+03   -1.329054E+05
   5.642914E+03    1.211369E+03   -1.329054E+05
   5.642914E+03    1.211244E+03   -1.329054E+05
   5.643227E+03    1.211244E+03   -1.329054E+05
   5.643539E+03    1.211244E+03   -1.329054E+05
   5.643539E+03    1.211369E+03   -1.329054E+05
   5.643539E+03    1.211494E+03   -1.329054E+05


   5.644164E+03    1.211744E+03   -3.865745E+04
   5.643852E+03    1.211744E+03   -3.865745E+04
   5.643539E+03    1.211744E+03   -3.865745E+04
   5.643539E+03    1.211619E+03   -3.865745E+04
   5.643539E+03    1.211494E+03   -3.865745E+04
   5.643852E+03    1.211494E+03   -3.865745E+04
   5.644164E+03    1.211494E+03   -3.865745E+04
   5.644164E+03    1.211619E+03   -3.865745E+04
   5.644164E+03    1.211744E+03   -3.865745E+04


   5.643539E+03    1.211744E+03   -4.453389E+04
   5.643227E+03    1.211744E+03   -4.453389E+04
   5.642914E+03    1.211744E+03   -4.453389E+04
   5.642914E+03    1.211619E+03   -4.453389E+04
   5.642914E+03    1.211494E+03   -4.453389E+04
   5.643227E+03    1.211494E+03   -4.453389E+04
   5.643539E+03    1.211494E+03   -4.453389E+04
   5.643539E+03    1.211619E+03   -4.453389E+04
   5.643539E+03    1.211744E+03   -4.453389E+04


   5.644164E+03    1.211994E+03    3.864425E+04
   5.643852E+03    1.211994E+03    3.864425E+04
   5.643539E+03    1.211994E+03    3.864425E+04
   5.643539E+03    1.211869E+03    3.864425E+04
   5.643539E+03    1.211744E+03    3.864425E+04
   5.643852E+03    1.211744E+03    3.864425E+04
   5.644164E+03    1.211744E+03    3.864425E+04
   5.644164E+03    1.211869E+03    3.864425E+04
   5.644164E+03    1.211994E+03    3.864425E+04


   5.643539E+03    1.211994E+03    4.452475E+04
   5.643227E+03    1.211994E+03    4.452475E+04
   5.642914E+03    1.211994E+03    4.452475E+04
   5.642914E+03    1.211869E+03    4.452475E+04
   5.642914E+03    1.211744E+03    4.452475E+04
   5.643227E+03    1.211744E+03    4.452475E+04
   5.643539E+03    1.211744E+03    4.452475E+04
   5.643539E+03    1.211869E+03    4.452475E+04
   5.643539E+03    1.211994E+03    4.452475E+04


   5.644164E+03    1.212244E+03    1.151121E+05
   5.643852E+03    1.212244E+03    1.151121E+05
   5.643539E+03    1.212244E+03    1.151121E+05
   5.643539E+03    1.212119E+03    1.151121E+05
   5.643539E+03    1.211994E+03    1.151121E+05
   5.643852E+03    1.211994E+03    1.151121E+05
   5.644164E+03    1.211994E+03    1.151121E+05
   5.644164E+03    1.212119E+03    1.151121E+05
   5.644164E+03    1.212244E+03    1.151121E+05


   5.643539E+03    1.212244E+03    1.328954E+05
   5.643227E+03    1.212244E+03    1.328954E+05
   5.642914E+03    1.212244E+03    1.328954E+05
   5.642914E+03    1.212119E+03    1.328954E+05
   5.642914E+03    1.211994E+03    1.328954E+05
   5.643227E+03    1.211994E+03    1.328954E+05
   5.643539E+03    1.211994E+03    1.328954E+05
   5.643539E+03    1.212119E+03    1.328954E+05
   5.643539E+03    1.212244E+03    1.328954E+05


   5.642914E+03    1.211494E+03   -1.510367E+05
   5.642602E+03    1.211494E+03   -1.510367E+05
   5.642289E+03    1.211494E+03   -1.510367E+05
   5.642289E+03    1.211369E+03   -1.510367E+05
   5.642289E+03    1.211244E+03   -1.510367E+05
   5.642602E+03    1.211244E+03   -1.510367E+05
   5.642914E+03    1.211244E+03   -1.510367E+05
   5.642914E+03    1.211369E+03   -1.510367E+05
   5.642914E+03    1.211494E+03   -1.510367E+05


   5.642289E+03    1.211494E+03   -1.693861E+05
   5.641977E+03    1.211494E+03   -1.693861E+05
   5.641664E+03    1.211494E+03   -1.693861E+05
   5.641664E+03    1.211369E+03   -1.693861E+05
   5.641664E+03    1.211244E+03   -1.693861E+05
   5.641977E+03    1.211244E+03   -1.693861E+05
   5.642289E+03    1.211244E+03   -1.693861E+05
   5.642289E+03    1.211369E+03   -1.693861E+05
   5.642289E+03    1.211494E+03   -1.693861E+05


   5.642914E+03    1.211744E+03   -5.051626E+04
   5.642602E+03    1.211744E+03   -5.051626E+04
   5.642289E+03    1.211744E+03   -5.051626E+04
   5.642289E+03    1.211619E+03   -5.051626E+04
   5.642289E+03    1.211494E+03   -5.051626E+04
   5.642602E+03    1.211494E+03   -5.051626E+04
   5.642914E+03    1.211494E+03   -5.051626E+04
   5.642914E+03    1.211619E+03   -5.051626E+04
   5.642914E+03    1.211744E+03   -5.051626E+04


   5.642289E+03    1.211744E+03   -5.656600E+04
   5.641977E+03    1.211744E+03   -5.656600E+04
   5.641664E+03    1.211744E+03   -5.656600E+04
   5.641664E+03    1.211619E+03   -5.656600E+04
   5.641664E+03    1.211494E+03   -5.656600E+04
   5.641977E+03    1.211494E+03   -5.656600E+04
   5.642289E+03    1.211494E+03   -5.656600E+04
   5.642289E+03    1.211619E+03   -5.656600E+04
   5.642289E+03    1.211744E+03   -5.656600E+04


   5.642914E+03    1.211994E+03    5.051575E+04
   5.642602E+03    1.211994E+03    5.051575E+04
   5.642289E+03    1.211994E+03    5.051575E+04
   5.642289E+03    1.211869E+03    5.051575E+04
   5.642289E+03    1.211744E+03    5.051575E+04
   5.642602E+03    1.211744E+03    5.051575E+04
   5.642914E+03    1.211744E+03    5.051575E+04
   5.642914E+03    1.211869E+03    5.051575E+04
   5.642914E+03    1.211994E+03    5.051575E+04


   5.642289E+03    1.211994E+03    5.657699E+04
   5.641977E+03    1.211994E+03    5.657699E+04
   5.641664E+03    1.211994E+03    5.657699E+04
   5.641664E+03    1.211869E+03    5.657699E+04
   5.641664E+03    1.211744E+03    5.657699E+04
   5.641977E+03    1.211744E+03    5.657699E+04
   5.642289E+03    1.211744E+03    5.657699E+04
   5.642289E+03    1.211869E+03    5.657699E+04
   5.642289E+03    1.211994E+03    5.657699E+04


   5.642914E+03    1.212244E+03    1.510362E+05
   5.642602E+03    1.212244E+03    1.510362E+05
   5.642289E+03    1.212244E+03    1.510362E+05
   5.642289E+03    1.212119E+03    1.510362E+05
   5.642289E+03    1.211994E+03    1.510362E+05
   5.642602E+03    1.211994E+03    1.510362E+05
   5.642914E+03    1.211994E+03    1.510362E+05
   5.642914E+03    1.212119E+03    1.510362E+05
   5.642914E+03    1.212244E+03    1.510362E+05


   5.642289E+03    1.212244E+03    1.693982E+05
   5.641977E+03    1.212244E+03    1.693982E+05
   5.641664E+03    1.212244E+03    1.693982E+05
   5.641664E+03    1.212119E+03    1.693982E+05
   5.641664E+03    1.211994E+03    1.693982E+05
   5.641977E+03    1.211994E+03    1.693982E+05
   5.642289E+03    1.211994E+03    1.693982E+05
   5.642289E+03    1.212119E+03    1.693982E+05
   5.642289E+03    1.212244E+03    1.693982E+05


   5.641664E+03    1.211494E+03   -1.878450E+05
   5.641352E+03    1.211494E+03   -1.878450E+05
   5.641039E+03    1.211494E+03   -1.878450E+05
   5.641039E+03    1.211369E+03   -1.878450E+05
   5.641039E+03    1.211244E+03   -1.878450E+05
   5.641352E+03    1.211244E+03   -1.878450E+05
   5.641664E+03    1.211244E+03   -1.878450E+05
   5.641664E+03    1.211369E+03   -1.878450E+05
   5.641664E+03    1.211494E+03   -1.878450E+05


   5.641039E+03    1.211494E+03   -2.063353E+05
   5.640727E+03    1.211494E+03   -2.063353E+05
   5.640414E+03    1.211494E+03   -2.063353E+05
   5.640414E+03    1.211369E+03   -2.063353E+05
   5.640414E+03    1.211244E+03   -2.063353E+05
   5.640727E+03    1.211244E+03   -2.063353E+05
   5.641039E+03    1.211244E+03   -2.063353E+05
   5.641039E+03    1.211369E+03   -2.063353E+05
   5.641039E+03    1.211494E+03   -2.063353E+05


   5.641664E+03    1.211744E+03   -6.265779E+04
   5.641352E+03    1.211744E+03   -6.265779E+04
   5.641039E+03    1.211744E+03   -6.265779E+04
   5.641039E+03    1.211619E+03   -6.265779E+04
   5.641039E+03    1.211494E+03   -6.265779E+04
   5.641352E+03    1.211494E+03   -6.265779E+04
   5.641664E+03    1.211494E+03   -6.265779E+04
   5.641664E+03    1.211619E+03   -6.265779E+04
   5.641664E+03    1.211744E+03   -6.265779E+04


   5.641039E+03    1.211744E+03   -6.877884E+04
   5.640727E+03    1.211744E+03   -6.877884E+04
   5.640414E+03    1.211744E+03   -6.877884E+04
   5.640414E+03    1.211619E+03   -6.877884E+04
   5.640414E+03    1.211494E+03   -6.877884E+04
   5.640727E+03    1.211494E+03   -6.877884E+04
   5.641039E+03    1.211494E+03   -6.877884E+04
   5.641039E+03    1.211619E+03   -6.877884E+04
   5.641039E+03    1.211744E+03   -6.877884E+04


   5.641664E+03    1.211994E+03    6.267915E+04
   5.641352E+03    1.211994E+03    6.267915E+04
   5.641039E+03    1.211994E+03    6.267915E+04
   5.641039E+03    1.211869E+03    6.267915E+04
   5.641039E+03    1.211744E+03    6.267915E+04
   5.641352E+03    1.211744E+03    6.267915E+04
   5.641664E+03    1.211744E+03    6.267915E+04
   5.641664E+03    1.211869E+03    6.267915E+04
   5.641664E+03    1.211994E+03    6.267915E+04


   5.641039E+03    1.211994E+03    6.880706E+04
   5.640727E+03    1.211994E+03    6.880706E+04
   5.640414E+03    1.211994E+03    6.880706E+04
   5.640414E+03    1.211869E+03    6.880706E+04
   5.640414E+03    1.211744E+03    6.880706E+04
   5.640727E+03    1.211744E+03    6.880706E+04
   5.641039E+03    1.211744E+03    6.880706E+04
   5.641039E+03    1.211869E+03    6.880706E+04
   5.641039E+03    1.211994E+03    6.880706E+04


   5.641664E+03    1.212244E+03    1.878652E+05
   5.641352E+03    1.212244E+03    1.878652E+05
   5.641039E+03    1.212244E+03    1.878652E+05
   5.641039E+03    1.212119E+03    1.878652E+05
   5.641039E+03    1.211994E+03    1.878652E+05
   5.641352E+03    1.211994E+03    1.878652E+05
   5.641664E+03    1.211994E+03    1.878652E+05
   5.641664E+03    1.212119E+03    1.878652E+05
   5.641664E+03    1.212244E+03    1.878652E+05


   5.641039E+03    1.212244E+03    2.063635E+05
   5.640727E+03    1.212244E+03    2.063635E+05
   5.640414E+03    1.212244E+03    2.063635E+05
   5.640414E+03    1.212119E+03    2.063635E+05
   5.640414E+03    1.211994E+03    2.063635E+05
   5.640727E+03    1.211994E+03    2.063635E+05
   5.641039E+03    1.211994E+03    2.063635E+05
   5.641039E+03    1.212119E+03    2.063635E+05
   5.641039E+03    1.212244E+03    2.063635E+05


