   5.650414E+03    1.211494E+03    8.996799E+03
   5.650102E+03    1.211494E+03    8.996799E+03
   5.649789E+03    1.211494E+03    8.996799E+03
   5.649789E+03    1.211369E+03    8.996799E+03
   5.649789E+03    1.211244E+03    8.996799E+03
   5.650102E+03    1.211244E+03    8.996799E+03
   5.650414E+03    1.211244E+03    8.996799E+03
   5.650414E+03    1.211369E+03    8.996799E+03
   5.650414E+03    1.211494E+03    8.996799E+03


   5.649789E+03    1.211494E+03    7.737715E+03
   5.649477E+03    1.211494E+03    7.737715E+03
   5.649164E+03    1.211494E+03    7.737715E+03
   5.649164E+03    1.211369E+03    7.737715E+03
   5.649164E+03    1.211244E+03    7.737715E+03
   5.649477E+03    1.211244E+03    7.737715E+03
   5.649789E+03    1.211244E+03    7.737715E+03
   5.649789E+03    1.211369E+03    7.737715E+03
   5.649789E+03    1.211494E+03    7.737715E+03


   5.650414E+03    1.211744E+03    2.632761E+03
   5.650102E+03    1.211744E+03    2.632761E+03
   5.649789E+03    1.211744E+03    2.632761E+03
   5.649789E+03    1.211619E+03    2.632761E+03
   5.649789E+03    1.211494E+03    2.632761E+03
   5.650102E+03    1.211494E+03    2.632761E+03
   5.650414E+03    1.211494E+03    2.632761E+03
   5.650414E+03    1.211619E+03    2.632761E+03
   5.650414E+03    1.211744E+03    2.632761E+03


   5.649789E+03    1.211744E+03    2.065440E+03
   5.649477E+03    1.211744E+03    2.065440E+03
   5.649164E+03    1.211744E+03    2.065440E+03
   5.649164E+03    1.211619E+03    2.065440E+03
   5.649164E+03    1.211494E+03    2.065440E+03
   5.649477E+03    1.211494E+03    2.065440E+03
   5.649789E+03    1.211494E+03    2.065440E+03
   5.649789E+03    1.211619E+03    2.065440E+03
   5.649789E+03    1.211744E+03    2.065440E+03


   5.650414E+03    1.211994E+03   -2.631328E+03
   5.650102E+03    1.211994E+03   -2.631328E+03
   5.649789E+03    1.211994E+03   -2.631328E+03
   5.649789E+03    1.211869E+03   -2.631328E+03
   5.649789E+03    1.211744E+03   -2.631328E+03
   5.650102E+03    1.211744E+03   -2.631328E+03
   5.650414E+03    1.211744E+03   -2.631328E+03
   5.650414E+03    1.211869E+03   -2.631328E+03
   5.650414E+03    1.211994E+03   -2.631328E+03


   5.649789E+03    1.211994E+03   -2.063465E+03
   5.649477E+03    1.211994E+03   -2.063465E+03
   5.649164E+03    1.211994E+03   -2.063465E+03
   5.649164E+03    1.211869E+03   -2.063465E+03
   5.649164E+03    1.211744E+03   -2.063465E+03
   5.649477E+03    1.211744E+03   -2.063465E+03
   5.649789E+03    1.211744E+03   -2.063465E+03
   5.649789E+03    1.211869E+03   -2.063465E+03
   5.649789E+03    1.211994E+03   -2.063465E+03


   5.650414E+03    1.212244E+03   -8.995190E+03
   5.650102E+03    1.212244E+03   -8.995190E+03
   5.649789E+03    1.212244E+03   -8.995190E+03
   5.649789E+03    1.212119E+03   -8.995190E+03
   5.649789E+03    1.211994E+03   -8.995190E+03
   5.650102E+03    1.211994E+03   -8.995190E+03
   5.650414E+03    1.211994E+03   -8.995190E+03
   5.650414E+03    1.212119E+03   -8.995190E+03
   5.650414E+03    1.212244E+03   -8.995190E+03


   5.649789E+03    1.212244E+03   -7.735535E+03
   5.649477E+03    1.212244E+03   -7.735535E+03
   5.649164E+03    1.212244E+03   -7.735535E+03
   5.649164E+03    1.212119E+03   -7.735535E+03
   5.649164E+03    1.211994E+03   -7.735535E+03
   5.649477E+03    1.211994E+03   -7.735535E+03
   5.649789E+03    1.211994E+03   -7.735535E+03
   5.649789E+03    1.212119E+03   -7.735535E+03
   5.649789E+03    1.212244E+03   -7.735535E+03


   5.649164E+03    1.211494E+03    5.699216E+03
   5.648852E+03    1.211494E+03    5.699216E+03
   5.648539E+03    1.211494E+03    5.699216E+03
   5.648539E+03    1.211369E+03    5.699216E+03
   5.648539E+03    1.211244E+03    5.699216E+03
   5.648852E+03    1.211244E+03    5.699216E+03
   5.649164E+03    1.211244E+03    5.699216E+03
   5.649164E+03    1.211369E+03    5.699216E+03
   5.649164E+03    1.211494E+03    5.699216E+03


   5.648539E+03    1.211494E+03    2.949753E+03
   5.648227E+03    1.211494E+03    2.949753E+03
   5.647914E+03    1.211494E+03    2.949753E+03
   5.647914E+03    1.211369E+03    2.949753E+03
   5.647914E+03    1.211244E+03    2.949753E+03
   5.648227E+03    1.211244E+03    2.949753E+03
   5.648539E+03    1.211244E+03    2.949753E+03
   5.648539E+03    1.211369E+03    2.949753E+03
   5.648539E+03    1.211494E+03    2.949753E+03


   5.649164E+03    1.211744E+03    1.240580E+03
   5.648852E+03    1.211744E+03    1.240580E+03
   5.648539E+03    1.211744E+03    1.240580E+03
   5.648539E+03    1.211619E+03    1.240580E+03
   5.648539E+03    1.211494E+03    1.240580E+03
   5.648852E+03    1.211494E+03    1.240580E+03
   5.649164E+03    1.211494E+03    1.240580E+03
   5.649164E+03    1.211619E+03    1.240580E+03
   5.649164E+03    1.211744E+03    1.240580E+03


   5.648539E+03    1.211744E+03    1.860949E+02
   5.648227E+03    1.211744E+03    1.860949E+02
   5.647914E+03    1.211744E+03    1.860949E+02
   5.647914E+03    1.211619E+03    1.860949E+02
   5.647914E+03    1.211494E+03    1.860949E+02
   5.648227E+03    1.211494E+03    1.860949E+02
   5.648539E+03    1.211494E+03    1.860949E+02
   5.648539E+03    1.211619E+03    1.860949E+02
   5.648539E+03    1.211744E+03    1.860949E+02


   5.649164E+03    1.211994E+03   -1.239588E+03
   5.648852E+03    1.211994E+03   -1.239588E+03
   5.648539E+03    1.211994E+03   -1.239588E+03
   5.648539E+03    1.211869E+03   -1.239588E+03
   5.648539E+03    1.211744E+03   -1.239588E+03
   5.648852E+03    1.211744E+03   -1.239588E+03
   5.649164E+03    1.211744E+03   -1.239588E+03
   5.649164E+03    1.211869E+03   -1.239588E+03
   5.649164E+03    1.211994E+03   -1.239588E+03


   5.648539E+03    1.211994E+03   -1.866925E+02
   5.648227E+03    1.211994E+03   -1.866925E+02
   5.647914E+03    1.211994E+03   -1.866925E+02
   5.647914E+03    1.211869E+03   -1.866925E+02
   5.647914E+03    1.211744E+03   -1.866925E+02
   5.648227E+03    1.211744E+03   -1.866925E+02
   5.648539E+03    1.211744E+03   -1.866925E+02
   5.648539E+03    1.211869E+03   -1.866925E+02
   5.648539E+03    1.211994E+03   -1.866925E+02


   5.649164E+03    1.212244E+03   -5.698004E+03
   5.648852E+03    1.212244E+03   -5.698004E+03
   5.648539E+03    1.212244E+03   -5.698004E+03
   5.648539E+03    1.212119E+03   -5.698004E+03
   5.648539E+03    1.211994E+03   -5.698004E+03
   5.648852E+03    1.211994E+03   -5.698004E+03
   5.649164E+03    1.211994E+03   -5.698004E+03
   5.649164E+03    1.212119E+03   -5.698004E+03
   5.649164E+03    1.212244E+03   -5.698004E+03


   5.648539E+03    1.212244E+03   -2.950112E+03
   5.648227E+03    1.212244E+03   -2.950112E+03
   5.647914E+03    1.212244E+03   -2.950112E+03
   5.647914E+03    1.212119E+03   -2.950112E+03
   5.647914E+03    1.211994E+03   -2.950112E+03
   5.648227E+03    1.211994E+03   -2.950112E+03
   5.648539E+03    1.211994E+03   -2.950112E+03
   5.648539E+03    1.212119E+03   -2.950112E+03
   5.648539E+03    1.212244E+03   -2.950112E+03


   5.647914E+03    1.211494E+03   -4.458451E+02
   5.647602E+03    1.211494E+03   -4.458451E+02
   5.647289E+03    1.211494E+03   -4.458451E+02
   5.647289E+03    1.211369E+03   -4.458451E+02
   5.647289E+03    1.211244E+03   -4.458451E+02
   5.647602E+03    1.211244E+03   -4.458451E+02
   5.647914E+03    1.211244E+03   -4.458451E+02
   5.647914E+03    1.211369E+03   -4.458451E+02
   5.647914E+03    1.211494E+03   -4.458451E+02


   5.647289E+03    1.211494E+03   -4.426048E+03
   5.646977E+03    1.211494E+03   -4.426048E+03
   5.646664E+03    1.211494E+03   -4.426048E+03
   5.646664E+03    1.211369E+03   -4.426048E+03
   5.646664E+03    1.211244E+03   -4.426048E+03
   5.646977E+03    1.211244E+03   -4.426048E+03
   5.647289E+03    1.211244E+03   -4.426048E+03
   5.647289E+03    1.211369E+03   -4.426048E+03
   5.647289E+03    1.211494E+03   -4.426048E+03


   5.647914E+03    1.211744E+03   -1.069364E+03
   5.647602E+03    1.211744E+03   -1.069364E+03
   5.647289E+03    1.211744E+03   -1.069364E+03
   5.647289E+03    1.211619E+03   -1.069364E+03
   5.647289E+03    1.211494E+03   -1.069364E+03
   5.647602E+03    1.211494E+03   -1.069364E+03
   5.647914E+03    1.211494E+03   -1.069364E+03
   5.647914E+03    1.211619E+03   -1.069364E+03
   5.647914E+03    1.211744E+03   -1.069364E+03


   5.647289E+03    1.211744E+03   -2.497330E+03
   5.646977E+03    1.211744E+03   -2.497330E+03
   5.646664E+03    1.211744E+03   -2.497330E+03
   5.646664E+03    1.211619E+03   -2.497330E+03
   5.646664E+03    1.211494E+03   -2.497330E+03
   5.646977E+03    1.211494E+03   -2.497330E+03
   5.647289E+03    1.211494E+03   -2.497330E+03
   5.647289E+03    1.211619E+03   -2.497330E+03
   5.647289E+03    1.211744E+03   -2.497330E+03


   5.647914E+03    1.211994E+03    1.067702E+03
   5.647602E+03    1.211994E+03    1.067702E+03
   5.647289E+03    1.211994E+03    1.067702E+03
   5.647289E+03    1.211869E+03    1.067702E+03
   5.647289E+03    1.211744E+03    1.067702E+03
   5.647602E+03    1.211744E+03    1.067702E+03
   5.647914E+03    1.211744E+03    1.067702E+03
   5.647914E+03    1.211869E+03    1.067702E+03
   5.647914E+03    1.211994E+03    1.067702E+03


   5.647289E+03    1.211994E+03    2.494875E+03
   5.646977E+03    1.211994E+03    2.494875E+03
   5.646664E+03    1.211994E+03    2.494875E+03
   5.646664E+03    1.211869E+03    2.494875E+03
   5.646664E+03    1.211744E+03    2.494875E+03
   5.646977E+03    1.211744E+03    2.494875E+03
   5.647289E+03    1.211744E+03    2.494875E+03
   5.647289E+03    1.211869E+03    2.494875E+03
   5.647289E+03    1.211994E+03    2.494875E+03


   5.647914E+03    1.212244E+03    4.444366E+02
   5.647602E+03    1.212244E+03    4.444366E+02
   5.647289E+03    1.212244E+03    4.444366E+02
   5.647289E+03    1.212119E+03    4.444366E+02
   5.647289E+03    1.211994E+03    4.444366E+02
   5.647602E+03    1.211994E+03    4.444366E+02
   5.647914E+03    1.211994E+03    4.444366E+02
   5.647914E+03    1.212119E+03    4.444366E+02
   5.647914E+03    1.212244E+03    4.444366E+02


   5.647289E+03    1.212244E+03    4.423772E+03
   5.646977E+03    1.212244E+03    4.423772E+03
   5.646664E+03    1.212244E+03    4.423772E+03
   5.646664E+03    1.212119E+03    4.423772E+03
   5.646664E+03    1.211994E+03    4.423772E+03
   5.646977E+03    1.211994E+03    4.423772E+03
   5.647289E+03    1.211994E+03    4.423772E+03
   5.647289E+03    1.212119E+03    4.423772E+03
   5.647289E+03    1.212244E+03    4.423772E+03


   5.646664E+03    1.211494E+03   -8.930823E+03
   5.646352E+03    1.211494E+03   -8.930823E+03
   5.646039E+03    1.211494E+03   -8.930823E+03
   5.646039E+03    1.211369E+03   -8.930823E+03
   5.646039E+03    1.211244E+03   -8.930823E+03
   5.646352E+03    1.211244E+03   -8.930823E+03
   5.646664E+03    1.211244E+03   -8.930823E+03
   5.646664E+03    1.211369E+03   -8.930823E+03
   5.646664E+03    1.211494E+03   -8.930823E+03


   5.646039E+03    1.211494E+03   -1.390029E+04
   5.645727E+03    1.211494E+03   -1.390029E+04
   5.645414E+03    1.211494E+03   -1.390029E+04
   5.645414E+03    1.211369E+03   -1.390029E+04
   5.645414E+03    1.211244E+03   -1.390029E+04
   5.645727E+03    1.211244E+03   -1.390029E+04
   5.646039E+03    1.211244E+03   -1.390029E+04
   5.646039E+03    1.211369E+03   -1.390029E+04
   5.646039E+03    1.211494E+03   -1.390029E+04


   5.646664E+03    1.211744E+03   -4.069496E+03
   5.646352E+03    1.211744E+03   -4.069496E+03
   5.646039E+03    1.211744E+03   -4.069496E+03
   5.646039E+03    1.211619E+03   -4.069496E+03
   5.646039E+03    1.211494E+03   -4.069496E+03
   5.646352E+03    1.211494E+03   -4.069496E+03
   5.646664E+03    1.211494E+03   -4.069496E+03
   5.646664E+03    1.211619E+03   -4.069496E+03
   5.646664E+03    1.211744E+03   -4.069496E+03


   5.646039E+03    1.211744E+03   -5.757080E+03
   5.645727E+03    1.211744E+03   -5.757080E+03
   5.645414E+03    1.211744E+03   -5.757080E+03
   5.645414E+03    1.211619E+03   -5.757080E+03
   5.645414E+03    1.211494E+03   -5.757080E+03
   5.645727E+03    1.211494E+03   -5.757080E+03
   5.646039E+03    1.211494E+03   -5.757080E+03
   5.646039E+03    1.211619E+03   -5.757080E+03
   5.646039E+03    1.211744E+03   -5.757080E+03


   5.646664E+03    1.211994E+03    4.066427E+03
   5.646352E+03    1.211994E+03    4.066427E+03
   5.646039E+03    1.211994E+03    4.066427E+03
   5.646039E+03    1.211869E+03    4.066427E+03
   5.646039E+03    1.211744E+03    4.066427E+03
   5.646352E+03    1.211744E+03    4.066427E+03
   5.646664E+03    1.211744E+03    4.066427E+03
   5.646664E+03    1.211869E+03    4.066427E+03
   5.646664E+03    1.211994E+03    4.066427E+03


   5.646039E+03    1.211994E+03    5.754193E+03
   5.645727E+03    1.211994E+03    5.754193E+03
   5.645414E+03    1.211994E+03    5.754193E+03
   5.645414E+03    1.211869E+03    5.754193E+03
   5.645414E+03    1.211744E+03    5.754193E+03
   5.645727E+03    1.211744E+03    5.754193E+03
   5.646039E+03    1.211744E+03    5.754193E+03
   5.646039E+03    1.211869E+03    5.754193E+03
   5.646039E+03    1.211994E+03    5.754193E+03


   5.646664E+03    1.212244E+03    8.928120E+03
   5.646352E+03    1.212244E+03    8.928120E+03
   5.646039E+03    1.212244E+03    8.928120E+03
   5.646039E+03    1.212119E+03    8.928120E+03
   5.646039E+03    1.211994E+03    8.928120E+03
   5.646352E+03    1.211994E+03    8.928120E+03
   5.646664E+03    1.211994E+03    8.928120E+03
   5.646664E+03    1.212119E+03    8.928120E+03
   5.646664E+03    1.212244E+03    8.928120E+03


   5.646039E+03    1.212244E+03    1.389765E+04
   5.645727E+03    1.212244E+03    1.389765E+04
   5.645414E+03    1.212244E+03    1.389765E+04
   5.645414E+03    1.212119E+03    1.389765E+04
   5.645414E+03    1.211994E+03    1.389765E+04
   5.645727E+03    1.211994E+03    1.389765E+04
   5.646039E+03    1.211994E+03    1.389765E+04
   5.646039E+03    1.212119E+03    1.389765E+04
   5.646039E+03    1.212244E+03    1.389765E+04


   5.645414E+03    1.211494E+03   -1.927326E+04
   5.645102E+03    1.211494E+03   -1.927326E+04
   5.644789E+03    1.211494E+03   -1.927326E+04
   5.644789E+03    1.211369E+03   -1.927326E+04
   5.644789E+03    1.211244E+03   -1.927326E+04
   5.645102E+03    1.211244E+03   -1.927326E+04
   5.645414E+03    1.211244E+03   -1.927326E+04
   5.645414E+03    1.211369E+03   -1.927326E+04
   5.645414E+03    1.211494E+03   -1.927326E+04


   5.644789E+03    1.211494E+03   -2.498505E+04
   5.644477E+03    1.211494E+03   -2.498505E+04
   5.644164E+03    1.211494E+03   -2.498505E+04
   5.644164E+03    1.211369E+03   -2.498505E+04
   5.644164E+03    1.211244E+03   -2.498505E+04
   5.644477E+03    1.211244E+03   -2.498505E+04
   5.644789E+03    1.211244E+03   -2.498505E+04
   5.644789E+03    1.211369E+03   -2.498505E+04
   5.644789E+03    1.211494E+03   -2.498505E+04


   5.645414E+03    1.211744E+03   -7.533507E+03
   5.645102E+03    1.211744E+03   -7.533507E+03
   5.644789E+03    1.211744E+03   -7.533507E+03
   5.644789E+03    1.211619E+03   -7.533507E+03
   5.644789E+03    1.211494E+03   -7.533507E+03
   5.645102E+03    1.211494E+03   -7.533507E+03
   5.645414E+03    1.211494E+03   -7.533507E+03
   5.645414E+03    1.211619E+03   -7.533507E+03
   5.645414E+03    1.211744E+03   -7.533507E+03


   5.644789E+03    1.211744E+03   -9.372846E+03
   5.644477E+03    1.211744E+03   -9.372846E+03
   5.644164E+03    1.211744E+03   -9.372846E+03
   5.644164E+03    1.211619E+03   -9.372846E+03
   5.644164E+03    1.211494E+03   -9.372846E+03
   5.644477E+03    1.211494E+03   -9.372846E+03
   5.644789E+03    1.211494E+03   -9.372846E+03
   5.644789E+03    1.211619E+03   -9.372846E+03
   5.644789E+03    1.211744E+03   -9.372846E+03


   5.645414E+03    1.211994E+03    7.530390E+03
   5.645102E+03    1.211994E+03    7.530390E+03
   5.644789E+03    1.211994E+03    7.530390E+03
   5.644789E+03    1.211869E+03    7.530390E+03
   5.644789E+03    1.211744E+03    7.530390E+03
   5.645102E+03    1.211744E+03    7.530390E+03
   5.645414E+03    1.211744E+03    7.530390E+03
   5.645414E+03    1.211869E+03    7.530390E+03
   5.645414E+03    1.211994E+03    7.530390E+03


   5.644789E+03    1.211994E+03    9.369146E+03
   5.644477E+03    1.211994E+03    9.369146E+03
   5.644164E+03    1.211994E+03    9.369146E+03
   5.644164E+03    1.211869E+03    9.369146E+03
   5.644164E+03    1.211744E+03    9.369146E+03
   5.644477E+03    1.211744E+03    9.369146E+03
   5.644789E+03    1.211744E+03    9.369146E+03
   5.644789E+03    1.211869E+03    9.369146E+03
   5.644789E+03    1.211994E+03    9.369146E+03


   5.645414E+03    1.212244E+03    1.927052E+04
   5.645102E+03    1.212244E+03    1.927052E+04
   5.644789E+03    1.212244E+03    1.927052E+04
   5.644789E+03    1.212119E+03    1.927052E+04
   5.644789E+03    1.211994E+03    1.927052E+04
   5.645102E+03    1.211994E+03    1.927052E+04
   5.645414E+03    1.211994E+03    1.927052E+04
   5.645414E+03    1.212119E+03    1.927052E+04
   5.645414E+03    1.212244E+03    1.927052E+04


   5.644789E+03    1.212244E+03    2.498137E+04
   5.644477E+03    1.212244E+03    2.498137E+04
   5.644164E+03    1.212244E+03    2.498137E+04
   5.644164E+03    1.212119E+03    2.498137E+04
   5.644164E+03    1.211994E+03    2.498137E+04
   5.644477E+03    1.211994E+03    2.498137E+04
   5.644789E+03    1.211994E+03    2.498137E+04
   5.644789E+03    1.212119E+03    2.498137E+04
   5.644789E+03    1.212244E+03    2.498137E+04


   5.644164E+03    1.211494E+03   -3.096484E+04
   5.643852E+03    1.211494E+03   -3.096484E+04
   5.643539E+03    1.211494E+03   -3.096484E+04
   5.643539E+03    1.211369E+03   -3.096484E+04
   5.643539E+03    1.211244E+03   -3.096484E+04
   5.643852E+03    1.211244E+03   -3.096484E+04
   5.644164E+03    1.211244E+03   -3.096484E+04
   5.644164E+03    1.211369E+03   -3.096484E+04
   5.644164E+03    1.211494E+03   -3.096484E+04


   5.643539E+03    1.211494E+03   -3.713589E+04
   5.643227E+03    1.211494E+03   -3.713589E+04
   5.642914E+03    1.211494E+03   -3.713589E+04
   5.642914E+03    1.211369E+03   -3.713589E+04
   5.642914E+03    1.211244E+03   -3.713589E+04
   5.643227E+03    1.211244E+03   -3.713589E+04
   5.643539E+03    1.211244E+03   -3.713589E+04
   5.643539E+03    1.211369E+03   -3.713589E+04
   5.643539E+03    1.211494E+03   -3.713589E+04


   5.644164E+03    1.211744E+03   -1.125094E+04
   5.643852E+03    1.211744E+03   -1.125094E+04
   5.643539E+03    1.211744E+03   -1.125094E+04
   5.643539E+03    1.211619E+03   -1.125094E+04
   5.643539E+03    1.211494E+03   -1.125094E+04
   5.643852E+03    1.211494E+03   -1.125094E+04
   5.644164E+03    1.211494E+03   -1.125094E+04
   5.644164E+03    1.211619E+03   -1.125094E+04
   5.644164E+03    1.211744E+03   -1.125094E+04


   5.643539E+03    1.211744E+03   -1.314663E+04
   5.643227E+03    1.211744E+03   -1.314663E+04
   5.642914E+03    1.211744E+03   -1.314663E+04
   5.642914E+03    1.211619E+03   -1.314663E+04
   5.642914E+03    1.211494E+03   -1.314663E+04
   5.643227E+03    1.211494E+03   -1.314663E+04
   5.643539E+03    1.211494E+03   -1.314663E+04
   5.643539E+03    1.211619E+03   -1.314663E+04
   5.643539E+03    1.211744E+03   -1.314663E+04


   5.644164E+03    1.211994E+03    1.124715E+04
   5.643852E+03    1.211994E+03    1.124715E+04
   5.643539E+03    1.211994E+03    1.124715E+04
   5.643539E+03    1.211869E+03    1.124715E+04
   5.643539E+03    1.211744E+03    1.124715E+04
   5.643852E+03    1.211744E+03    1.124715E+04
   5.644164E+03    1.211744E+03    1.124715E+04
   5.644164E+03    1.211869E+03    1.124715E+04
   5.644164E+03    1.211994E+03    1.124715E+04


   5.643539E+03    1.211994E+03    1.314400E+04
   5.643227E+03    1.211994E+03    1.314400E+04
   5.642914E+03    1.211994E+03    1.314400E+04
   5.642914E+03    1.211869E+03    1.314400E+04
   5.642914E+03    1.211744E+03    1.314400E+04
   5.643227E+03    1.211744E+03    1.314400E+04
   5.643539E+03    1.211744E+03    1.314400E+04
   5.643539E+03    1.211869E+03    1.314400E+04
   5.643539E+03    1.211994E+03    1.314400E+04


   5.644164E+03    1.212244E+03    3.096145E+04
   5.643852E+03    1.212244E+03    3.096145E+04
   5.643539E+03    1.212244E+03    3.096145E+04
   5.643539E+03    1.212119E+03    3.096145E+04
   5.643539E+03    1.211994E+03    3.096145E+04
   5.643852E+03    1.211994E+03    3.096145E+04
   5.644164E+03    1.211994E+03    3.096145E+04
   5.644164E+03    1.212119E+03    3.096145E+04
   5.644164E+03    1.212244E+03    3.096145E+04


   5.643539E+03    1.212244E+03    3.713312E+04
   5.643227E+03    1.212244E+03    3.713312E+04
   5.642914E+03    1.212244E+03    3.713312E+04
   5.642914E+03    1.212119E+03    3.713312E+04
   5.642914E+03    1.211994E+03    3.713312E+04
   5.643227E+03    1.211994E+03    3.713312E+04
   5.643539E+03    1.211994E+03    3.713312E+04
   5.643539E+03    1.212119E+03    3.713312E+04
   5.643539E+03    1.212244E+03    3.713312E+04


   5.642914E+03    1.211494E+03   -4.340955E+04
   5.642602E+03    1.211494E+03   -4.340955E+04
   5.642289E+03    1.211494E+03   -4.340955E+04
   5.642289E+03    1.211369E+03   -4.340955E+04
   5.642289E+03    1.211244E+03   -4.340955E+04
   5.642602E+03    1.211244E+03   -4.340955E+04
   5.642914E+03    1.211244E+03   -4.340955E+04
   5.642914E+03    1.211369E+03   -4.340955E+04
   5.642914E+03    1.211494E+03   -4.340955E+04


   5.642289E+03    1.211494E+03   -4.968811E+04
   5.641977E+03    1.211494E+03   -4.968811E+04
   5.641664E+03    1.211494E+03   -4.968811E+04
   5.641664E+03    1.211369E+03   -4.968811E+04
   5.641664E+03    1.211244E+03   -4.968811E+04
   5.641977E+03    1.211244E+03   -4.968811E+04
   5.642289E+03    1.211244E+03   -4.968811E+04
   5.642289E+03    1.211369E+03   -4.968811E+04
   5.642289E+03    1.211494E+03   -4.968811E+04


   5.642914E+03    1.211744E+03   -1.504277E+04
   5.642602E+03    1.211744E+03   -1.504277E+04
   5.642289E+03    1.211744E+03   -1.504277E+04
   5.642289E+03    1.211619E+03   -1.504277E+04
   5.642289E+03    1.211494E+03   -1.504277E+04
   5.642602E+03    1.211494E+03   -1.504277E+04
   5.642914E+03    1.211494E+03   -1.504277E+04
   5.642914E+03    1.211619E+03   -1.504277E+04
   5.642914E+03    1.211744E+03   -1.504277E+04


   5.642289E+03    1.211744E+03   -1.692714E+04
   5.641977E+03    1.211744E+03   -1.692714E+04
   5.641664E+03    1.211744E+03   -1.692714E+04
   5.641664E+03    1.211619E+03   -1.692714E+04
   5.641664E+03    1.211494E+03   -1.692714E+04
   5.641977E+03    1.211494E+03   -1.692714E+04
   5.642289E+03    1.211494E+03   -1.692714E+04
   5.642289E+03    1.211619E+03   -1.692714E+04
   5.642289E+03    1.211744E+03   -1.692714E+04


   5.642914E+03    1.211994E+03    1.504269E+04
   5.642602E+03    1.211994E+03    1.504269E+04
   5.642289E+03    1.211994E+03    1.504269E+04
   5.642289E+03    1.211869E+03    1.504269E+04
   5.642289E+03    1.211744E+03    1.504269E+04
   5.642602E+03    1.211744E+03    1.504269E+04
   5.642914E+03    1.211744E+03    1.504269E+04
   5.642914E+03    1.211869E+03    1.504269E+04
   5.642914E+03    1.211994E+03    1.504269E+04


   5.642289E+03    1.211994E+03    1.693047E+04
   5.641977E+03    1.211994E+03    1.693047E+04
   5.641664E+03    1.211994E+03    1.693047E+04
   5.641664E+03    1.211869E+03    1.693047E+04
   5.641664E+03    1.211744E+03    1.693047E+04
   5.641977E+03    1.211744E+03    1.693047E+04
   5.642289E+03    1.211744E+03    1.693047E+04
   5.642289E+03    1.211869E+03    1.693047E+04
   5.642289E+03    1.211994E+03    1.693047E+04


   5.642914E+03    1.212244E+03    4.340955E+04
   5.642602E+03    1.212244E+03    4.340955E+04
   5.642289E+03    1.212244E+03    4.340955E+04
   5.642289E+03    1.212119E+03    4.340955E+04
   5.642289E+03    1.211994E+03    4.340955E+04
   5.642602E+03    1.211994E+03    4.340955E+04
   5.642914E+03    1.211994E+03    4.340955E+04
   5.642914E+03    1.212119E+03    4.340955E+04
   5.642914E+03    1.212244E+03    4.340955E+04


   5.642289E+03    1.212244E+03    4.969181E+04
   5.641977E+03    1.212244E+03    4.969181E+04
   5.641664E+03    1.212244E+03    4.969181E+04
   5.641664E+03    1.212119E+03    4.969181E+04
   5.641664E+03    1.211994E+03    4.969181E+04
   5.641977E+03    1.211994E+03    4.969181E+04
   5.642289E+03    1.211994E+03    4.969181E+04
   5.642289E+03    1.212119E+03    4.969181E+04
   5.642289E+03    1.212244E+03    4.969181E+04


   5.641664E+03    1.211494E+03   -5.585857E+04
   5.641352E+03    1.211494E+03   -5.585857E+04
   5.641039E+03    1.211494E+03   -5.585857E+04
   5.641039E+03    1.211369E+03   -5.585857E+04
   5.641039E+03    1.211244E+03   -5.585857E+04
   5.641352E+03    1.211244E+03   -5.585857E+04
   5.641664E+03    1.211244E+03   -5.585857E+04
   5.641664E+03    1.211369E+03   -5.585857E+04
   5.641664E+03    1.211494E+03   -5.585857E+04


   5.641039E+03    1.211494E+03   -6.179030E+04
   5.640727E+03    1.211494E+03   -6.179030E+04
   5.640414E+03    1.211494E+03   -6.179030E+04
   5.640414E+03    1.211369E+03   -6.179030E+04
   5.640414E+03    1.211244E+03   -6.179030E+04
   5.640727E+03    1.211244E+03   -6.179030E+04
   5.641039E+03    1.211244E+03   -6.179030E+04
   5.641039E+03    1.211369E+03   -6.179030E+04
   5.641039E+03    1.211494E+03   -6.179030E+04


   5.641664E+03    1.211744E+03   -1.879331E+04
   5.641352E+03    1.211744E+03   -1.879331E+04
   5.641039E+03    1.211744E+03   -1.879331E+04
   5.641039E+03    1.211619E+03   -1.879331E+04
   5.641039E+03    1.211494E+03   -1.879331E+04
   5.641352E+03    1.211494E+03   -1.879331E+04
   5.641664E+03    1.211494E+03   -1.879331E+04
   5.641664E+03    1.211619E+03   -1.879331E+04
   5.641664E+03    1.211744E+03   -1.879331E+04


   5.641039E+03    1.211744E+03   -2.063998E+04
   5.640727E+03    1.211744E+03   -2.063998E+04
   5.640414E+03    1.211744E+03   -2.063998E+04
   5.640414E+03    1.211619E+03   -2.063998E+04
   5.640414E+03    1.211494E+03   -2.063998E+04
   5.640727E+03    1.211494E+03   -2.063998E+04
   5.641039E+03    1.211494E+03   -2.063998E+04
   5.641039E+03    1.211619E+03   -2.063998E+04
   5.641039E+03    1.211744E+03   -2.063998E+04


   5.641664E+03    1.211994E+03    1.879974E+04
   5.641352E+03    1.211994E+03    1.879974E+04
   5.641039E+03    1.211994E+03    1.879974E+04
   5.641039E+03    1.211869E+03    1.879974E+04
   5.641039E+03    1.211744E+03    1.879974E+04
   5.641352E+03    1.211744E+03    1.879974E+04
   5.641664E+03    1.211744E+03    1.879974E+04
   5.641664E+03    1.211869E+03    1.879974E+04
   5.641664E+03    1.211994E+03    1.879974E+04


   5.641039E+03    1.211994E+03    2.064845E+04
   5.640727E+03    1.211994E+03    2.064845E+04
   5.640414E+03    1.211994E+03    2.064845E+04
   5.640414E+03    1.211869E+03    2.064845E+04
   5.640414E+03    1.211744E+03    2.064845E+04
   5.640727E+03    1.211744E+03    2.064845E+04
   5.641039E+03    1.211744E+03    2.064845E+04
   5.641039E+03    1.211869E+03    2.064845E+04
   5.641039E+03    1.211994E+03    2.064845E+04


   5.641664E+03    1.212244E+03    5.586466E+04
   5.641352E+03    1.212244E+03    5.586466E+04
   5.641039E+03    1.212244E+03    5.586466E+04
   5.641039E+03    1.212119E+03    5.586466E+04
   5.641039E+03    1.211994E+03    5.586466E+04
   5.641352E+03    1.211994E+03    5.586466E+04
   5.641664E+03    1.211994E+03    5.586466E+04
   5.641664E+03    1.212119E+03    5.586466E+04
   5.641664E+03    1.212244E+03    5.586466E+04


   5.641039E+03    1.212244E+03    6.179877E+04
   5.640727E+03    1.212244E+03    6.179877E+04
   5.640414E+03    1.212244E+03    6.179877E+04
   5.640414E+03    1.212119E+03    6.179877E+04
   5.640414E+03    1.211994E+03    6.179877E+04
   5.640727E+03    1.211994E+03    6.179877E+04
   5.641039E+03    1.211994E+03    6.179877E+04
   5.641039E+03    1.212119E+03    6.179877E+04
   5.641039E+03    1.212244E+03    6.179877E+04


