   5.650414E+03    1.211494E+03    6.865767E+03
   5.650102E+03    1.211494E+03    6.865767E+03
   5.649789E+03    1.211494E+03    6.865767E+03
   5.649789E+03    1.211369E+03    6.865767E+03
   5.649789E+03    1.211244E+03    6.865767E+03
   5.650102E+03    1.211244E+03    6.865767E+03
   5.650414E+03    1.211244E+03    6.865767E+03
   5.650414E+03    1.211369E+03    6.865767E+03
   5.650414E+03    1.211494E+03    6.865767E+03


   5.649789E+03    1.211494E+03    2.337763E+04
   5.649477E+03    1.211494E+03    2.337763E+04
   5.649164E+03    1.211494E+03    2.337763E+04
   5.649164E+03    1.211369E+03    2.337763E+04
   5.649164E+03    1.211244E+03    2.337763E+04
   5.649477E+03    1.211244E+03    2.337763E+04
   5.649789E+03    1.211244E+03    2.337763E+04
   5.649789E+03    1.211369E+03    2.337763E+04
   5.649789E+03    1.211494E+03    2.337763E+04


   5.650414E+03    1.211744E+03   -7.887705E+03
   5.650102E+03    1.211744E+03   -7.887705E+03
   5.649789E+03    1.211744E+03   -7.887705E+03
   5.649789E+03    1.211619E+03   -7.887705E+03
   5.649789E+03    1.211494E+03   -7.887705E+03
   5.650102E+03    1.211494E+03   -7.887705E+03
   5.650414E+03    1.211494E+03   -7.887705E+03
   5.650414E+03    1.211619E+03   -7.887705E+03
   5.650414E+03    1.211744E+03   -7.887705E+03


   5.649789E+03    1.211744E+03   -2.632131E+04
   5.649477E+03    1.211744E+03   -2.632131E+04
   5.649164E+03    1.211744E+03   -2.632131E+04
   5.649164E+03    1.211619E+03   -2.632131E+04
   5.649164E+03    1.211494E+03   -2.632131E+04
   5.649477E+03    1.211494E+03   -2.632131E+04
   5.649789E+03    1.211494E+03   -2.632131E+04
   5.649789E+03    1.211619E+03   -2.632131E+04
   5.649789E+03    1.211744E+03   -2.632131E+04


   5.650414E+03    1.211994E+03   -7.886881E+03
   5.650102E+03    1.211994E+03   -7.886881E+03
   5.649789E+03    1.211994E+03   -7.886881E+03
   5.649789E+03    1.211869E+03   -7.886881E+03
   5.649789E+03    1.211744E+03   -7.886881E+03
   5.650102E+03    1.211744E+03   -7.886881E+03
   5.650414E+03    1.211744E+03   -7.886881E+03
   5.650414E+03    1.211869E+03   -7.886881E+03
   5.650414E+03    1.211994E+03   -7.886881E+03


   5.649789E+03    1.211994E+03   -2.632332E+04
   5.649477E+03    1.211994E+03   -2.632332E+04
   5.649164E+03    1.211994E+03   -2.632332E+04
   5.649164E+03    1.211869E+03   -2.632332E+04
   5.649164E+03    1.211744E+03   -2.632332E+04
   5.649477E+03    1.211744E+03   -2.632332E+04
   5.649789E+03    1.211744E+03   -2.632332E+04
   5.649789E+03    1.211869E+03   -2.632332E+04
   5.649789E+03    1.211994E+03   -2.632332E+04


   5.650414E+03    1.212244E+03    6.864336E+03
   5.650102E+03    1.212244E+03    6.864336E+03
   5.649789E+03    1.212244E+03    6.864336E+03
   5.649789E+03    1.212119E+03    6.864336E+03
   5.649789E+03    1.211994E+03    6.864336E+03
   5.650102E+03    1.211994E+03    6.864336E+03
   5.650414E+03    1.211994E+03    6.864336E+03
   5.650414E+03    1.212119E+03    6.864336E+03
   5.650414E+03    1.212244E+03    6.864336E+03


   5.649789E+03    1.212244E+03    2.337097E+04
   5.649477E+03    1.212244E+03    2.337097E+04
   5.649164E+03    1.212244E+03    2.337097E+04
   5.649164E+03    1.212119E+03    2.337097E+04
   5.649164E+03    1.211994E+03    2.337097E+04
   5.649477E+03    1.211994E+03    2.337097E+04
   5.649789E+03    1.211994E+03    2.337097E+04
   5.649789E+03    1.212119E+03    2.337097E+04
   5.649789E+03    1.212244E+03    2.337097E+04


   5.649164E+03    1.211494E+03    3.498375E+04
   5.648852E+03    1.211494E+03    3.498375E+04
   5.648539E+03    1.211494E+03    3.498375E+04
   5.648539E+03    1.211369E+03    3.498375E+04
   5.648539E+03    1.211244E+03    3.498375E+04
   5.648852E+03    1.211244E+03    3.498375E+04
   5.649164E+03    1.211244E+03    3.498375E+04
   5.649164E+03    1.211369E+03    3.498375E+04
   5.649164E+03    1.211494E+03    3.498375E+04


   5.648539E+03    1.211494E+03    4.179057E+04
   5.648227E+03    1.211494E+03    4.179057E+04
   5.647914E+03    1.211494E+03    4.179057E+04
   5.647914E+03    1.211369E+03    4.179057E+04
   5.647914E+03    1.211244E+03    4.179057E+04
   5.648227E+03    1.211244E+03    4.179057E+04
   5.648539E+03    1.211244E+03    4.179057E+04
   5.648539E+03    1.211369E+03    4.179057E+04
   5.648539E+03    1.211494E+03    4.179057E+04


   5.649164E+03    1.211744E+03   -3.966734E+04
   5.648852E+03    1.211744E+03   -3.966734E+04
   5.648539E+03    1.211744E+03   -3.966734E+04
   5.648539E+03    1.211619E+03   -3.966734E+04
   5.648539E+03    1.211494E+03   -3.966734E+04
   5.648852E+03    1.211494E+03   -3.966734E+04
   5.649164E+03    1.211494E+03   -3.966734E+04
   5.649164E+03    1.211619E+03   -3.966734E+04
   5.649164E+03    1.211744E+03   -3.966734E+04


   5.648539E+03    1.211744E+03   -4.803430E+04
   5.648227E+03    1.211744E+03   -4.803430E+04
   5.647914E+03    1.211744E+03   -4.803430E+04
   5.647914E+03    1.211619E+03   -4.803430E+04
   5.647914E+03    1.211494E+03   -4.803430E+04
   5.648227E+03    1.211494E+03   -4.803430E+04
   5.648539E+03    1.211494E+03   -4.803430E+04
   5.648539E+03    1.211619E+03   -4.803430E+04
   5.648539E+03    1.211744E+03   -4.803430E+04


   5.649164E+03    1.211994E+03   -3.966367E+04
   5.648852E+03    1.211994E+03   -3.966367E+04
   5.648539E+03    1.211994E+03   -3.966367E+04
   5.648539E+03    1.211869E+03   -3.966367E+04
   5.648539E+03    1.211744E+03   -3.966367E+04
   5.648852E+03    1.211744E+03   -3.966367E+04
   5.649164E+03    1.211744E+03   -3.966367E+04
   5.649164E+03    1.211869E+03   -3.966367E+04
   5.649164E+03    1.211994E+03   -3.966367E+04


   5.648539E+03    1.211994E+03   -4.802966E+04
   5.648227E+03    1.211994E+03   -4.802966E+04
   5.647914E+03    1.211994E+03   -4.802966E+04
   5.647914E+03    1.211869E+03   -4.802966E+04
   5.647914E+03    1.211744E+03   -4.802966E+04
   5.648227E+03    1.211744E+03   -4.802966E+04
   5.648539E+03    1.211744E+03   -4.802966E+04
   5.648539E+03    1.211869E+03   -4.802966E+04
   5.648539E+03    1.211994E+03   -4.802966E+04


   5.649164E+03    1.212244E+03    3.497260E+04
   5.648852E+03    1.212244E+03    3.497260E+04
   5.648539E+03    1.212244E+03    3.497260E+04
   5.648539E+03    1.212119E+03    3.497260E+04
   5.648539E+03    1.211994E+03    3.497260E+04
   5.648852E+03    1.211994E+03    3.497260E+04
   5.649164E+03    1.211994E+03    3.497260E+04
   5.649164E+03    1.212119E+03    3.497260E+04
   5.649164E+03    1.212244E+03    3.497260E+04


   5.648539E+03    1.212244E+03    4.177924E+04
   5.648227E+03    1.212244E+03    4.177924E+04
   5.647914E+03    1.212244E+03    4.177924E+04
   5.647914E+03    1.212119E+03    4.177924E+04
   5.647914E+03    1.211994E+03    4.177924E+04
   5.648227E+03    1.211994E+03    4.177924E+04
   5.648539E+03    1.211994E+03    4.177924E+04
   5.648539E+03    1.212119E+03    4.177924E+04
   5.648539E+03    1.212244E+03    4.177924E+04


   5.647914E+03    1.211494E+03    4.244832E+04
   5.647602E+03    1.211494E+03    4.244832E+04
   5.647289E+03    1.211494E+03    4.244832E+04
   5.647289E+03    1.211369E+03    4.244832E+04
   5.647289E+03    1.211244E+03    4.244832E+04
   5.647602E+03    1.211244E+03    4.244832E+04
   5.647914E+03    1.211244E+03    4.244832E+04
   5.647914E+03    1.211369E+03    4.244832E+04
   5.647914E+03    1.211494E+03    4.244832E+04


   5.647289E+03    1.211494E+03    3.577578E+04
   5.646977E+03    1.211494E+03    3.577578E+04
   5.646664E+03    1.211494E+03    3.577578E+04
   5.646664E+03    1.211369E+03    3.577578E+04
   5.646664E+03    1.211244E+03    3.577578E+04
   5.646977E+03    1.211244E+03    3.577578E+04
   5.647289E+03    1.211244E+03    3.577578E+04
   5.647289E+03    1.211369E+03    3.577578E+04
   5.647289E+03    1.211494E+03    3.577578E+04


   5.647914E+03    1.211744E+03   -5.007372E+04
   5.647602E+03    1.211744E+03   -5.007372E+04
   5.647289E+03    1.211744E+03   -5.007372E+04
   5.647289E+03    1.211619E+03   -5.007372E+04
   5.647289E+03    1.211494E+03   -5.007372E+04
   5.647602E+03    1.211494E+03   -5.007372E+04
   5.647914E+03    1.211494E+03   -5.007372E+04
   5.647914E+03    1.211619E+03   -5.007372E+04
   5.647914E+03    1.211744E+03   -5.007372E+04


   5.647289E+03    1.211744E+03   -4.456883E+04
   5.646977E+03    1.211744E+03   -4.456883E+04
   5.646664E+03    1.211744E+03   -4.456883E+04
   5.646664E+03    1.211619E+03   -4.456883E+04
   5.646664E+03    1.211494E+03   -4.456883E+04
   5.646977E+03    1.211494E+03   -4.456883E+04
   5.647289E+03    1.211494E+03   -4.456883E+04
   5.647289E+03    1.211619E+03   -4.456883E+04
   5.647289E+03    1.211744E+03   -4.456883E+04


   5.647914E+03    1.211994E+03   -5.006947E+04
   5.647602E+03    1.211994E+03   -5.006947E+04
   5.647289E+03    1.211994E+03   -5.006947E+04
   5.647289E+03    1.211869E+03   -5.006947E+04
   5.647289E+03    1.211744E+03   -5.006947E+04
   5.647602E+03    1.211744E+03   -5.006947E+04
   5.647914E+03    1.211744E+03   -5.006947E+04
   5.647914E+03    1.211869E+03   -5.006947E+04
   5.647914E+03    1.211994E+03   -5.006947E+04


   5.647289E+03    1.211994E+03   -4.460424E+04
   5.646977E+03    1.211994E+03   -4.460424E+04
   5.646664E+03    1.211994E+03   -4.460424E+04
   5.646664E+03    1.211869E+03   -4.460424E+04
   5.646664E+03    1.211744E+03   -4.460424E+04
   5.646977E+03    1.211744E+03   -4.460424E+04
   5.647289E+03    1.211744E+03   -4.460424E+04
   5.647289E+03    1.211869E+03   -4.460424E+04
   5.647289E+03    1.211994E+03   -4.460424E+04


   5.647914E+03    1.212244E+03    4.243968E+04
   5.647602E+03    1.212244E+03    4.243968E+04
   5.647289E+03    1.212244E+03    4.243968E+04
   5.647289E+03    1.212119E+03    4.243968E+04
   5.647289E+03    1.211994E+03    4.243968E+04
   5.647602E+03    1.211994E+03    4.243968E+04
   5.647914E+03    1.211994E+03    4.243968E+04
   5.647914E+03    1.212119E+03    4.243968E+04
   5.647914E+03    1.212244E+03    4.243968E+04


   5.647289E+03    1.212244E+03    3.577221E+04
   5.646977E+03    1.212244E+03    3.577221E+04
   5.646664E+03    1.212244E+03    3.577221E+04
   5.646664E+03    1.212119E+03    3.577221E+04
   5.646664E+03    1.211994E+03    3.577221E+04
   5.646977E+03    1.211994E+03    3.577221E+04
   5.647289E+03    1.211994E+03    3.577221E+04
   5.647289E+03    1.212119E+03    3.577221E+04
   5.647289E+03    1.212244E+03    3.577221E+04


   5.646664E+03    1.211494E+03    2.072151E+04
   5.646352E+03    1.211494E+03    2.072151E+04
   5.646039E+03    1.211494E+03    2.072151E+04
   5.646039E+03    1.211369E+03    2.072151E+04
   5.646039E+03    1.211244E+03    2.072151E+04
   5.646352E+03    1.211244E+03    2.072151E+04
   5.646664E+03    1.211244E+03    2.072151E+04
   5.646664E+03    1.211369E+03    2.072151E+04
   5.646664E+03    1.211494E+03    2.072151E+04


   5.646039E+03    1.211494E+03   -3.636877E+03
   5.645727E+03    1.211494E+03   -3.636877E+03
   5.645414E+03    1.211494E+03   -3.636877E+03
   5.645414E+03    1.211369E+03   -3.636877E+03
   5.645414E+03    1.211244E+03   -3.636877E+03
   5.645727E+03    1.211244E+03   -3.636877E+03
   5.646039E+03    1.211244E+03   -3.636877E+03
   5.646039E+03    1.211369E+03   -3.636877E+03
   5.646039E+03    1.211494E+03   -3.636877E+03


   5.646664E+03    1.211744E+03   -3.063573E+04
   5.646352E+03    1.211744E+03   -3.063573E+04
   5.646039E+03    1.211744E+03   -3.063573E+04
   5.646039E+03    1.211619E+03   -3.063573E+04
   5.646039E+03    1.211494E+03   -3.063573E+04
   5.646352E+03    1.211494E+03   -3.063573E+04
   5.646664E+03    1.211494E+03   -3.063573E+04
   5.646664E+03    1.211619E+03   -3.063573E+04
   5.646664E+03    1.211744E+03   -3.063573E+04


   5.646039E+03    1.211744E+03   -7.102550E+03
   5.645727E+03    1.211744E+03   -7.102550E+03
   5.645414E+03    1.211744E+03   -7.102550E+03
   5.645414E+03    1.211619E+03   -7.102550E+03
   5.645414E+03    1.211494E+03   -7.102550E+03
   5.645727E+03    1.211494E+03   -7.102550E+03
   5.646039E+03    1.211494E+03   -7.102550E+03
   5.646039E+03    1.211619E+03   -7.102550E+03
   5.646039E+03    1.211744E+03   -7.102550E+03


   5.646664E+03    1.211994E+03   -3.058732E+04
   5.646352E+03    1.211994E+03   -3.058732E+04
   5.646039E+03    1.211994E+03   -3.058732E+04
   5.646039E+03    1.211869E+03   -3.058732E+04
   5.646039E+03    1.211744E+03   -3.058732E+04
   5.646352E+03    1.211744E+03   -3.058732E+04
   5.646664E+03    1.211744E+03   -3.058732E+04
   5.646664E+03    1.211869E+03   -3.058732E+04
   5.646664E+03    1.211994E+03   -3.058732E+04


   5.646039E+03    1.211994E+03   -7.100851E+03
   5.645727E+03    1.211994E+03   -7.100851E+03
   5.645414E+03    1.211994E+03   -7.100851E+03
   5.645414E+03    1.211869E+03   -7.100851E+03
   5.645414E+03    1.211744E+03   -7.100851E+03
   5.645727E+03    1.211744E+03   -7.100851E+03
   5.646039E+03    1.211744E+03   -7.100851E+03
   5.646039E+03    1.211869E+03   -7.100851E+03
   5.646039E+03    1.211994E+03   -7.100851E+03


   5.646664E+03    1.212244E+03    2.072511E+04
   5.646352E+03    1.212244E+03    2.072511E+04
   5.646039E+03    1.212244E+03    2.072511E+04
   5.646039E+03    1.212119E+03    2.072511E+04
   5.646039E+03    1.211994E+03    2.072511E+04
   5.646352E+03    1.211994E+03    2.072511E+04
   5.646664E+03    1.211994E+03    2.072511E+04
   5.646664E+03    1.212119E+03    2.072511E+04
   5.646664E+03    1.212244E+03    2.072511E+04


   5.646039E+03    1.212244E+03   -3.625948E+03
   5.645727E+03    1.212244E+03   -3.625948E+03
   5.645414E+03    1.212244E+03   -3.625948E+03
   5.645414E+03    1.212119E+03   -3.625948E+03
   5.645414E+03    1.211994E+03   -3.625948E+03
   5.645727E+03    1.211994E+03   -3.625948E+03
   5.646039E+03    1.211994E+03   -3.625948E+03
   5.646039E+03    1.212119E+03   -3.625948E+03
   5.646039E+03    1.212244E+03   -3.625948E+03


   5.645414E+03    1.211494E+03   -3.809279E+04
   5.645102E+03    1.211494E+03   -3.809279E+04
   5.644789E+03    1.211494E+03   -3.809279E+04
   5.644789E+03    1.211369E+03   -3.809279E+04
   5.644789E+03    1.211244E+03   -3.809279E+04
   5.645102E+03    1.211244E+03   -3.809279E+04
   5.645414E+03    1.211244E+03   -3.809279E+04
   5.645414E+03    1.211369E+03   -3.809279E+04
   5.645414E+03    1.211494E+03   -3.809279E+04


   5.644789E+03    1.211494E+03   -8.331038E+04
   5.644477E+03    1.211494E+03   -8.331038E+04
   5.644164E+03    1.211494E+03   -8.331038E+04
   5.644164E+03    1.211369E+03   -8.331038E+04
   5.644164E+03    1.211244E+03   -8.331038E+04
   5.644477E+03    1.211244E+03   -8.331038E+04
   5.644789E+03    1.211244E+03   -8.331038E+04
   5.644789E+03    1.211369E+03   -8.331038E+04
   5.644789E+03    1.211494E+03   -8.331038E+04


   5.645414E+03    1.211744E+03    2.663981E+04
   5.645102E+03    1.211744E+03    2.663981E+04
   5.644789E+03    1.211744E+03    2.663981E+04
   5.644789E+03    1.211619E+03    2.663981E+04
   5.644789E+03    1.211494E+03    2.663981E+04
   5.645102E+03    1.211494E+03    2.663981E+04
   5.645414E+03    1.211494E+03    2.663981E+04
   5.645414E+03    1.211619E+03    2.663981E+04
   5.645414E+03    1.211744E+03    2.663981E+04


   5.644789E+03    1.211744E+03    7.129101E+04
   5.644477E+03    1.211744E+03    7.129101E+04
   5.644164E+03    1.211744E+03    7.129101E+04
   5.644164E+03    1.211619E+03    7.129101E+04
   5.644164E+03    1.211494E+03    7.129101E+04
   5.644477E+03    1.211494E+03    7.129101E+04
   5.644789E+03    1.211494E+03    7.129101E+04
   5.644789E+03    1.211619E+03    7.129101E+04
   5.644789E+03    1.211744E+03    7.129101E+04


   5.645414E+03    1.211994E+03    2.664028E+04
   5.645102E+03    1.211994E+03    2.664028E+04
   5.644789E+03    1.211994E+03    2.664028E+04
   5.644789E+03    1.211869E+03    2.664028E+04
   5.644789E+03    1.211744E+03    2.664028E+04
   5.645102E+03    1.211744E+03    2.664028E+04
   5.645414E+03    1.211744E+03    2.664028E+04
   5.645414E+03    1.211869E+03    2.664028E+04
   5.645414E+03    1.211994E+03    2.664028E+04


   5.644789E+03    1.211994E+03    7.128983E+04
   5.644477E+03    1.211994E+03    7.128983E+04
   5.644164E+03    1.211994E+03    7.128983E+04
   5.644164E+03    1.211869E+03    7.128983E+04
   5.644164E+03    1.211744E+03    7.128983E+04
   5.644477E+03    1.211744E+03    7.128983E+04
   5.644789E+03    1.211744E+03    7.128983E+04
   5.644789E+03    1.211869E+03    7.128983E+04
   5.644789E+03    1.211994E+03    7.128983E+04


   5.645414E+03    1.212244E+03   -3.811981E+04
   5.645102E+03    1.212244E+03   -3.811981E+04
   5.644789E+03    1.212244E+03   -3.811981E+04
   5.644789E+03    1.212119E+03   -3.811981E+04
   5.644789E+03    1.211994E+03   -3.811981E+04
   5.645102E+03    1.211994E+03   -3.811981E+04
   5.645414E+03    1.211994E+03   -3.811981E+04
   5.645414E+03    1.212119E+03   -3.811981E+04
   5.645414E+03    1.212244E+03   -3.811981E+04


   5.644789E+03    1.212244E+03   -8.324786E+04
   5.644477E+03    1.212244E+03   -8.324786E+04
   5.644164E+03    1.212244E+03   -8.324786E+04
   5.644164E+03    1.212119E+03   -8.324786E+04
   5.644164E+03    1.211994E+03   -8.324786E+04
   5.644477E+03    1.211994E+03   -8.324786E+04
   5.644789E+03    1.211994E+03   -8.324786E+04
   5.644789E+03    1.212119E+03   -8.324786E+04
   5.644789E+03    1.212244E+03   -8.324786E+04


   5.644164E+03    1.211494E+03   -1.398172E+05
   5.643852E+03    1.211494E+03   -1.398172E+05
   5.643539E+03    1.211494E+03   -1.398172E+05
   5.643539E+03    1.211369E+03   -1.398172E+05
   5.643539E+03    1.211244E+03   -1.398172E+05
   5.643852E+03    1.211244E+03   -1.398172E+05
   5.644164E+03    1.211244E+03   -1.398172E+05
   5.644164E+03    1.211369E+03   -1.398172E+05
   5.644164E+03    1.211494E+03   -1.398172E+05


   5.643539E+03    1.211494E+03   -2.080527E+05
   5.643227E+03    1.211494E+03   -2.080527E+05
   5.642914E+03    1.211494E+03   -2.080527E+05
   5.642914E+03    1.211369E+03   -2.080527E+05
   5.642914E+03    1.211244E+03   -2.080527E+05
   5.643227E+03    1.211244E+03   -2.080527E+05
   5.643539E+03    1.211244E+03   -2.080527E+05
   5.643539E+03    1.211369E+03   -2.080527E+05
   5.643539E+03    1.211494E+03   -2.080527E+05


   5.644164E+03    1.211744E+03    1.273676E+05
   5.643852E+03    1.211744E+03    1.273676E+05
   5.643539E+03    1.211744E+03    1.273676E+05
   5.643539E+03    1.211619E+03    1.273676E+05
   5.643539E+03    1.211494E+03    1.273676E+05
   5.643852E+03    1.211494E+03    1.273676E+05
   5.644164E+03    1.211494E+03    1.273676E+05
   5.644164E+03    1.211619E+03    1.273676E+05
   5.644164E+03    1.211744E+03    1.273676E+05


   5.643539E+03    1.211744E+03    1.952445E+05
   5.643227E+03    1.211744E+03    1.952445E+05
   5.642914E+03    1.211744E+03    1.952445E+05
   5.642914E+03    1.211619E+03    1.952445E+05
   5.642914E+03    1.211494E+03    1.952445E+05
   5.643227E+03    1.211494E+03    1.952445E+05
   5.643539E+03    1.211494E+03    1.952445E+05
   5.643539E+03    1.211619E+03    1.952445E+05
   5.643539E+03    1.211744E+03    1.952445E+05


   5.644164E+03    1.211994E+03    1.273647E+05
   5.643852E+03    1.211994E+03    1.273647E+05
   5.643539E+03    1.211994E+03    1.273647E+05
   5.643539E+03    1.211869E+03    1.273647E+05
   5.643539E+03    1.211744E+03    1.273647E+05
   5.643852E+03    1.211744E+03    1.273647E+05
   5.644164E+03    1.211744E+03    1.273647E+05
   5.644164E+03    1.211869E+03    1.273647E+05
   5.644164E+03    1.211994E+03    1.273647E+05


   5.643539E+03    1.211994E+03    1.952399E+05
   5.643227E+03    1.211994E+03    1.952399E+05
   5.642914E+03    1.211994E+03    1.952399E+05
   5.642914E+03    1.211869E+03    1.952399E+05
   5.642914E+03    1.211744E+03    1.952399E+05
   5.643227E+03    1.211744E+03    1.952399E+05
   5.643539E+03    1.211744E+03    1.952399E+05
   5.643539E+03    1.211869E+03    1.952399E+05
   5.643539E+03    1.211994E+03    1.952399E+05


   5.644164E+03    1.212244E+03   -1.397833E+05
   5.643852E+03    1.212244E+03   -1.397833E+05
   5.643539E+03    1.212244E+03   -1.397833E+05
   5.643539E+03    1.212119E+03   -1.397833E+05
   5.643539E+03    1.211994E+03   -1.397833E+05
   5.643852E+03    1.211994E+03   -1.397833E+05
   5.644164E+03    1.211994E+03   -1.397833E+05
   5.644164E+03    1.212119E+03   -1.397833E+05
   5.644164E+03    1.212244E+03   -1.397833E+05


   5.643539E+03    1.212244E+03   -2.079628E+05
   5.643227E+03    1.212244E+03   -2.079628E+05
   5.642914E+03    1.212244E+03   -2.079628E+05
   5.642914E+03    1.212119E+03   -2.079628E+05
   5.642914E+03    1.211994E+03   -2.079628E+05
   5.643227E+03    1.211994E+03   -2.079628E+05
   5.643539E+03    1.211994E+03   -2.079628E+05
   5.643539E+03    1.212119E+03   -2.079628E+05
   5.643539E+03    1.212244E+03   -2.079628E+05


   5.642914E+03    1.211494E+03   -2.881139E+05
   5.642602E+03    1.211494E+03   -2.881139E+05
   5.642289E+03    1.211494E+03   -2.881139E+05
   5.642289E+03    1.211369E+03   -2.881139E+05
   5.642289E+03    1.211244E+03   -2.881139E+05
   5.642602E+03    1.211244E+03   -2.881139E+05
   5.642914E+03    1.211244E+03   -2.881139E+05
   5.642914E+03    1.211369E+03   -2.881139E+05
   5.642914E+03    1.211494E+03   -2.881139E+05


   5.642289E+03    1.211494E+03   -3.802910E+05
   5.641977E+03    1.211494E+03   -3.802910E+05
   5.641664E+03    1.211494E+03   -3.802910E+05
   5.641664E+03    1.211369E+03   -3.802910E+05
   5.641664E+03    1.211244E+03   -3.802910E+05
   5.641977E+03    1.211244E+03   -3.802910E+05
   5.642289E+03    1.211244E+03   -3.802910E+05
   5.642289E+03    1.211369E+03   -3.802910E+05
   5.642289E+03    1.211494E+03   -3.802910E+05


   5.642914E+03    1.211744E+03    2.751452E+05
   5.642602E+03    1.211744E+03    2.751452E+05
   5.642289E+03    1.211744E+03    2.751452E+05
   5.642289E+03    1.211619E+03    2.751452E+05
   5.642289E+03    1.211494E+03    2.751452E+05
   5.642602E+03    1.211494E+03    2.751452E+05
   5.642914E+03    1.211494E+03    2.751452E+05
   5.642914E+03    1.211619E+03    2.751452E+05
   5.642914E+03    1.211744E+03    2.751452E+05


   5.642289E+03    1.211744E+03    3.672044E+05
   5.641977E+03    1.211744E+03    3.672044E+05
   5.641664E+03    1.211744E+03    3.672044E+05
   5.641664E+03    1.211619E+03    3.672044E+05
   5.641664E+03    1.211494E+03    3.672044E+05
   5.641977E+03    1.211494E+03    3.672044E+05
   5.642289E+03    1.211494E+03    3.672044E+05
   5.642289E+03    1.211619E+03    3.672044E+05
   5.642289E+03    1.211744E+03    3.672044E+05


   5.642914E+03    1.211994E+03    2.751399E+05
   5.642602E+03    1.211994E+03    2.751399E+05
   5.642289E+03    1.211994E+03    2.751399E+05
   5.642289E+03    1.211869E+03    2.751399E+05
   5.642289E+03    1.211744E+03    2.751399E+05
   5.642602E+03    1.211744E+03    2.751399E+05
   5.642914E+03    1.211744E+03    2.751399E+05
   5.642914E+03    1.211869E+03    2.751399E+05
   5.642914E+03    1.211994E+03    2.751399E+05


   5.642289E+03    1.211994E+03    3.672002E+05
   5.641977E+03    1.211994E+03    3.672002E+05
   5.641664E+03    1.211994E+03    3.672002E+05
   5.641664E+03    1.211869E+03    3.672002E+05
   5.641664E+03    1.211744E+03    3.672002E+05
   5.641977E+03    1.211744E+03    3.672002E+05
   5.642289E+03    1.211744E+03    3.672002E+05
   5.642289E+03    1.211869E+03    3.672002E+05
   5.642289E+03    1.211994E+03    3.672002E+05


   5.642914E+03    1.212244E+03   -2.880650E+05
   5.642602E+03    1.212244E+03   -2.880650E+05
   5.642289E+03    1.212244E+03   -2.880650E+05
   5.642289E+03    1.212119E+03   -2.880650E+05
   5.642289E+03    1.211994E+03   -2.880650E+05
   5.642602E+03    1.211994E+03   -2.880650E+05
   5.642914E+03    1.211994E+03   -2.880650E+05
   5.642914E+03    1.212119E+03   -2.880650E+05
   5.642914E+03    1.212244E+03   -2.880650E+05


   5.642289E+03    1.212244E+03   -3.801249E+05
   5.641977E+03    1.212244E+03   -3.801249E+05
   5.641664E+03    1.212244E+03   -3.801249E+05
   5.641664E+03    1.212119E+03   -3.801249E+05
   5.641664E+03    1.211994E+03   -3.801249E+05
   5.641977E+03    1.211994E+03   -3.801249E+05
   5.642289E+03    1.211994E+03   -3.801249E+05
   5.642289E+03    1.212119E+03   -3.801249E+05
   5.642289E+03    1.212244E+03   -3.801249E+05


   5.641664E+03    1.211494E+03   -4.813102E+05
   5.641352E+03    1.211494E+03   -4.813102E+05
   5.641039E+03    1.211494E+03   -4.813102E+05
   5.641039E+03    1.211369E+03   -4.813102E+05
   5.641039E+03    1.211244E+03   -4.813102E+05
   5.641352E+03    1.211244E+03   -4.813102E+05
   5.641664E+03    1.211244E+03   -4.813102E+05
   5.641664E+03    1.211369E+03   -4.813102E+05
   5.641664E+03    1.211494E+03   -4.813102E+05


   5.641039E+03    1.211494E+03   -7.333942E+05
   5.640727E+03    1.211494E+03   -7.333942E+05
   5.640414E+03    1.211494E+03   -7.333942E+05
   5.640414E+03    1.211369E+03   -7.333942E+05
   5.640414E+03    1.211244E+03   -7.333942E+05
   5.640727E+03    1.211244E+03   -7.333942E+05
   5.641039E+03    1.211244E+03   -7.333942E+05
   5.641039E+03    1.211369E+03   -7.333942E+05
   5.641039E+03    1.211494E+03   -7.333942E+05


   5.641664E+03    1.211744E+03    4.681731E+05
   5.641352E+03    1.211744E+03    4.681731E+05
   5.641039E+03    1.211744E+03    4.681731E+05
   5.641039E+03    1.211619E+03    4.681731E+05
   5.641039E+03    1.211494E+03    4.681731E+05
   5.641352E+03    1.211494E+03    4.681731E+05
   5.641664E+03    1.211494E+03    4.681731E+05
   5.641664E+03    1.211619E+03    4.681731E+05
   5.641664E+03    1.211744E+03    4.681731E+05


   5.641039E+03    1.211744E+03    7.202482E+05
   5.640727E+03    1.211744E+03    7.202482E+05
   5.640414E+03    1.211744E+03    7.202482E+05
   5.640414E+03    1.211619E+03    7.202482E+05
   5.640414E+03    1.211494E+03    7.202482E+05
   5.640727E+03    1.211494E+03    7.202482E+05
   5.641039E+03    1.211494E+03    7.202482E+05
   5.641039E+03    1.211619E+03    7.202482E+05
   5.641039E+03    1.211744E+03    7.202482E+05


   5.641664E+03    1.211994E+03    4.681717E+05
   5.641352E+03    1.211994E+03    4.681717E+05
   5.641039E+03    1.211994E+03    4.681717E+05
   5.641039E+03    1.211869E+03    4.681717E+05
   5.641039E+03    1.211744E+03    4.681717E+05
   5.641352E+03    1.211744E+03    4.681717E+05
   5.641664E+03    1.211744E+03    4.681717E+05
   5.641664E+03    1.211869E+03    4.681717E+05
   5.641664E+03    1.211994E+03    4.681717E+05


   5.641039E+03    1.211994E+03    7.202538E+05
   5.640727E+03    1.211994E+03    7.202538E+05
   5.640414E+03    1.211994E+03    7.202538E+05
   5.640414E+03    1.211869E+03    7.202538E+05
   5.640414E+03    1.211744E+03    7.202538E+05
   5.640727E+03    1.211744E+03    7.202538E+05
   5.641039E+03    1.211744E+03    7.202538E+05
   5.641039E+03    1.211869E+03    7.202538E+05
   5.641039E+03    1.211994E+03    7.202538E+05


   5.641664E+03    1.212244E+03   -4.814815E+05
   5.641352E+03    1.212244E+03   -4.814815E+05
   5.641039E+03    1.212244E+03   -4.814815E+05
   5.641039E+03    1.212119E+03   -4.814815E+05
   5.641039E+03    1.211994E+03   -4.814815E+05
   5.641352E+03    1.211994E+03   -4.814815E+05
   5.641664E+03    1.211994E+03   -4.814815E+05
   5.641664E+03    1.212119E+03   -4.814815E+05
   5.641664E+03    1.212244E+03   -4.814815E+05


   5.641039E+03    1.212244E+03   -7.333829E+05
   5.640727E+03    1.212244E+03   -7.333829E+05
   5.640414E+03    1.212244E+03   -7.333829E+05
   5.640414E+03    1.212119E+03   -7.333829E+05
   5.640414E+03    1.211994E+03   -7.333829E+05
   5.640727E+03    1.211994E+03   -7.333829E+05
   5.641039E+03    1.211994E+03   -7.333829E+05
   5.641039E+03    1.212119E+03   -7.333829E+05
   5.641039E+03    1.212244E+03   -7.333829E+05


