   5.650414E+03    1.211494E+03    1.500222E+04
   5.650102E+03    1.211494E+03    1.500222E+04
   5.649789E+03    1.211494E+03    1.500222E+04
   5.649789E+03    1.211369E+03    1.500222E+04
   5.649789E+03    1.211244E+03    1.500222E+04
   5.650102E+03    1.211244E+03    1.500222E+04
   5.650414E+03    1.211244E+03    1.500222E+04
   5.650414E+03    1.211369E+03    1.500222E+04
   5.650414E+03    1.211494E+03    1.500222E+04


   5.649789E+03    1.211494E+03    4.163833E+04
   5.649477E+03    1.211494E+03    4.163833E+04
   5.649164E+03    1.211494E+03    4.163833E+04
   5.649164E+03    1.211369E+03    4.163833E+04
   5.649164E+03    1.211244E+03    4.163833E+04
   5.649477E+03    1.211244E+03    4.163833E+04
   5.649789E+03    1.211244E+03    4.163833E+04
   5.649789E+03    1.211369E+03    4.163833E+04
   5.649789E+03    1.211494E+03    4.163833E+04


   5.650414E+03    1.211744E+03    1.393432E+04
   5.650102E+03    1.211744E+03    1.393432E+04
   5.649789E+03    1.211744E+03    1.393432E+04
   5.649789E+03    1.211619E+03    1.393432E+04
   5.649789E+03    1.211494E+03    1.393432E+04
   5.650102E+03    1.211494E+03    1.393432E+04
   5.650414E+03    1.211494E+03    1.393432E+04
   5.650414E+03    1.211619E+03    1.393432E+04
   5.650414E+03    1.211744E+03    1.393432E+04


   5.649789E+03    1.211744E+03    4.567972E+04
   5.649477E+03    1.211744E+03    4.567972E+04
   5.649164E+03    1.211744E+03    4.567972E+04
   5.649164E+03    1.211619E+03    4.567972E+04
   5.649164E+03    1.211494E+03    4.567972E+04
   5.649477E+03    1.211494E+03    4.567972E+04
   5.649789E+03    1.211494E+03    4.567972E+04
   5.649789E+03    1.211619E+03    4.567972E+04
   5.649789E+03    1.211744E+03    4.567972E+04


   5.650414E+03    1.211994E+03    1.393289E+04
   5.650102E+03    1.211994E+03    1.393289E+04
   5.649789E+03    1.211994E+03    1.393289E+04
   5.649789E+03    1.211869E+03    1.393289E+04
   5.649789E+03    1.211744E+03    1.393289E+04
   5.650102E+03    1.211744E+03    1.393289E+04
   5.650414E+03    1.211744E+03    1.393289E+04
   5.650414E+03    1.211869E+03    1.393289E+04
   5.650414E+03    1.211994E+03    1.393289E+04


   5.649789E+03    1.211994E+03    4.568328E+04
   5.649477E+03    1.211994E+03    4.568328E+04
   5.649164E+03    1.211994E+03    4.568328E+04
   5.649164E+03    1.211869E+03    4.568328E+04
   5.649164E+03    1.211744E+03    4.568328E+04
   5.649477E+03    1.211744E+03    4.568328E+04
   5.649789E+03    1.211744E+03    4.568328E+04
   5.649789E+03    1.211869E+03    4.568328E+04
   5.649789E+03    1.211994E+03    4.568328E+04


   5.650414E+03    1.212244E+03    1.500002E+04
   5.650102E+03    1.212244E+03    1.500002E+04
   5.649789E+03    1.212244E+03    1.500002E+04
   5.649789E+03    1.212119E+03    1.500002E+04
   5.649789E+03    1.211994E+03    1.500002E+04
   5.650102E+03    1.211994E+03    1.500002E+04
   5.650414E+03    1.211994E+03    1.500002E+04
   5.650414E+03    1.212119E+03    1.500002E+04
   5.650414E+03    1.212244E+03    1.500002E+04


   5.649789E+03    1.212244E+03    4.162737E+04
   5.649477E+03    1.212244E+03    4.162737E+04
   5.649164E+03    1.212244E+03    4.162737E+04
   5.649164E+03    1.212119E+03    4.162737E+04
   5.649164E+03    1.211994E+03    4.162737E+04
   5.649477E+03    1.211994E+03    4.162737E+04
   5.649789E+03    1.211994E+03    4.162737E+04
   5.649789E+03    1.212119E+03    4.162737E+04
   5.649789E+03    1.212244E+03    4.162737E+04


   5.649164E+03    1.211494E+03    6.186193E+04
   5.648852E+03    1.211494E+03    6.186193E+04
   5.648539E+03    1.211494E+03    6.186193E+04
   5.648539E+03    1.211369E+03    6.186193E+04
   5.648539E+03    1.211244E+03    6.186193E+04
   5.648852E+03    1.211244E+03    6.186193E+04
   5.649164E+03    1.211244E+03    6.186193E+04
   5.649164E+03    1.211369E+03    6.186193E+04
   5.649164E+03    1.211494E+03    6.186193E+04


   5.648539E+03    1.211494E+03    7.459119E+04
   5.648227E+03    1.211494E+03    7.459119E+04
   5.647914E+03    1.211494E+03    7.459119E+04
   5.647914E+03    1.211369E+03    7.459119E+04
   5.647914E+03    1.211244E+03    7.459119E+04
   5.648227E+03    1.211244E+03    7.459119E+04
   5.648539E+03    1.211244E+03    7.459119E+04
   5.648539E+03    1.211369E+03    7.459119E+04
   5.648539E+03    1.211494E+03    7.459119E+04


   5.649164E+03    1.211744E+03    6.881284E+04
   5.648852E+03    1.211744E+03    6.881284E+04
   5.648539E+03    1.211744E+03    6.881284E+04
   5.648539E+03    1.211619E+03    6.881284E+04
   5.648539E+03    1.211494E+03    6.881284E+04
   5.648852E+03    1.211494E+03    6.881284E+04
   5.649164E+03    1.211494E+03    6.881284E+04
   5.649164E+03    1.211619E+03    6.881284E+04
   5.649164E+03    1.211744E+03    6.881284E+04


   5.648539E+03    1.211744E+03    8.339894E+04
   5.648227E+03    1.211744E+03    8.339894E+04
   5.647914E+03    1.211744E+03    8.339894E+04
   5.647914E+03    1.211619E+03    8.339894E+04
   5.647914E+03    1.211494E+03    8.339894E+04
   5.648227E+03    1.211494E+03    8.339894E+04
   5.648539E+03    1.211494E+03    8.339894E+04
   5.648539E+03    1.211619E+03    8.339894E+04
   5.648539E+03    1.211744E+03    8.339894E+04


   5.649164E+03    1.211994E+03    6.880653E+04
   5.648852E+03    1.211994E+03    6.880653E+04
   5.648539E+03    1.211994E+03    6.880653E+04
   5.648539E+03    1.211869E+03    6.880653E+04
   5.648539E+03    1.211744E+03    6.880653E+04
   5.648852E+03    1.211744E+03    6.880653E+04
   5.649164E+03    1.211744E+03    6.880653E+04
   5.649164E+03    1.211869E+03    6.880653E+04
   5.649164E+03    1.211994E+03    6.880653E+04


   5.648539E+03    1.211994E+03    8.339067E+04
   5.648227E+03    1.211994E+03    8.339067E+04
   5.647914E+03    1.211994E+03    8.339067E+04
   5.647914E+03    1.211869E+03    8.339067E+04
   5.647914E+03    1.211744E+03    8.339067E+04
   5.648227E+03    1.211744E+03    8.339067E+04
   5.648539E+03    1.211744E+03    8.339067E+04
   5.648539E+03    1.211869E+03    8.339067E+04
   5.648539E+03    1.211994E+03    8.339067E+04


   5.649164E+03    1.212244E+03    6.184305E+04
   5.648852E+03    1.212244E+03    6.184305E+04
   5.648539E+03    1.212244E+03    6.184305E+04
   5.648539E+03    1.212119E+03    6.184305E+04
   5.648539E+03    1.211994E+03    6.184305E+04
   5.648852E+03    1.211994E+03    6.184305E+04
   5.649164E+03    1.211994E+03    6.184305E+04
   5.649164E+03    1.212119E+03    6.184305E+04
   5.649164E+03    1.212244E+03    6.184305E+04


   5.648539E+03    1.212244E+03    7.457127E+04
   5.648227E+03    1.212244E+03    7.457127E+04
   5.647914E+03    1.212244E+03    7.457127E+04
   5.647914E+03    1.212119E+03    7.457127E+04
   5.647914E+03    1.211994E+03    7.457127E+04
   5.648227E+03    1.211994E+03    7.457127E+04
   5.648539E+03    1.211994E+03    7.457127E+04
   5.648539E+03    1.212119E+03    7.457127E+04
   5.648539E+03    1.212244E+03    7.457127E+04


   5.647914E+03    1.211494E+03    7.797349E+04
   5.647602E+03    1.211494E+03    7.797349E+04
   5.647289E+03    1.211494E+03    7.797349E+04
   5.647289E+03    1.211369E+03    7.797349E+04
   5.647289E+03    1.211244E+03    7.797349E+04
   5.647602E+03    1.211244E+03    7.797349E+04
   5.647914E+03    1.211244E+03    7.797349E+04
   5.647914E+03    1.211369E+03    7.797349E+04
   5.647914E+03    1.211494E+03    7.797349E+04


   5.647289E+03    1.211494E+03    7.157776E+04
   5.646977E+03    1.211494E+03    7.157776E+04
   5.646664E+03    1.211494E+03    7.157776E+04
   5.646664E+03    1.211369E+03    7.157776E+04
   5.646664E+03    1.211244E+03    7.157776E+04
   5.646977E+03    1.211244E+03    7.157776E+04
   5.647289E+03    1.211244E+03    7.157776E+04
   5.647289E+03    1.211369E+03    7.157776E+04
   5.647289E+03    1.211494E+03    7.157776E+04


   5.647914E+03    1.211744E+03    8.714805E+04
   5.647602E+03    1.211744E+03    8.714805E+04
   5.647289E+03    1.211744E+03    8.714805E+04
   5.647289E+03    1.211619E+03    8.714805E+04
   5.647289E+03    1.211494E+03    8.714805E+04
   5.647602E+03    1.211494E+03    8.714805E+04
   5.647914E+03    1.211494E+03    8.714805E+04
   5.647914E+03    1.211619E+03    8.714805E+04
   5.647914E+03    1.211744E+03    8.714805E+04


   5.647289E+03    1.211744E+03    7.810296E+04
   5.646977E+03    1.211744E+03    7.810296E+04
   5.646664E+03    1.211744E+03    7.810296E+04
   5.646664E+03    1.211619E+03    7.810296E+04
   5.646664E+03    1.211494E+03    7.810296E+04
   5.646977E+03    1.211494E+03    7.810296E+04
   5.647289E+03    1.211494E+03    7.810296E+04
   5.647289E+03    1.211619E+03    7.810296E+04
   5.647289E+03    1.211744E+03    7.810296E+04


   5.647914E+03    1.211994E+03    8.714008E+04
   5.647602E+03    1.211994E+03    8.714008E+04
   5.647289E+03    1.211994E+03    8.714008E+04
   5.647289E+03    1.211869E+03    8.714008E+04
   5.647289E+03    1.211744E+03    8.714008E+04
   5.647602E+03    1.211744E+03    8.714008E+04
   5.647914E+03    1.211744E+03    8.714008E+04
   5.647914E+03    1.211869E+03    8.714008E+04
   5.647914E+03    1.211994E+03    8.714008E+04


   5.647289E+03    1.211994E+03    7.816226E+04
   5.646977E+03    1.211994E+03    7.816226E+04
   5.646664E+03    1.211994E+03    7.816226E+04
   5.646664E+03    1.211869E+03    7.816226E+04
   5.646664E+03    1.211744E+03    7.816226E+04
   5.646977E+03    1.211744E+03    7.816226E+04
   5.647289E+03    1.211744E+03    7.816226E+04
   5.647289E+03    1.211869E+03    7.816226E+04
   5.647289E+03    1.211994E+03    7.816226E+04


   5.647914E+03    1.212244E+03    7.795722E+04
   5.647602E+03    1.212244E+03    7.795722E+04
   5.647289E+03    1.212244E+03    7.795722E+04
   5.647289E+03    1.212119E+03    7.795722E+04
   5.647289E+03    1.211994E+03    7.795722E+04
   5.647602E+03    1.211994E+03    7.795722E+04
   5.647914E+03    1.211994E+03    7.795722E+04
   5.647914E+03    1.212119E+03    7.795722E+04
   5.647914E+03    1.212244E+03    7.795722E+04


   5.647289E+03    1.212244E+03    7.156794E+04
   5.646977E+03    1.212244E+03    7.156794E+04
   5.646664E+03    1.212244E+03    7.156794E+04
   5.646664E+03    1.212119E+03    7.156794E+04
   5.646664E+03    1.211994E+03    7.156794E+04
   5.646977E+03    1.211994E+03    7.156794E+04
   5.647289E+03    1.211994E+03    7.156794E+04
   5.647289E+03    1.212119E+03    7.156794E+04
   5.647289E+03    1.212244E+03    7.156794E+04


   5.646664E+03    1.211494E+03    5.931985E+04
   5.646352E+03    1.211494E+03    5.931985E+04
   5.646039E+03    1.211494E+03    5.931985E+04
   5.646039E+03    1.211369E+03    5.931985E+04
   5.646039E+03    1.211244E+03    5.931985E+04
   5.646352E+03    1.211244E+03    5.931985E+04
   5.646664E+03    1.211244E+03    5.931985E+04
   5.646664E+03    1.211369E+03    5.931985E+04
   5.646664E+03    1.211494E+03    5.931985E+04


   5.646039E+03    1.211494E+03    6.022088E+04
   5.645727E+03    1.211494E+03    6.022088E+04
   5.645414E+03    1.211494E+03    6.022088E+04
   5.645414E+03    1.211369E+03    6.022088E+04
   5.645414E+03    1.211244E+03    6.022088E+04
   5.645727E+03    1.211244E+03    6.022088E+04
   5.646039E+03    1.211244E+03    6.022088E+04
   5.646039E+03    1.211369E+03    6.022088E+04
   5.646039E+03    1.211494E+03    6.022088E+04


   5.646664E+03    1.211744E+03    5.534125E+04
   5.646352E+03    1.211744E+03    5.534125E+04
   5.646039E+03    1.211744E+03    5.534125E+04
   5.646039E+03    1.211619E+03    5.534125E+04
   5.646039E+03    1.211494E+03    5.534125E+04
   5.646352E+03    1.211494E+03    5.534125E+04
   5.646664E+03    1.211494E+03    5.534125E+04
   5.646664E+03    1.211619E+03    5.534125E+04
   5.646664E+03    1.211744E+03    5.534125E+04


   5.646039E+03    1.211744E+03    2.345273E+04
   5.645727E+03    1.211744E+03    2.345273E+04
   5.645414E+03    1.211744E+03    2.345273E+04
   5.645414E+03    1.211619E+03    2.345273E+04
   5.645414E+03    1.211494E+03    2.345273E+04
   5.645727E+03    1.211494E+03    2.345273E+04
   5.646039E+03    1.211494E+03    2.345273E+04
   5.646039E+03    1.211619E+03    2.345273E+04
   5.646039E+03    1.211744E+03    2.345273E+04


   5.646664E+03    1.211994E+03    5.525792E+04
   5.646352E+03    1.211994E+03    5.525792E+04
   5.646039E+03    1.211994E+03    5.525792E+04
   5.646039E+03    1.211869E+03    5.525792E+04
   5.646039E+03    1.211744E+03    5.525792E+04
   5.646352E+03    1.211744E+03    5.525792E+04
   5.646664E+03    1.211744E+03    5.525792E+04
   5.646664E+03    1.211869E+03    5.525792E+04
   5.646664E+03    1.211994E+03    5.525792E+04


   5.646039E+03    1.211994E+03    2.344298E+04
   5.645727E+03    1.211994E+03    2.344298E+04
   5.645414E+03    1.211994E+03    2.344298E+04
   5.645414E+03    1.211869E+03    2.344298E+04
   5.645414E+03    1.211744E+03    2.344298E+04
   5.645727E+03    1.211744E+03    2.344298E+04
   5.646039E+03    1.211744E+03    2.344298E+04
   5.646039E+03    1.211869E+03    2.344298E+04
   5.646039E+03    1.211994E+03    2.344298E+04


   5.646664E+03    1.212244E+03    5.931564E+04
   5.646352E+03    1.212244E+03    5.931564E+04
   5.646039E+03    1.212244E+03    5.931564E+04
   5.646039E+03    1.212119E+03    5.931564E+04
   5.646039E+03    1.211994E+03    5.931564E+04
   5.646352E+03    1.211994E+03    5.931564E+04
   5.646664E+03    1.211994E+03    5.931564E+04
   5.646664E+03    1.212119E+03    5.931564E+04
   5.646664E+03    1.212244E+03    5.931564E+04


   5.646039E+03    1.212244E+03    6.020933E+04
   5.645727E+03    1.212244E+03    6.020933E+04
   5.645414E+03    1.212244E+03    6.020933E+04
   5.645414E+03    1.212119E+03    6.020933E+04
   5.645414E+03    1.211994E+03    6.020933E+04
   5.645727E+03    1.211994E+03    6.020933E+04
   5.646039E+03    1.211994E+03    6.020933E+04
   5.646039E+03    1.212119E+03    6.020933E+04
   5.646039E+03    1.212244E+03    6.020933E+04


   5.645414E+03    1.211494E+03    9.882320E+04
   5.645102E+03    1.211494E+03    9.882320E+04
   5.644789E+03    1.211494E+03    9.882320E+04
   5.644789E+03    1.211369E+03    9.882320E+04
   5.644789E+03    1.211244E+03    9.882320E+04
   5.645102E+03    1.211244E+03    9.882320E+04
   5.645414E+03    1.211244E+03    9.882320E+04
   5.645414E+03    1.211369E+03    9.882320E+04
   5.645414E+03    1.211494E+03    9.882320E+04


   5.644789E+03    1.211494E+03    1.690491E+05
   5.644477E+03    1.211494E+03    1.690491E+05
   5.644164E+03    1.211494E+03    1.690491E+05
   5.644164E+03    1.211369E+03    1.690491E+05
   5.644164E+03    1.211244E+03    1.690491E+05
   5.644477E+03    1.211244E+03    1.690491E+05
   5.644789E+03    1.211244E+03    1.690491E+05
   5.644789E+03    1.211369E+03    1.690491E+05
   5.644789E+03    1.211494E+03    1.690491E+05


   5.645414E+03    1.211744E+03    5.226561E+04
   5.645102E+03    1.211744E+03    5.226561E+04
   5.644789E+03    1.211744E+03    5.226561E+04
   5.644789E+03    1.211619E+03    5.226561E+04
   5.644789E+03    1.211494E+03    5.226561E+04
   5.645102E+03    1.211494E+03    5.226561E+04
   5.645414E+03    1.211494E+03    5.226561E+04
   5.645414E+03    1.211619E+03    5.226561E+04
   5.645414E+03    1.211744E+03    5.226561E+04


   5.644789E+03    1.211744E+03    1.269299E+05
   5.644477E+03    1.211744E+03    1.269299E+05
   5.644164E+03    1.211744E+03    1.269299E+05
   5.644164E+03    1.211619E+03    1.269299E+05
   5.644164E+03    1.211494E+03    1.269299E+05
   5.644477E+03    1.211494E+03    1.269299E+05
   5.644789E+03    1.211494E+03    1.269299E+05
   5.644789E+03    1.211619E+03    1.269299E+05
   5.644789E+03    1.211744E+03    1.269299E+05


   5.645414E+03    1.211994E+03    5.226158E+04
   5.645102E+03    1.211994E+03    5.226158E+04
   5.644789E+03    1.211994E+03    5.226158E+04
   5.644789E+03    1.211869E+03    5.226158E+04
   5.644789E+03    1.211744E+03    5.226158E+04
   5.645102E+03    1.211744E+03    5.226158E+04
   5.645414E+03    1.211744E+03    5.226158E+04
   5.645414E+03    1.211869E+03    5.226158E+04
   5.645414E+03    1.211994E+03    5.226158E+04


   5.644789E+03    1.211994E+03    1.269253E+05
   5.644477E+03    1.211994E+03    1.269253E+05
   5.644164E+03    1.211994E+03    1.269253E+05
   5.644164E+03    1.211869E+03    1.269253E+05
   5.644164E+03    1.211744E+03    1.269253E+05
   5.644477E+03    1.211744E+03    1.269253E+05
   5.644789E+03    1.211744E+03    1.269253E+05
   5.644789E+03    1.211869E+03    1.269253E+05
   5.644789E+03    1.211994E+03    1.269253E+05


   5.645414E+03    1.212244E+03    9.884727E+04
   5.645102E+03    1.212244E+03    9.884727E+04
   5.644789E+03    1.212244E+03    9.884727E+04
   5.644789E+03    1.212119E+03    9.884727E+04
   5.644789E+03    1.211994E+03    9.884727E+04
   5.645102E+03    1.211994E+03    9.884727E+04
   5.645414E+03    1.211994E+03    9.884727E+04
   5.645414E+03    1.212119E+03    9.884727E+04
   5.645414E+03    1.212244E+03    9.884727E+04


   5.644789E+03    1.212244E+03    1.689503E+05
   5.644477E+03    1.212244E+03    1.689503E+05
   5.644164E+03    1.212244E+03    1.689503E+05
   5.644164E+03    1.212119E+03    1.689503E+05
   5.644164E+03    1.211994E+03    1.689503E+05
   5.644477E+03    1.211994E+03    1.689503E+05
   5.644789E+03    1.211994E+03    1.689503E+05
   5.644789E+03    1.212119E+03    1.689503E+05
   5.644789E+03    1.212244E+03    1.689503E+05


   5.644164E+03    1.211494E+03    2.632380E+05
   5.643852E+03    1.211494E+03    2.632380E+05
   5.643539E+03    1.211494E+03    2.632380E+05
   5.643539E+03    1.211369E+03    2.632380E+05
   5.643539E+03    1.211244E+03    2.632380E+05
   5.643852E+03    1.211244E+03    2.632380E+05
   5.644164E+03    1.211244E+03    2.632380E+05
   5.644164E+03    1.211369E+03    2.632380E+05
   5.644164E+03    1.211494E+03    2.632380E+05


   5.643539E+03    1.211494E+03    3.794274E+05
   5.643227E+03    1.211494E+03    3.794274E+05
   5.642914E+03    1.211494E+03    3.794274E+05
   5.642914E+03    1.211369E+03    3.794274E+05
   5.642914E+03    1.211244E+03    3.794274E+05
   5.643227E+03    1.211244E+03    3.794274E+05
   5.643539E+03    1.211244E+03    3.794274E+05
   5.643539E+03    1.211369E+03    3.794274E+05
   5.643539E+03    1.211494E+03    3.794274E+05


   5.644164E+03    1.211744E+03    2.232791E+05
   5.643852E+03    1.211744E+03    2.232791E+05
   5.643539E+03    1.211744E+03    2.232791E+05
   5.643539E+03    1.211619E+03    2.232791E+05
   5.643539E+03    1.211494E+03    2.232791E+05
   5.643852E+03    1.211494E+03    2.232791E+05
   5.644164E+03    1.211494E+03    2.232791E+05
   5.644164E+03    1.211619E+03    2.232791E+05
   5.644164E+03    1.211744E+03    2.232791E+05


   5.643539E+03    1.211744E+03    3.404877E+05
   5.643227E+03    1.211744E+03    3.404877E+05
   5.642914E+03    1.211744E+03    3.404877E+05
   5.642914E+03    1.211619E+03    3.404877E+05
   5.642914E+03    1.211494E+03    3.404877E+05
   5.643227E+03    1.211494E+03    3.404877E+05
   5.643539E+03    1.211494E+03    3.404877E+05
   5.643539E+03    1.211619E+03    3.404877E+05
   5.643539E+03    1.211744E+03    3.404877E+05


   5.644164E+03    1.211994E+03    2.232724E+05
   5.643852E+03    1.211994E+03    2.232724E+05
   5.643539E+03    1.211994E+03    2.232724E+05
   5.643539E+03    1.211869E+03    2.232724E+05
   5.643539E+03    1.211744E+03    2.232724E+05
   5.643852E+03    1.211744E+03    2.232724E+05
   5.644164E+03    1.211744E+03    2.232724E+05
   5.644164E+03    1.211869E+03    2.232724E+05
   5.644164E+03    1.211994E+03    2.232724E+05


   5.643539E+03    1.211994E+03    3.404789E+05
   5.643227E+03    1.211994E+03    3.404789E+05
   5.642914E+03    1.211994E+03    3.404789E+05
   5.642914E+03    1.211869E+03    3.404789E+05
   5.642914E+03    1.211744E+03    3.404789E+05
   5.643227E+03    1.211744E+03    3.404789E+05
   5.643539E+03    1.211744E+03    3.404789E+05
   5.643539E+03    1.211869E+03    3.404789E+05
   5.643539E+03    1.211994E+03    3.404789E+05


   5.644164E+03    1.212244E+03    2.631795E+05
   5.643852E+03    1.212244E+03    2.631795E+05
   5.643539E+03    1.212244E+03    2.631795E+05
   5.643539E+03    1.212119E+03    2.631795E+05
   5.643539E+03    1.211994E+03    2.631795E+05
   5.643852E+03    1.211994E+03    2.631795E+05
   5.644164E+03    1.211994E+03    2.631795E+05
   5.644164E+03    1.212119E+03    2.631795E+05
   5.644164E+03    1.212244E+03    2.631795E+05


   5.643539E+03    1.212244E+03    3.792768E+05
   5.643227E+03    1.212244E+03    3.792768E+05
   5.642914E+03    1.212244E+03    3.792768E+05
   5.642914E+03    1.212119E+03    3.792768E+05
   5.642914E+03    1.211994E+03    3.792768E+05
   5.643227E+03    1.211994E+03    3.792768E+05
   5.643539E+03    1.211994E+03    3.792768E+05
   5.643539E+03    1.212119E+03    3.792768E+05
   5.643539E+03    1.212244E+03    3.792768E+05


   5.642914E+03    1.211494E+03    5.168839E+05
   5.642602E+03    1.211494E+03    5.168839E+05
   5.642289E+03    1.211494E+03    5.168839E+05
   5.642289E+03    1.211369E+03    5.168839E+05
   5.642289E+03    1.211244E+03    5.168839E+05
   5.642602E+03    1.211244E+03    5.168839E+05
   5.642914E+03    1.211244E+03    5.168839E+05
   5.642914E+03    1.211369E+03    5.168839E+05
   5.642914E+03    1.211494E+03    5.168839E+05


   5.642289E+03    1.211494E+03    6.757276E+05
   5.641977E+03    1.211494E+03    6.757276E+05
   5.641664E+03    1.211494E+03    6.757276E+05
   5.641664E+03    1.211369E+03    6.757276E+05
   5.641664E+03    1.211244E+03    6.757276E+05
   5.641977E+03    1.211244E+03    6.757276E+05
   5.642289E+03    1.211244E+03    6.757276E+05
   5.642289E+03    1.211369E+03    6.757276E+05
   5.642289E+03    1.211494E+03    6.757276E+05


   5.642914E+03    1.211744E+03    4.786783E+05
   5.642602E+03    1.211744E+03    4.786783E+05
   5.642289E+03    1.211744E+03    4.786783E+05
   5.642289E+03    1.211619E+03    4.786783E+05
   5.642289E+03    1.211494E+03    4.786783E+05
   5.642602E+03    1.211494E+03    4.786783E+05
   5.642914E+03    1.211494E+03    4.786783E+05
   5.642914E+03    1.211619E+03    4.786783E+05
   5.642914E+03    1.211744E+03    4.786783E+05


   5.642289E+03    1.211744E+03    6.380015E+05
   5.641977E+03    1.211744E+03    6.380015E+05
   5.641664E+03    1.211744E+03    6.380015E+05
   5.641664E+03    1.211619E+03    6.380015E+05
   5.641664E+03    1.211494E+03    6.380015E+05
   5.641977E+03    1.211494E+03    6.380015E+05
   5.642289E+03    1.211494E+03    6.380015E+05
   5.642289E+03    1.211619E+03    6.380015E+05
   5.642289E+03    1.211744E+03    6.380015E+05


   5.642914E+03    1.211994E+03    4.786691E+05
   5.642602E+03    1.211994E+03    4.786691E+05
   5.642289E+03    1.211994E+03    4.786691E+05
   5.642289E+03    1.211869E+03    4.786691E+05
   5.642289E+03    1.211744E+03    4.786691E+05
   5.642602E+03    1.211744E+03    4.786691E+05
   5.642914E+03    1.211744E+03    4.786691E+05
   5.642914E+03    1.211869E+03    4.786691E+05
   5.642914E+03    1.211994E+03    4.786691E+05


   5.642289E+03    1.211994E+03    6.379951E+05
   5.641977E+03    1.211994E+03    6.379951E+05
   5.641664E+03    1.211994E+03    6.379951E+05
   5.641664E+03    1.211869E+03    6.379951E+05
   5.641664E+03    1.211744E+03    6.379951E+05
   5.641977E+03    1.211744E+03    6.379951E+05
   5.642289E+03    1.211744E+03    6.379951E+05
   5.642289E+03    1.211869E+03    6.379951E+05
   5.642289E+03    1.211994E+03    6.379951E+05


   5.642914E+03    1.212244E+03    5.168020E+05
   5.642602E+03    1.212244E+03    5.168020E+05
   5.642289E+03    1.212244E+03    5.168020E+05
   5.642289E+03    1.212119E+03    5.168020E+05
   5.642289E+03    1.211994E+03    5.168020E+05
   5.642602E+03    1.211994E+03    5.168020E+05
   5.642914E+03    1.211994E+03    5.168020E+05
   5.642914E+03    1.212119E+03    5.168020E+05
   5.642914E+03    1.212244E+03    5.168020E+05


   5.642289E+03    1.212244E+03    6.754496E+05
   5.641977E+03    1.212244E+03    6.754496E+05
   5.641664E+03    1.212244E+03    6.754496E+05
   5.641664E+03    1.212119E+03    6.754496E+05
   5.641664E+03    1.211994E+03    6.754496E+05
   5.641977E+03    1.211994E+03    6.754496E+05
   5.642289E+03    1.211994E+03    6.754496E+05
   5.642289E+03    1.212119E+03    6.754496E+05
   5.642289E+03    1.212244E+03    6.754496E+05


   5.641664E+03    1.211494E+03    8.502303E+05
   5.641352E+03    1.211494E+03    8.502303E+05
   5.641039E+03    1.211494E+03    8.502303E+05
   5.641039E+03    1.211369E+03    8.502303E+05
   5.641039E+03    1.211244E+03    8.502303E+05
   5.641352E+03    1.211244E+03    8.502303E+05
   5.641664E+03    1.211244E+03    8.502303E+05
   5.641664E+03    1.211369E+03    8.502303E+05
   5.641664E+03    1.211494E+03    8.502303E+05


   5.641039E+03    1.211494E+03    1.283450E+06
   5.640727E+03    1.211494E+03    1.283450E+06
   5.640414E+03    1.211494E+03    1.283450E+06
   5.640414E+03    1.211369E+03    1.283450E+06
   5.640414E+03    1.211244E+03    1.283450E+06
   5.640727E+03    1.211244E+03    1.283450E+06
   5.641039E+03    1.211244E+03    1.283450E+06
   5.641039E+03    1.211369E+03    1.283450E+06
   5.641039E+03    1.211494E+03    1.283450E+06


   5.641664E+03    1.211744E+03    8.128098E+05
   5.641352E+03    1.211744E+03    8.128098E+05
   5.641039E+03    1.211744E+03    8.128098E+05
   5.641039E+03    1.211619E+03    8.128098E+05
   5.641039E+03    1.211494E+03    8.128098E+05
   5.641352E+03    1.211494E+03    8.128098E+05
   5.641664E+03    1.211494E+03    8.128098E+05
   5.641664E+03    1.211619E+03    8.128098E+05
   5.641664E+03    1.211744E+03    8.128098E+05


   5.641039E+03    1.211744E+03    1.249003E+06
   5.640727E+03    1.211744E+03    1.249003E+06
   5.640414E+03    1.211744E+03    1.249003E+06
   5.640414E+03    1.211619E+03    1.249003E+06
   5.640414E+03    1.211494E+03    1.249003E+06
   5.640727E+03    1.211494E+03    1.249003E+06
   5.641039E+03    1.211494E+03    1.249003E+06
   5.641039E+03    1.211619E+03    1.249003E+06
   5.641039E+03    1.211744E+03    1.249003E+06


   5.641664E+03    1.211994E+03    8.128087E+05
   5.641352E+03    1.211994E+03    8.128087E+05
   5.641039E+03    1.211994E+03    8.128087E+05
   5.641039E+03    1.211869E+03    8.128087E+05
   5.641039E+03    1.211744E+03    8.128087E+05
   5.641352E+03    1.211744E+03    8.128087E+05
   5.641664E+03    1.211744E+03    8.128087E+05
   5.641664E+03    1.211869E+03    8.128087E+05
   5.641664E+03    1.211994E+03    8.128087E+05


   5.641039E+03    1.211994E+03    1.249014E+06
   5.640727E+03    1.211994E+03    1.249014E+06
   5.640414E+03    1.211994E+03    1.249014E+06
   5.640414E+03    1.211869E+03    1.249014E+06
   5.640414E+03    1.211744E+03    1.249014E+06
   5.640727E+03    1.211744E+03    1.249014E+06
   5.641039E+03    1.211744E+03    1.249014E+06
   5.641039E+03    1.211869E+03    1.249014E+06
   5.641039E+03    1.211994E+03    1.249014E+06


   5.641664E+03    1.212244E+03    8.505249E+05
   5.641352E+03    1.212244E+03    8.505249E+05
   5.641039E+03    1.212244E+03    8.505249E+05
   5.641039E+03    1.212119E+03    8.505249E+05
   5.641039E+03    1.211994E+03    8.505249E+05
   5.641352E+03    1.211994E+03    8.505249E+05
   5.641664E+03    1.211994E+03    8.505249E+05
   5.641664E+03    1.212119E+03    8.505249E+05
   5.641664E+03    1.212244E+03    8.505249E+05


   5.641039E+03    1.212244E+03    1.283434E+06
   5.640727E+03    1.212244E+03    1.283434E+06
   5.640414E+03    1.212244E+03    1.283434E+06
   5.640414E+03    1.212119E+03    1.283434E+06
   5.640414E+03    1.211994E+03    1.283434E+06
   5.640727E+03    1.211994E+03    1.283434E+06
   5.641039E+03    1.211994E+03    1.283434E+06
   5.641039E+03    1.212119E+03    1.283434E+06
   5.641039E+03    1.212244E+03    1.283434E+06


